-0.433708   -0.481878   0.489187
-0.26765   -0.328031   -0.48768
-0.424558   -0.327434   -0.329368
-0.275805   -0.486491   -0.341834
-0.106938   0.497791   0.489174
0.0492876   -0.327807   0.494795
-0.0948928   -0.345421   -0.320027
0.060271   -0.486454   -0.308233
0.225459   -0.493218   -0.490611
0.373047   -0.327016   0.46838
0.24676   -0.331841   -0.338649
0.395805   -0.489772   -0.334116
-0.426399   -0.18582   -0.498986
-0.271228   0.0101595   -0.490213
-0.430162   0.00925874   -0.335202
-0.2689   -0.153706   -0.342241
-0.11267   -0.164875   0.492419
0.0672475   0.00831034   -0.494127
-0.105689   -0.00778673   -0.332732
0.0678989   -0.165672   -0.343205
0.235838   -0.158059   -0.498302
0.396563   0.0106258   -0.499709
0.231584   -0.00374749   -0.328306
0.408666   -0.169205   -0.35156
-0.43321   0.180328   0.48757
-0.261362   0.331631   0.493937
-0.425506   0.337145   -0.346474
-0.261123   0.150774   -0.324473
-0.0921957   0.168442   0.479463
0.069331   0.34329   0.497575
-0.107413   0.332943   -0.343139
0.0576365   0.173348   -0.311583
0.223297   0.166831   -0.494404
0.389503   0.339881   -0.487053
0.226703   0.348821   -0.331383
0.38158   0.176164   -0.338032
-0.439771   -0.493368   -0.169292
-0.261145   -0.346118   -0.167217
-0.428379   -0.317179   -0.00774327
-0.273182   0.498923   -0.00951329
-0.118231   0.498075   -0.173958
0.0598949   -0.313395   -0.175973
-0.107942   -0.334013   -0.0175302
0.0751264   -0.490721   -0.00711048
0.246546   -0.486758   -0.171786
0.406021   -0.327271   -0.162248
0.22871   -0.330737   -0.0107614
0.402924   0.4859   -0.00744171
-0.443991   -0.158482   -0.16647
-0.275543   -0.00157862   -0.157948
-0.434386   0.0111964   -0.0039736
-0.271163   -0.166534   -0.0067378
-0.097771   -0.147291   -0.171702
0.0662682   -0.00406351   -0.168465
-0.104637   -0.00190801   -0.00533789
0.0555166   -0.164367   0.00476457
0.23663   -0.161949   -0.167
0.391756   -0.000769662   -0.184617
0.239025   -0.00151715   0.0108841
0.403232   -0.165128   0.00114563
-0.439664   0.182421   -0.170593
-0.267067   0.330102   -0.17207
-0.42301   0.328209   -0.000773348
-0.256032   0.173206   -0.0216539
-0.0919279   0.161879   -0.164774
0.0918649   0.341169   -0.160486
-0.0987034   0.347379   -0.0220187
0.0873319   0.155468   0.00418546
0.238335   0.146316   -0.151549
0.404903   0.33332   -0.184375
0.243032   0.335344   -0.0101919
0.406055   0.166674   -0.0112958
-0.441877   -0.489469   0.154219
-0.269425   -0.341583   0.159743
-0.441377   -0.346871   0.323075
-0.260265   0.494894   0.316523
-0.0885627   0.479516   0.159953
0.0354437   -0.330263   0.157499
-0.114933   -0.323213   0.33228
0.0690141   -0.497994   0.336719
0.232538   0.480971   0.170326
0.401046   -0.308603   0.166187
0.210387   -0.312668   0.323874
0.390281   -0.493285   0.330557
-0.430622   -0.142029   0.153276
-0.263264   0.0139612   0.157716
-0.438936   0.00616437   0.341954
-0.281014   -0.151211   0.335306
-0.112999   -0.163443   0.173619
0.0513925   0.00351575   0.159495
-0.113802   0.0139077   0.340705
0.0450039   -0.161241   0.339719
0.230537   -0.163584   0.152729
0.399074   0.0111913   0.165245
0.228273   -0.0175356   0.322866
0.41688   -0.168898   0.322986
-0.423421   0.171756   0.154392
-0.271187   0.339128   0.156027
-0.451284   0.327604   0.336969
-0.274216   0.172711   0.337246
-0.0838138   0.182776   0.160058
0.0779958   0.343047   0.167825
-0.0934329   0.33192   0.338589
0.0741491   0.156591   0.329026
0.232541   0.169704   0.16661
0.395962   0.326643   0.157667
0.217584   0.336621   0.339914
0.370653   0.186345   0.346573
