 -0.5000000     -0.5000000     -0.5000000    
 -0.3333333     -0.3333333     -0.5000000    
 -0.5000000     -0.3333333     -0.3333333    
 -0.3333333     -0.5000000     -0.3333333    
 -0.1666667     -0.5000000     -0.5000000    
  0.0000000E+00 -0.3333333     -0.5000000    
 -0.1666667     -0.3333333     -0.3333333    
  0.0000000E+00 -0.5000000     -0.3333333    
  0.1666667     -0.5000000     -0.5000000    
  0.3333334     -0.3333333     -0.5000000    
  0.1666667     -0.3333333     -0.3333333    
  0.3333334     -0.5000000     -0.3333333    
 -0.5000000     -0.1666667     -0.5000000    
 -0.3333333      0.0000000E+00 -0.5000000    
 -0.5000000      0.0000000E+00 -0.3333333    
 -0.3333333     -0.1666667     -0.3333333    
 -0.1666667     -0.1666667     -0.5000000    
  0.0000000E+00  0.0000000E+00 -0.5000000    
 -0.1666667      0.0000000E+00 -0.3333333    
  0.0000000E+00 -0.1666667     -0.3333333    
  0.1666667     -0.1666667     -0.5000000    
  0.3333334      0.0000000E+00 -0.5000000    
  0.1666667      0.0000000E+00 -0.3333333    
  0.3333334     -0.1666667     -0.3333333    
 -0.5000000      0.1666667     -0.5000000    
 -0.3333333      0.3333334     -0.5000000    
 -0.5000000      0.3333334     -0.3333333    
 -0.3333333      0.1666667     -0.3333333    
 -0.1666667      0.1666667     -0.5000000    
  0.0000000E+00  0.3333334     -0.5000000    
 -0.1666667      0.3333334     -0.3333333    
  0.0000000E+00  0.1666667     -0.3333333    
  0.1666667      0.1666667     -0.5000000    
  0.3333334      0.3333334     -0.5000000    
  0.1666667      0.3333334     -0.3333333    
  0.3333334      0.1666667     -0.3333333    
 -0.5000000     -0.5000000     -0.1666667    
 -0.3333333     -0.3333333     -0.1666667    
 -0.5000000     -0.3333333      0.0000000E+00
 -0.3333333     -0.5000000      0.0000000E+00
 -0.1666667     -0.5000000     -0.1666667    
  0.0000000E+00 -0.3333333     -0.1666667    
 -0.1666667     -0.3333333      0.0000000E+00
  0.0000000E+00 -0.5000000      0.0000000E+00
  0.1666667     -0.5000000     -0.1666667    
  0.3333334     -0.3333333     -0.1666667    
  0.1666667     -0.3333333      0.0000000E+00
  0.3333334     -0.5000000      0.0000000E+00
 -0.5000000     -0.1666667     -0.1666667    
 -0.3333333      0.0000000E+00 -0.1666667    
 -0.5000000      0.0000000E+00  0.0000000E+00
 -0.3333333     -0.1666667      0.0000000E+00
 -0.1666667     -0.1666667     -0.1666667    
  0.0000000E+00  0.0000000E+00 -0.1666667    
 -0.1666667      0.0000000E+00  0.0000000E+00
  0.0000000E+00 -0.1666667      0.0000000E+00
  0.1666667     -0.1666667     -0.1666667    
  0.3333334      0.0000000E+00 -0.1666667    
  0.1666667      0.0000000E+00  0.0000000E+00
  0.3333334     -0.1666667      0.0000000E+00
 -0.5000000      0.1666667     -0.1666667    
 -0.3333333      0.3333334     -0.1666667    
 -0.5000000      0.3333334      0.0000000E+00
 -0.3333333      0.1666667      0.0000000E+00
 -0.1666667      0.1666667     -0.1666667    
  0.0000000E+00  0.3333334     -0.1666667    
 -0.1666667      0.3333334      0.0000000E+00
  0.0000000E+00  0.1666667      0.0000000E+00
  0.1666667      0.1666667     -0.1666667    
  0.3333334      0.3333334     -0.1666667    
  0.1666667      0.3333334      0.0000000E+00
  0.3333334      0.1666667      0.0000000E+00
 -0.5000000     -0.5000000      0.1666667    
 -0.3333333     -0.3333333      0.1666667    
 -0.5000000     -0.3333333      0.3333334    
 -0.3333333     -0.5000000      0.3333334    
 -0.1666667     -0.5000000      0.1666667    
  0.0000000E+00 -0.3333333      0.1666667    
 -0.1666667     -0.3333333      0.3333334    
  0.0000000E+00 -0.5000000      0.3333334    
  0.1666667     -0.5000000      0.1666667    
  0.3333334     -0.3333333      0.1666667    
  0.1666667     -0.3333333      0.3333334    
  0.3333334     -0.5000000      0.3333334    
 -0.5000000     -0.1666667      0.1666667    
 -0.3333333      0.0000000E+00  0.1666667    
 -0.5000000      0.0000000E+00  0.3333334    
 -0.3333333     -0.1666667      0.3333334    
 -0.1666667     -0.1666667      0.1666667    
  0.0000000E+00  0.0000000E+00  0.1666667    
 -0.1666667      0.0000000E+00  0.3333334    
  0.0000000E+00 -0.1666667      0.3333334    
  0.1666667     -0.1666667      0.1666667    
  0.3333334      0.0000000E+00  0.1666667    
  0.1666667      0.0000000E+00  0.3333334    
  0.3333334     -0.1666667      0.3333334    
 -0.5000000      0.1666667      0.1666667    
 -0.3333333      0.3333334      0.1666667    
 -0.5000000      0.3333334      0.3333334    
 -0.3333333      0.1666667      0.3333334    
 -0.1666667      0.1666667      0.1666667    
  0.0000000E+00  0.3333334      0.1666667    
 -0.1666667      0.3333334      0.3333334    
  0.0000000E+00  0.1666667      0.3333334    
  0.1666667      0.1666667      0.1666667    
  0.3333334      0.3333334      0.1666667    
  0.1666667      0.3333334      0.3333334    
  0.3333334      0.1666667      0.3333334    
