           1     7.62915     7.62915           0
           2     7.56523     7.59719   0.0319614
           3     7.60582     7.60007   0.0186756
           4     7.55863     7.58971   0.0167833
           5     7.80468      7.6327   0.0449175
           6     7.60851     7.62867   0.0368959
           7     7.70488     7.63956   0.0330288
           8     7.54786      7.6281    0.030815
           9     7.58392     7.62319   0.0276159
          10     7.58907     7.61978    0.024935
          11     7.62037     7.61983   0.0225546
          12     7.65867     7.62307   0.0208423
          13     7.57076     7.61904   0.0195898
          14     7.56829     7.61542   0.0184954
          15     7.62995     7.61639   0.0172455
          16      7.6051     7.61568   0.0161471
          17     7.62197     7.61605   0.0151721
          18     7.67105     7.61911   0.0146271
          19     7.62895     7.61962   0.0138455
          20     7.52621     7.61495   0.0139408
          21     7.71457      7.6197   0.0140832
          22      7.6433     7.62077   0.0134706
          23     7.53661     7.61711   0.0133816
          24     7.68863     7.62009   0.0131539
          25     7.71051     7.62371   0.0131249
          26      7.7163     7.62727   0.0131032
          27     7.50292     7.62266   0.0134233
          28     7.64002     7.62328   0.0129499
          29     7.59946     7.62246   0.0125224
          30     7.63508     7.62288   0.0121051
          31     7.63302     7.62321   0.0117126
          32     7.50571     7.61954   0.0119203
          33     7.44998      7.6144   0.0126445
          34     7.58191     7.61344   0.0123041
          35     7.68736     7.61556   0.0121326
          36     7.65993     7.61679   0.0118551
          37     7.52917     7.61442   0.0117709
          38      7.6306     7.61485   0.0114648
          39     7.55399     7.61329   0.0112755
          40      7.4767     7.60987   0.0115082
          41     7.55743     7.60859   0.0112967
          42      7.5579     7.60739   0.0110903
          43     7.51266     7.60518   0.0110511
          44     7.51173     7.60306   0.0110039
          45     7.67967     7.60476   0.0108905
          46     7.60752     7.60482   0.0106513
          47     7.69096     7.60665   0.0105821
          48     7.67935     7.60817   0.0104694
          49     7.61319     7.60827    0.010254
          50     7.52568     7.60662   0.0101818
