   0.0323165           0           0
   0.0969496           0           0
    0.161583           0           0
    0.226216           0           0
    0.290849           0           0
    0.355482           0           0
    0.420115           0           0
    0.484748           0           0
    0.549381           0           0
    0.614014           0           0
    0.678647           0           0
     0.74328           0           0
    0.807913           0           0
    0.872546 0.000718419 0.000173973
    0.937179    0.144537    0.007995
     1.00181     1.04189   0.0501895
     1.06645     1.99265   0.0904295
     1.13108     2.21596    0.104241
     1.19571     2.03576   0.0914322
     1.26034     1.77338   0.0708482
     1.32498     1.57943   0.0648548
     1.38961     1.41057   0.0584537
     1.45424     1.31317   0.0509444
     1.51888      1.2142   0.0458609
     1.58351     1.16183   0.0432652
     1.64814     1.14395   0.0417733
     1.71278     1.09254   0.0409006
     1.77741     1.05651   0.0336626
     1.84204     1.04198   0.0318553
     1.90667     1.03734    0.028069
     1.97131     1.03953   0.0270089
     2.03594     1.03734   0.0249165
     2.10057     1.04117   0.0224636
     2.16521     1.03908   0.0243386
     2.22984     1.03669   0.0210022
     2.29447     1.03745   0.0188796
     2.35911     1.03053   0.0197519
     2.42374     1.03281   0.0150767
     2.48837      1.0258   0.0156094
     2.55301     1.02774   0.0146867
     2.61764     1.02169   0.0134595
     2.68227     1.02505   0.0133947
      2.7469     1.02707    0.014607
     2.81154     1.02794   0.0131682
     2.87617     1.02288   0.0106348
      2.9408     1.01356   0.0092851
     3.00544     1.01509    0.011204
     3.07007     1.01498   0.0106153
      3.1347      1.0156   0.0105797
     3.19934     1.00925   0.0109433
     3.26397     1.00779   0.0117667
      3.3286     1.00249   0.0114982
     3.39323    0.996089   0.0111395
     3.45787     1.00014    0.013202
      3.5225     0.99691   0.0108228
     3.58713    0.993859   0.0111926
     3.65177    0.993113   0.0115034
      3.7164     1.00069   0.0127017
     3.78103    0.994479   0.0133908
     3.84567      0.9966   0.0134172
      3.9103    0.994901   0.0135423
     3.97493    0.999526   0.0129126
     4.03957    0.991914    0.012334
      4.1042    0.994785   0.0129719
     4.16883    0.992668   0.0115632
     4.23346    0.996826   0.0115711
      4.2981    0.999709   0.0118236
     4.36273     1.00428   0.0120088
     4.42736     1.00243   0.0119239
       4.492      1.0004   0.0120612
     4.55663    0.997515   0.0110349
     4.62126     1.00067  0.00976549
      4.6859    0.999777  0.00911563
     4.75053    0.999552  0.00843412
     4.81516     0.99709  0.00788644
     4.87979    0.996434   0.0070099
     4.94443    0.998725  0.00686471
     5.00906    0.996712  0.00503352
     5.07369    0.997899  0.00471897
     5.13833     0.99926  0.00703719
     5.20296     1.00298  0.00807433
     5.26759    0.999697   0.0085027
     5.33223    0.997852  0.00890646
     5.39686    0.998672  0.00771103
     5.46149    0.996515  0.00629062
     5.52612    0.999931   0.0051468
     5.59076     1.00021  0.00525605
     5.65539     1.00061  0.00460721
     5.72002    0.996283  0.00469444
     5.78466    0.995595  0.00470501
     5.84929    0.996499  0.00389975
     5.91392    0.994119  0.00365149
     5.97856    0.996377  0.00335518
     6.04319    0.990038  0.00320895
     6.10782    0.990821  0.00326614
     6.17246    0.991096  0.00348199
     6.23709    0.989278  0.00358814
     6.30172    0.989548  0.00291979
     6.36635    0.988331  0.00332407
     6.43099    0.989316   0.0036618
