           1    -7.53991    -7.53991           0
           2    -7.55208      -7.546  0.00608378
           3    -7.54477    -7.54559  0.00353617
           4    -7.55315    -7.54748  0.00313435
           5    -7.50816    -7.53961  0.00822962
           6    -7.54393    -7.54033  0.00675783
           7     -7.5272    -7.53846  0.00601171
           8    -7.55541    -7.54058  0.00562121
           9    -7.54842    -7.54145  0.00503344
          10    -7.54699      -7.542  0.00453608
          11    -7.54137    -7.54195  0.00410345
          12    -7.53352    -7.54124  0.00381108
          13    -7.55039    -7.54195  0.00357556
          14    -7.55112     -7.5426  0.00337458
          15    -7.53921    -7.54238  0.00314972
          16    -7.54431     -7.5425  0.00294877
          17    -7.54108    -7.54241  0.00277113
          18    -7.53254    -7.54187  0.00266956
          19    -7.54014    -7.54177  0.00252677
          20    -7.55945    -7.54266   0.0025549
          21    -7.52471     -7.5418   0.0025761
          22    -7.53719    -7.54159  0.00246516
          23     -7.5564    -7.54224  0.00244191
          24    -7.52896    -7.54168  0.00240254
          25    -7.52551    -7.54104  0.00239356
          26     -7.5243    -7.54039  0.00238811
          27    -7.56265    -7.54122  0.00244128
          28    -7.53769    -7.54109  0.00235586
          29    -7.54495    -7.54122  0.00227707
          30    -7.53947    -7.54117  0.00220063
          31    -7.53972    -7.54112  0.00212897
          32    -7.56253    -7.54179  0.00216722
          33    -7.57311    -7.54274  0.00230502
          34    -7.54915    -7.54293  0.00224413
          35    -7.53022    -7.54256  0.00220912
          36    -7.53456    -7.54234  0.00215836
          37    -7.55745    -7.54275  0.00213858
          38    -7.53914    -7.54265  0.00208371
          39    -7.55342    -7.54293  0.00204826
          40    -7.56848    -7.54357  0.00209609
          41    -7.55281    -7.54379  0.00205672
          42    -7.55293    -7.54401  0.00201889
          43    -7.56141    -7.54442  0.00201246
          44     -7.5612     -7.5448  0.00200283
          45    -7.53046    -7.54448  0.00198359
          46    -7.54489    -7.54449  0.00194001
          47    -7.52876    -7.54415  0.00192755
          48    -7.53115    -7.54388  0.00190631
          49    -7.54243    -7.54385  0.00186724
          50     -7.5579    -7.54413  0.00185097
