           1   0.0492084   0.0492084           0
           2   0.0496071   0.0494077 0.000199355
           3   0.0488479   0.0492211 0.000219238
           4   0.0490155   0.0491697 0.000163322
           5   0.0495104   0.0492378 0.000143688
           6   0.0493124   0.0492503 0.000117976
           7   0.0490951   0.0492281 0.000102143
           8   0.0491915   0.0492235 8.85765e-05
           9   0.0485681   0.0491507 0.000106794
          10    0.049277   0.0491633 9.63514e-05
          11   0.0483534   0.0490897 0.000114094
          12   0.0489178   0.0490754 0.000105134
          13   0.0495633   0.0491129 0.000103738
          14   0.0491553   0.0491159 9.60903e-05
          15   0.0489217    0.049103 9.03872e-05
          16   0.0488231   0.0490855 8.63396e-05
          17   0.0487286   0.0490645 8.37747e-05
          18   0.0486688   0.0490425 8.19864e-05
          19   0.0490387   0.0490423 7.75516e-05
          20    0.049096    0.049045 7.36208e-05
          21   0.0486951   0.0490283 7.19824e-05
          22   0.0488178   0.0490188 6.92965e-05
          23    0.049341   0.0490328 6.76807e-05
          24   0.0491864   0.0490392 6.51148e-05
          25   0.0488609   0.0490321 6.28619e-05
          26   0.0492787   0.0490415 6.11363e-05
          27   0.0483493   0.0490159 6.41728e-05
          28   0.0484418   0.0489954 6.51492e-05
          29   0.0488439   0.0489902 6.30793e-05
          30   0.0493294   0.0490015 6.19808e-05
          31   0.0484412   0.0489834 6.26131e-05
          32   0.0497799   0.0490083 6.55361e-05
          33   0.0490065   0.0490082 6.35191e-05
          34   0.0496139   0.0490261 6.41458e-05
          35   0.0484695   0.0490102 6.42836e-05
          36   0.0489187   0.0490076  6.2524e-05
          37   0.0489223   0.0490053 6.08544e-05
          38   0.0491154   0.0490082 5.93021e-05
          39   0.0492551   0.0490145 5.81073e-05
          40   0.0490711    0.049016 5.66537e-05
          41   0.0490565   0.0490169 5.52635e-05
          42    0.049092   0.0490187 5.39612e-05
          43   0.0490533   0.0490195 5.26975e-05
          44   0.0489366   0.0490177 5.15204e-05
          45   0.0489299   0.0490157 5.04002e-05
          46   0.0487227   0.0490093 4.97022e-05
          47   0.0488098   0.0490051 4.88182e-05
          48   0.0488345   0.0490015 4.79222e-05
          49   0.0485883   0.0489931 4.76855e-05
          50   0.0494939   0.0490031 4.77838e-05
