           1     1.09605     1.09605           0
           2     1.46232     1.27918    0.183137
           3     1.48151     1.34663    0.125412
           4     1.65891      1.4247    0.118149
           5     1.37805     1.41537   0.0919924
           6     1.43793     1.41913   0.0752056
           7     1.53721       1.436   0.0657605
           8     1.31425     1.42078   0.0589486
           9     1.28999     1.40625   0.0539807
          10     1.47332     1.41295   0.0487455
          11      1.3506     1.40728   0.0444548
          12     1.27908      1.3966   0.0419643
          13      1.3946     1.39645   0.0386019
          14       1.392     1.39613   0.0357398
          15     1.41862     1.39763   0.0333057
          16     1.34527     1.39436    0.031326
          17     1.42376     1.39609   0.0294765
          18     1.51432     1.40265   0.0285564
          19     1.37497      1.4012    0.027051
          20     1.30714     1.39649   0.0260902
          21     1.31599     1.39266   0.0251111
          22     1.27967     1.38753   0.0244872
          23     1.30576     1.38397   0.0236668
          24     1.35047     1.38257   0.0227022
          25       1.421     1.38411   0.0218294
          26     1.51898      1.3893    0.021605
          27     1.29216      1.3857   0.0210984
          28      1.3421     1.38414   0.0203904
          29     1.28133      1.3806   0.0199916
          30     1.36685     1.38014   0.0193192
          31     1.33017     1.37853    0.018755
          32      1.3935       1.379   0.0181654
          33     1.27744     1.37592   0.0178733
          34     1.45972     1.37838   0.0175139
          35     1.38322     1.37852   0.0170067
          36     1.47173     1.38111   0.0167291
          37     1.27668     1.37829   0.0165137
          38     1.41696     1.37931   0.0161055
          39     1.30087     1.37729   0.0158155
          40     1.52252     1.38093   0.0158368
          41     1.46758     1.38304   0.0155896
          42     1.47647     1.38526   0.0153757
          43     1.37989     1.38514   0.0150144
          44     1.25484     1.38218   0.0149651
          45     1.55892      1.3861   0.0151469
          46     1.34326     1.38517   0.0148432
          47     1.24322     1.38215   0.0148347
          48     1.41475     1.38283   0.0145382
          49     1.23977     1.37991   0.0145347
          50      1.3792      1.3799    0.014241
