           1   -0.411202   -0.411202           0
           2   -0.402777   -0.406989  0.00421236
           3   -0.417455   -0.410478  0.00425273
           4    -0.41771   -0.412286  0.00350874
           5   -0.411827   -0.412194  0.00271941
           6   -0.418732   -0.413284  0.00247335
           7   -0.416885   -0.413798  0.00215273
           8   -0.414718   -0.413913  0.00186787
           9   -0.416146   -0.414161  0.00166589
          10   -0.413351    -0.41408  0.00149221
          11   -0.415052   -0.414169  0.00135264
          12   -0.420927   -0.414732  0.00135718
          13   -0.404575   -0.413951  0.00147273
          14   -0.409579   -0.413638  0.00139879
          15   -0.410096   -0.413402  0.00132344
          16   -0.411529   -0.413285  0.00124349
          17   -0.420134   -0.413688  0.00123557
          18   -0.413643   -0.413685  0.00116491
          19   -0.411755   -0.413584  0.00110657
          20   -0.410194   -0.413414  0.00106338
          21   -0.412483    -0.41337  0.00101245
          22   -0.412804   -0.413344 0.000965677
          23   -0.413152   -0.413336 0.000922774
          24     -0.4217   -0.413684 0.000949744
          25   -0.410487   -0.413557 0.000919895
          26   -0.415883   -0.413646 0.000888326
          27     -0.4163   -0.413744 0.000860427
          28   -0.407248   -0.413512 0.000860976
          29   -0.418556   -0.413686 0.000848768
          30   -0.409649   -0.413552 0.000830956
          31   -0.409039   -0.413406 0.000816783
          32   -0.415114   -0.413459 0.000792645
          33   -0.409857    -0.41335 0.000775967
          34   -0.414875   -0.413395 0.000754132
          35   -0.411438   -0.413339   0.0007344
          36   -0.417729   -0.413461 0.000724051
          37   -0.411495   -0.413408 0.000706213
          38   -0.412782   -0.413392 0.000687575
          39   -0.418437   -0.413521 0.000682091
          40   -0.410814   -0.413453 0.000668255
          41   -0.421039   -0.413638 0.000677505
          42   -0.406583    -0.41347 0.000682183
          43   -0.414657   -0.413498 0.000666701
          44   -0.414897    -0.41353 0.000652148
          45   -0.415614   -0.413576 0.000639172
          46   -0.413186   -0.413568  0.00062518
          47   -0.408724   -0.413464 0.000620355
          48   -0.413159   -0.413458 0.000607327
          49   -0.420277   -0.413597 0.000610867
          50   -0.417907   -0.413683   0.0006047
