           1    -5.51511    -5.51511           0
           2    -5.43868    -5.47689    0.038216
           3    -5.45126    -5.46835   0.0236608
           4    -5.41377     -5.4547     0.02159
           5    -5.47697    -5.45916   0.0173063
           6    -5.45499    -5.45846   0.0141476
           7      -5.429    -5.45425   0.0126761
           8    -5.48314    -5.45786   0.0115564
           9    -5.48768    -5.46118   0.0107167
          10    -5.44094    -5.45915  0.00979671
          11     -5.4768    -5.46076  0.00900551
          12    -5.48792    -5.46302  0.00852675
          13    -5.45834    -5.46266  0.00785174
          14    -5.46935    -5.46314  0.00728498
          15    -5.45723    -5.46274  0.00679338
          16    -5.47042    -5.46322  0.00637273
          17    -5.45264     -5.4626  0.00601844
          18    -5.43997    -5.46134  0.00581182
          19    -5.46242     -5.4614  0.00549772
          20    -5.47729     -5.4622  0.00527575
          21    -5.48202    -5.46314  0.00510628
          22    -5.49146    -5.46443   0.0050359
          23    -5.48205    -5.46519   0.0048726
          24    -5.48196    -5.46589  0.00471717
          25    -5.45261    -5.46536  0.00455561
          26    -5.45275    -5.46488  0.00440367
          27    -5.48533    -5.46563   0.0043046
          28    -5.49003     -5.4665  0.00423856
          29    -5.48916    -5.46729  0.00416376
          30    -5.46931    -5.46735  0.00402314
          31    -5.47187     -5.4675  0.00389393
          32    -5.46264    -5.46735  0.00377333
          33    -5.48695    -5.46794  0.00370511
          34    -5.44226    -5.46719    0.003673
          35    -5.46828    -5.46722  0.00356665
          36    -5.45636    -5.46692  0.00347926
          37    -5.48913    -5.46752  0.00343677
          38    -5.46102    -5.46734  0.00334948
          39    -5.47686    -5.46759  0.00327157
          40    -5.44007     -5.4669  0.00326208
          41     -5.4511    -5.46652  0.00320479
          42     -5.4472    -5.46606  0.00316119
          43    -5.46845    -5.46611   0.0030873
          44    -5.48912    -5.46663  0.00306131
          45    -5.43427    -5.46591  0.00307774
          46    -5.47099    -5.46603  0.00301211
          47    -5.49061    -5.46655  0.00299339
          48    -5.45701    -5.46635  0.00293709
          49    -5.50491    -5.46714  0.00298223
          50    -5.46581    -5.46711   0.0029221
