   0.0115332           0           0
   0.0345996           0           0
   0.0576661           0           0
   0.0807325           0           0
    0.103799           0           0
    0.126865           0           0
    0.149932           0           0
    0.172998           0           0
    0.196065           0           0
    0.219131           0           0
    0.242198           0           0
    0.265264           0           0
     0.28833           0           0
    0.311397           0           0
    0.334463           0           0
     0.35753           0           0
    0.380596           0           0
    0.403663           0           0
    0.426729           0           0
    0.449795           0           0
    0.472862           0           0
    0.495928           0           0
    0.518995           0           0
    0.542061           0           0
    0.565128           0           0
    0.588194           0           0
     0.61126           0           0
    0.634327           0           0
    0.657393           0           0
     0.68046           0           0
    0.703526           0           0
    0.726593           0           0
    0.749659           0           0
    0.772725           0           0
    0.795792           0           0
    0.818858           0           0
    0.841925           0           0
    0.864991           0           0
    0.888058 5.89124e-05 2.40509e-05
    0.911124   0.0036029 0.000264296
     0.93419   0.0478675  0.00081769
    0.957257    0.289883  0.00381059
    0.980323    0.999268  0.00882493
     1.00339     2.23821  0.00927084
     1.02646     3.62339  0.00939119
     1.04952     4.60633  0.00739272
     1.07259     4.90676   0.0117765
     1.09566     4.50617   0.0140289
     1.11872      3.6664   0.0113554
     1.14179     2.70086  0.00583556
     1.16485      1.8206  0.00400083
     1.18792     1.13145  0.00371345
     1.21099    0.648206   0.0037966
     1.23405    0.348378  0.00390277
     1.25712    0.178561  0.00325237
     1.28019    0.085504  0.00245346
     1.30325   0.0485184  0.00140945
     1.32632   0.0412098  0.00183784
     1.34939    0.059359  0.00180092
     1.37245    0.104975  0.00215373
     1.39552     0.18378  0.00241028
     1.41859    0.299398  0.00211751
     1.44165    0.452673  0.00278139
     1.46472    0.628792  0.00216598
     1.48778    0.800334  0.00311972
     1.51085    0.923659  0.00423478
     1.53392    0.972621   0.0050311
     1.55698    0.926621  0.00436234
     1.58005    0.807851  0.00318925
     1.60312    0.641524  0.00246118
     1.62618    0.464956  0.00189688
     1.64925     0.31722  0.00222301
     1.67232    0.218387  0.00308007
     1.69538    0.191683  0.00354247
     1.71845    0.253641  0.00407551
     1.74152    0.430371  0.00528245
     1.76458    0.745055   0.0048136
     1.78765     1.19014  0.00443389
     1.81071     1.72314  0.00411059
     1.83378     2.23771  0.00404006
     1.85685     2.60761  0.00858096
     1.87991     2.72967  0.00909238
     1.90298      2.5618   0.0103402
     1.92605     2.18542  0.00692694
     1.94911      1.6909  0.00262177
     1.97218     1.19606  0.00281966
     1.99525    0.795919  0.00392072
     2.01831    0.538415   0.0059947
     2.04138    0.428066  0.00569852
     2.06445    0.456751  0.00437508
     2.08751    0.582704  0.00312409
     2.11058     0.75847   0.0021787
     2.13364    0.919455  0.00155414
     2.15671     1.02043  0.00345687
     2.17978     1.03153  0.00404165
     2.20284    0.922259  0.00216096
     2.22591    0.781518  0.00112615
     2.24898    0.651284  0.00215119
     2.27204    0.569522  0.00408504
     2.29511    0.570682  0.00493458
