   0.0128248           0           0
   0.0384745           0           0
   0.0641241           0           0
   0.0897737           0           0
    0.115423           0           0
    0.141073           0           0
    0.166723           0           0
    0.192372           0           0
    0.218022           0           0
    0.243672           0           0
    0.269321           0           0
    0.294971           0           0
     0.32062           0           0
     0.34627           0           0
     0.37192           0           0
    0.397569           0           0
    0.423219           0           0
    0.448869           0           0
    0.474518           0           0
    0.500168           0           0
    0.525818           0           0
    0.551467           0           0
    0.577117           0           0
    0.602767           0           0
    0.628416           0           0
    0.654066           0           0
    0.679715           0           0
    0.705365           0           0
    0.731015           0           0
    0.756664           0           0
    0.782314           0           0
    0.807964           0           0
    0.833613           0           0
    0.859263 2.91784e-05 2.91784e-05
    0.884913  0.00141226 0.000154181
    0.910562   0.0242253 0.000770153
    0.936212    0.164379  0.00285184
    0.961861    0.554347  0.00800194
    0.987511     1.20402   0.0109958
     1.01316      1.8629   0.0149857
     1.03881     2.33571    0.013726
     1.06446     2.55852  0.00623582
     1.09011     2.54417  0.00566759
     1.11576     2.40174  0.00530307
     1.14141     2.20722  0.00738134
     1.16706     1.97528     0.01052
     1.19271     1.75564    0.010936
     1.21836     1.56057   0.0121519
     1.24401     1.38919    0.010799
     1.26966     1.24831  0.00894802
     1.29531      1.1301  0.00790923
     1.32096     1.01883  0.00595963
     1.34661    0.936712  0.00368489
     1.37226    0.869805   0.0037369
     1.39791     0.81825  0.00260371
     1.42355    0.768597  0.00236254
      1.4492    0.733578  0.00388431
     1.47485    0.714284  0.00233251
      1.5005    0.693872  0.00410548
     1.52615    0.678512  0.00439202
      1.5518    0.674805  0.00437732
     1.57745    0.670321  0.00453972
      1.6031    0.674405  0.00272133
     1.62875    0.686464  0.00362265
      1.6544    0.701091  0.00361517
     1.68005    0.723454  0.00508898
      1.7057    0.748648  0.00444951
     1.73135    0.781724  0.00382773
       1.757    0.816063  0.00414652
     1.78265    0.852967  0.00393977
      1.8083    0.893691  0.00422818
     1.83395    0.933755  0.00327202
      1.8596    0.974663  0.00407214
     1.88525     1.02048  0.00304713
      1.9109     1.05464  0.00427993
     1.93655     1.09533   0.0025823
      1.9622     1.13247  0.00392976
     1.98785     1.16405  0.00268517
      2.0135     1.18676  0.00230524
     2.03915     1.20538  0.00406453
      2.0648     1.21283  0.00360098
     2.09045     1.21413  0.00526474
      2.1161     1.20581  0.00359494
     2.14174     1.19502  0.00380606
     2.16739     1.17739  0.00377227
     2.19304     1.14906  0.00270409
     2.21869      1.1248  0.00439266
     2.24434     1.09676  0.00335355
     2.26999     1.06665  0.00315769
     2.29564     1.03596  0.00421607
     2.32129     1.00948   0.0030717
     2.34694    0.985309  0.00324269
     2.37259    0.963148  0.00310218
     2.39824    0.945247  0.00357359
     2.42389    0.930021  0.00214964
     2.44954     0.91694  0.00239603
     2.47519    0.905355  0.00187055
     2.50084    0.893897  0.00197376
     2.52649    0.888055  0.00259942
     2.55214    0.888242  0.00219034
