-0.2486   0.231404   -0.272377
-0.294593   -0.307193   -0.253161
0.442887   0.00740625   -0.0266966
0.314185   0.275564   -0.445577
0.432774   0.0878132   -0.0400212
-0.232103   0.174507   -0.0239283
0.269151   -0.0834185   -0.226868
-0.224819   0.17967   -0.189662
0.0960725   -0.0823201   -0.44054
0.376576   0.0994535   -0.284118
0.35476   -0.0226002   -0.13388
0.48141   0.127203   -0.120202
-0.492083   0.106155   -0.0111263
0.187235   -0.45214   -0.459902
-0.399114   0.162656   -0.342888
0.38567   0.0411106   0.0833915
-0.329852   0.150863   -0.142077
0.329473   0.0505191   -0.187116
0.352821   -0.0276691   -0.0465263
-0.32208   -0.0319538   -0.114831
-0.309129   0.226392   0.448912
-0.335588   0.169054   -0.0510223
-0.488577   0.194778   -0.125083
-0.210421   -0.111038   -0.451797
-0.233947   0.0518223   -0.0819012
-0.381986   -0.0776321   0.426495
-0.377055   0.0925968   -0.210103
-0.260917   0.184693   -0.106201
0.416596   0.127595   -0.345353
0.270674   -0.0231851   -0.0787682
-0.342327   0.101075   -0.280454
-0.496722   0.0157067   -0.112226
0.248832   0.196045   -0.248877
-0.474363   -0.281276   0.42875
-0.369616   0.186507   -0.234312
-0.419993   0.0298987   -0.162266
0.236294   -0.125013   -0.130262
-0.436251   0.299554   -0.155148
-0.389391   0.321556   -0.0964989
0.406464   0.049871   -0.111447
-0.295061   0.125467   -0.218135
-0.423194   0.0961238   0.168879
-0.440376   -0.000469042   -0.274775
0.313154   0.00293337   0.0195976
0.281092   -0.0663373   0.0666903
-0.15499   0.00215431   0.0719333
-0.139569   -0.279905   0.249375
0.311602   -0.206884   -0.135931
0.129172   -0.336475   0.0794458
-0.246249   0.284729   -0.11762
0.118587   -0.0117104   -0.112718
-0.42133   0.0926608   -0.282905
-0.240801   0.104535   -0.151002
-0.235317   -0.02487   -0.200437
-0.243685   0.0655354   -0.255201
-0.47928   0.059083   -0.222834
-0.069062   0.145425   -0.210345
0.17449   0.027978   -0.0673638
0.405088   -0.063598   0.0372007
0.104895   -0.376873   0.00912713
0.327139   -0.094007   -0.0048054
0.221917   -0.445931   -0.289027
0.219463   0.470531   -0.310832
-0.17489   0.121305   -0.239201
-0.0340272   -0.329894   0.105699
0.0885916   -0.443313   -0.418728
-0.333899   0.21013   -0.307733
0.202107   0.22072   -0.308841
-0.411137   0.157899   -0.101058
-0.302582   0.230978   -0.213137
-0.346794   0.0819044   -0.0981569
-0.190956   0.271805   -0.19082
0.307112   0.373908   0.499438
-0.415257   0.237343   -0.0845035
-0.443713   0.0787277   -0.0831732
-0.248655   -0.0580742   -0.116579
0.202797   -0.0475276   -0.104168
0.301767   -0.237434   0.00875424
-0.186192   0.150636   -0.114936
0.270877   -0.0285027   -0.163588
0.307261   -0.133549   -0.0781043
-0.155242   0.213799   -0.0343147
0.22926   -0.294714   0.124739
0.0708018   -0.00454331   0.0325928
-0.300596   0.0390694   -0.162536
-0.432378   0.26756   -0.366268
0.0104075   -0.0214667   -0.398295
-0.093099   0.161961   -0.0210353
0.101259   0.400736   -0.369763
-0.401974   0.215752   -0.168625
-0.118573   0.0127069   -0.187898
-0.330135   0.282611   -0.039842
0.428179   0.0791575   -0.198293
0.395595   0.137911   -0.128702
0.280407   0.264717   -0.237331
0.180704   -0.363725   0.161395
0.0490188   0.285992   -0.405443
0.211867   -0.0241305   -0.0181214
-0.334374   0.239591   -0.118407
0.497636   -0.0715214   0.356104
0.237218   0.00899454   0.0578703
0.209054   -0.157987   -0.0441003
0.458494   0.122732   -0.266165
0.405905   -0.23506   0.143933
-0.432628   0.143819   -0.179417
-0.206949   -0.286545   -0.253656
0.439472   -0.459603   0.262252
-0.0398997   0.241479   -0.37806
