-0.499396   0.303441   0.408703
-0.499974   0.271443   -0.115075
-0.499586   -0.207371   -0.105858
0.499859   -0.0838647   -0.11254
-0.498926   0.398685   -0.447933
0.499125   0.301329   -0.441727
-0.49957   0.145726   -0.305092
0.499898   -0.116642   -0.251362
0.497866   0.374981   -0.244266
-0.49996   -0.0118958   -0.442218
-0.498912   0.463576   -0.290146
-0.499796   0.377066   -0.347663
0.494089   0.169497   -0.200222
-0.4996   -0.0305334   -0.368007
-0.494911   -0.377397   -0.180101
0.496539   0.138569   -0.000338603
-0.491943   0.229659   0.0381511
-0.480237   -0.0380113   0.100543
-0.427721   0.242968   0.424411
-0.303449   -0.0947772   -0.379246
0.489729   0.177077   -0.125195
-0.495608   0.358731   -0.127266
0.145121   0.418268   -0.375697
-0.258898   -0.032298   -0.324712
-0.219261   0.11491   -0.271199
0.452141   0.287863   -0.208035
-0.241623   -0.138195   0.297731
-0.260153   0.0429291   -0.247763
0.107349   0.324849   -0.348452
-0.331713   -0.33381   0.00911021
0.0316831   -0.453432   0.340829
0.369235   0.350824   -0.250766
0.187593   0.256973   -0.386848
0.279268   -0.26257   -0.357577
-0.275604   0.452027   0.0359049
0.170124   -0.0356933   0.348483
-0.0145181   0.422068   0.443527
0.170663   -0.0879807   0.429104
-0.210829   0.276209   -0.479063
0.352758   -0.219047   -0.403724
-0.0355248   0.0308693   -0.479722
-0.189876   -0.0527175   -0.312038
-0.469594   0.182458   0.127995
-0.49872   -0.143403   -0.0146745
-0.0816576   0.300277   0.0396218
0.0946004   0.236329   -0.361931
-0.159136   -0.12411   -0.340113
-0.282372   -0.318126   -0.287834
-0.411941   -0.125291   -0.392901
0.110408   -0.00904535   0.0753355
0.222469   -0.433695   0.438293
-0.148528   0.0779242   -0.453982
0.0220118   -0.0899532   0.441626
-0.339012   -0.34078   -0.48961
0.286891   -0.27546   -0.0156917
-0.271087   0.472069   -0.145305
-0.00116687   0.367925   0.140218
-0.216463   -0.224194   -0.280906
-0.0917028   0.125208   -0.18071
-0.145698   -0.0712581   0.315512
0.223053   -0.0637066   0.033813
-0.236699   -0.174804   -0.35695
-0.172688   -0.326844   0.375795
0.223456   0.402506   -0.399806
-0.213379   0.212327   -0.06763
0.45221   -0.138103   0.324792
0.0878957   0.440526   -0.247037
-0.235567   -0.280065   -0.362035
-0.147202   -0.335188   -0.321908
-0.340719   -0.385406   -0.264572
0.251317   0.226881   -0.494223
-0.338524   -0.256621   -0.248939
0.477241   -0.161258   0.413171
0.370334   0.114133   -0.429595
0.104932   -0.0790784   -0.0531381
-0.0505593   -0.185536   -0.0581791
0.358968   0.121481   0.247619
-0.203373   -0.335471   0.446942
0.306109   0.393773   0.138765
-0.192217   0.140994   0.483829
0.035464   -0.363038   0.422924
0.0571363   -0.277499   0.368508
-0.0529219   0.0970595   0.29048
0.152188   0.335866   -0.420615
-0.143487   -0.168815   -0.270578
0.114751   -0.203709   0.247987
-0.292139   -0.322007   -0.191092
0.418954   0.162394   -0.346456
-0.41137   0.226283   -0.351591
0.178024   -0.0177199   -0.0212129
-0.489658   0.29109   0.146918
0.131681   0.371267   -0.262196
-0.201594   -0.00409938   0.327836
0.207972   0.368302   -0.312029
-0.103032   -0.211511   -0.177434
0.0879222   0.0875177   0.0421602
-0.138206   -0.266226   -0.259349
0.344259   0.266473   0.392686
-0.320235   -0.255095   -0.358422
0.206341   -0.334908   0.165438
-0.266185   -0.171435   -0.441552
-0.383642   0.048024   -0.0936805
0.325673   -0.414067   0.231622
0.00712964   -0.435326   -0.424853
0.323752   0.326375   -0.363457
0.224729   -0.262956   0.0646798
-0.254818   -0.201759   0.443584
-0.0237926   -0.0127169   0.00100506
