0.793271
0.770445
0.732688
0.681657
0.619519
0.549364
0.475208
0.401784
0.33416
0.277106
0.234349
0.207901
0.197782
0.202139
0.217749
0.240718
0.267118
0.293482
0.317096
0.336085
0.349423
0.356856
0.358745
0.355925
0.349591
0.341138
0.332052
0.323805
0.31776
0.315109
0.316769
0.323349
0.335017
0.351471
0.371895
0.394992
0.419177
0.44268
0.46384
0.48125
0.493911
0.501256
0.50324
0.500229
0.492994
0.482585
0.470148
0.456828
0.44365
0.431347
0.420387
0.410982
0.403159
0.396833
0.3919
0.388327
0.386129
0.385406
0.386283
0.388823
0.39297
0.398528
0.405119
0.412228
0.419248
0.425622
0.430934
0.43495
0.437589
0.438917
0.439073
0.438192
0.436445
0.433981
0.430959
0.427526
0.423889
0.420237
0.416732
0.413583
0.410977
0.409026
0.407868
0.407572
0.408184
0.409589
0.41149
0.41337
0.414607
0.41455
0.412668
0.408665
0.402604
0.394912
0.386299
0.377722
0.37013
0.364314
0.360779
0.359647
0.360726
0.36357
0.367557
0.371995
0.376218
0.379616
0.381698
0.382113
0.380786
0.377904
0.373952
0.369667
0.365977
0.363862
0.364211
0.367686
0.374553
0.384688
0.397569
0.412375
0.428098
0.443656
0.458037
0.470307
0.479772
0.485941
0.488516
0.487479
0.483047
0.475618
0.465818
0.454413
0.442314
0.430476
0.419847
0.411289
0.405426
0.402568
0.402505
0.404502
0.407538
0.410551
0.412778
0.413752
0.413315
0.411559
0.408631
0.404725
0.400067
0.394891
0.389496
0.384233
0.379496
0.375688
0.373181
0.372306
0.373329
0.376423
0.381594
0.388554
0.396648
0.404885
0.412139
0.417409
0.420034
0.419822
0.417088
0.412531
0.406994
0.401276
0.395937
0.391259
0.387384
0.384408
0.382557
0.382204
0.383759
0.387494
0.393385
0.401161
0.410336
0.420256
0.430259
0.439667
0.447812
0.454174
0.458284
0.459833
0.458716
0.455026
0.44907
0.441373
0.432619
0.423571
0.415064
0.407885
0.40264
0.399691
0.399078
0.400554
0.403633
0.407667
0.411997
0.416084
0.419498
0.421977
0.423393
0.423773
0.423233
0.421939
0.420149
0.418076
0.415824
0.413423
0.41079
0.407869
0.404654
0.401203
0.397666
0.394233
0.391067
0.388304
0.386054
0.3844
0.38339
0.383093
0.383588
0.384929
0.387165
0.390301
0.394184
0.39854
0.402977
0.406967
0.409979
0.411597
0.41156
0.409869
0.406785
0.40274
0.398269
0.39382
0.389752
0.386256
0.383352
0.380968
0.379042
0.377582
0.376657
0.376395
0.376905
0.378236
0.380328
0.383005
0.38608
0.389368
0.392758
0.396279
0.400068
0.404245
0.408888
0.414004
0.419541
0.425436
0.431668
0.438177
0.44484
0.451441
0.45764
0.46301
0.467154
0.469716
0.470452
0.469299
0.466303
0.461635
0.45555
0.448309
0.440146
0.431284
0.422005
0.412614
0.403462
0.394954
0.387568
0.381793
0.378084
0.376742
0.377821
0.381044
0.385793
0.391148
0.396079
0.39959
0.400936
0.399769
0.396216
0.390893
0.384812
0.379228
0.375389
0.374317
0.376617
0.382381
0.391242
0.402432
0.414901
0.427483
0.439025
0.44853
0.455209
0.458557
0.458318
0.454504
0.44732
0.437191
0.424756
0.410895
0.396658
0.383235
0.371779
0.36329
0.358465
0.357524
0.360223
0.366015
0.374127
0.383723
0.394004
0.404242
0.413771
0.421972
0.428317
0.432487
0.43441
0.434256
0.432414
0.429398
0.425733
0.421929
0.418421
0.415509
0.413377
0.412107
0.41169
0.412053
0.413121
0.414791
0.416953
0.419463
0.422112
0.424633
0.426718
0.428024
0.428322
0.427517
0.425665
0.422888
0.419339
0.415065
0.410044
0.404245
0.397706
0.390627
0.383379
0.37656
0.370891
0.367076
0.36566
0.366901
0.370705
0.376705
0.384315
0.392873
0.401733
0.410324
0.418164
0.424859
0.430066
0.433544
0.435143
0.434807
0.432593
0.42866
0.423343
0.417119
0.410585
0.404455
0.399489
0.396326
0.395377
0.396738
0.400083
0.40476
0.409961
0.414908
0.419005
0.421887
0.42351
0.424022
0.42371
0.422899
0.421861
0.420773
0.419749
0.418733
0.41753
0.415901
0.413582
0.410312
0.405972
0.400684
0.3949
0.38935
0.385021
0.383007
0.384125
0.388719
0.396498
0.406575
0.417704
0.428594
0.438192
0.44576
0.450891
0.453491
0.453625
0.451485
0.447335
0.441456
0.434115
0.425605
0.416186
0.406187
0.39599
0.386059
0.376989
0.369445
0.364124
0.361686
0.362591
0.366954
0.374439
0.384257
0.395245
0.40608
0.415526
0.422586
0.426699
0.427781
0.426184
0.422606
0.418009
0.413336
0.409362
0.406545
0.405074
0.404956
0.406162
0.408637
0.412215
0.416421
0.420411
0.423098
0.423532
0.42113
0.415815
0.408012
0.398621
0.388806
0.379872
0.373023
0.369102
0.368496
0.371142
0.376608
0.384231
0.393212
0.402794
0.412214
0.420815
0.428075
0.433669
0.437495
0.439668
0.440462
0.440277
0.439492
0.43844
0.437343
0.436374
0.435624
0.435076
0.434675
0.434266
0.433621
0.432561
0.430921
0.428646
0.425812
0.422506
0.418866
0.415094
0.411426
0.408188
0.405689
0.404208
0.403886
0.404574
0.405909
0.407338
0.408318
0.408433
0.407442
0.405263
0.401971
0.397688
0.392589
0.386932
0.381019
0.375212
0.369957
0.365723
0.362959
0.361968
0.36288
0.365594
0.369806
0.375047
0.380801
0.386544
0.391845
0.396358
0.399887
0.402411
0.40406
0.40511
0.405876
0.406671
0.40764
0.408739
0.409808
0.410643
0.41107
0.411047
0.410606
0.409845
0.408882
0.407872
0.407034
0.406667
0.407087
0.408534
0.411115
0.414671
0.418772
0.422849
0.426364
0.429039
0.430941
0.432479
0.43411
0.436123
0.438534
0.441099
0.443414
0.444998
0.445404
0.44431
0.441473
0.436925
0.430963
0.424255
0.417754
0.412488
0.409198
0.408136
0.409013
0.41112
0.413564
0.415456
0.416131
0.415205
0.41256
0.408321
0.402806
0.396529
0.390116
0.384303
0.379798
0.377183
0.376745
0.378391
0.381696
0.386072
0.39093
0.395731
0.400114
0.403846
0.406866
0.40924
0.411116
0.412712
0.414206
0.415678
0.417066
0.418235
0.419054
0.419378
0.419171
0.4185
0.417422
0.416022
0.414289
0.412207
0.409796
0.407142
0.404496
0.402161
0.400511
0.39988
0.400518
0.402427
0.405478
0.409316
0.413568
0.417857
0.421848
0.425266
0.427852
0.429423
0.429757
0.428749
0.426379
0.422797
0.418309
0.413388
0.40857
0.404349
0.401059
0.398834
0.39763
0.397259
0.397456
0.398028
0.398876
0.400076
0.401794
0.404242
0.407525
0.411579
0.416134
0.420864
0.425485
0.429789
0.433614
0.436835
0.439307
0.440914
0.441484
0.440877
0.438893
0.435323
0.429999
0.422858
0.413982
0.403698
0.392556
0.381367
0.371027
0.362471
0.356423
0.353261
0.352904
0.354856
0.358395
0.362712
0.367166
0.371376
0.375188
0.378591
0.381504
0.383716
0.384957
0.385079
0.384232
0.382909
0.381882
0.382032
0.384118
0.388634
0.395698
0.405043
0.41613
0.428203
0.440437
0.45206
0.462403
0.47093
0.477218
0.480982
0.482025
0.480202
0.475449
0.467837
0.457648
0.445396
0.431827
0.417931
0.404827
0.393627
0.385281
0.380359
0.379038
0.38113
0.386085
0.3931
0.40125
0.409511
0.416901
0.422562
0.42591
0.42669
0.425013
0.421281
0.416104
0.410162
0.404093
0.398519
0.393986
0.390979
0.38987
0.390795
0.393583
0.397638
0.402071
0.405957
0.408578
0.409546
0.408936
0.40717
0.404857
0.402605
0.40085
0.399787
0.399304
0.399086
0.398743
0.39799
0.39677
0.395308
0.394067
0.393576
0.394341
0.396642
0.40045
0.405395
0.410816
0.415886
0.419791
0.421872
0.421757
0.419408
0.415167
0.409667
0.403686
0.398001
0.393257
0.389877
0.388066
0.387902
0.389385
0.392496
0.397245
0.403555
0.411211
0.419783
0.428592
0.436843
0.44372
0.448542
0.45084
0.450387
0.447213
0.441554
0.433827
0.424638
0.414758
0.405042
0.396416
0.389719
0.385562
0.38418
0.385383
0.388586
0.392953
0.397496
0.40128
0.403511
0.40371
0.401791
0.398051
0.393101
0.38772
0.382751
0.378955
0.376937
0.377079
0.379584
0.384403
0.39122
0.399529
0.408672
0.417927
0.426559
0.43393
0.439545
0.443096
0.444492
0.443828
0.441372
0.437558
0.432867
0.427746
0.422506
0.417288
0.412072
0.406704
0.401033
0.395081
0.388998
0.383125
0.377933
0.373916
0.371547
0.371136
0.372789
0.376382
0.381624
0.388046
0.395129
0.402458
0.409758
0.416892
0.423846
0.430624
0.437106
0.442932
0.447545
0.450333
0.450796
0.4487
0.444151
0.437552
0.429447
0.420481
0.411305
0.402523
0.394575
0.387772
0.382347
0.37843
0.37606
0.375252
0.375915
0.377931
0.381107
0.385157
0.389702
0.39431
0.398504
0.401884
0.4041
0.405027
0.404822
0.403909
0.402862
0.402342
0.402972
0.405212
0.409281
0.415105
0.422238
0.430004
0.437683
0.444602
0.450317
0.454551
0.457203
0.458212
0.457563
0.455233
0.451252
0.445691
0.438772
0.430841
0.422375
0.413905
0.405815
0.398377
0.391649
0.385536
0.379863
0.374451
0.369243
0.364307
0.359825
0.356058
0.353288
0.351772
0.351715
0.353184
0.356209
0.360723
0.366614
0.373714
0.381789
0.390509
0.399487
0.408296
0.416477
0.423676
0.429663
0.434349
0.437718
0.439844
0.440818
0.440767
0.439867
0.438439
0.43702
0.436233
0.436715
0.438816
0.442479
0.447188
0.452047
0.456024
0.45822
0.457976
0.455077
0.449765
0.442659
0.434585
0.426457
0.419105
0.413131
0.408758
0.405814
0.403785
0.40197
0.399649
0.396309
0.391846
0.386673
0.381593
0.377558
0.375403
0.375568
0.377994
0.382224
0.38758
0.393384
0.399034
0.40414
0.408478
0.411933
0.414473
0.416053
0.416575
0.415938
0.414101
0.411165
0.407438
0.403356
0.399437
0.396177
0.393937
0.392835
0.392764
0.39346
0.394605
0.395949
0.397364
0.398893
0.400664
0.402834
0.405533
0.408766
0.412393
0.416157
0.419765
0.422919
0.425402
0.42708
0.427938
0.427996
0.427353
0.426159
0.424632
0.375918
0.376377
0.378533
0.382442
0.38789
0.394354
0.401103
0.407342
0.412358
0.415619
0.416788
0.415699
0.412321
0.406751
0.399157
0.38988
0.379466
0.368664
0.358484
0.350075
0.344496
0.342438
0.34402
0.348784
0.355802
0.363933
0.372031
0.379166
0.384686
0.388228
0.389703
0.389301
0.387395
0.384559
0.381349
0.378319
0.375931
0.374507
0.37424
0.375169
0.377244
0.38031
0.384126
0.388366
0.392697
0.396791
0.40042
0.403414
0.405689
0.407144
0.407701
0.407301
0.405922
0.40366
0.40071
0.397352
0.393894
0.390598
0.387652
0.385236
0.383463
0.382408
0.382118
0.382541
0.383482
0.384651
0.385677
0.386208
0.385975
0.384842
0.38278
0.379937
0.376615
0.373189
0.370051
0.367498
0.365672
0.364613
0.364236
0.364387
0.364965
0.365974
0.367448
0.369444
0.372044
0.375251
0.378981
0.38307
0.387332
0.391543
0.395525
0.399142
0.402304
0.404961
0.407002
0.408317
0.408776
0.408258
0.406703
0.404155
0.400776
0.396843
0.392684
0.388579
0.384787
0.381527
0.378957
0.377176
0.376212
0.37599
0.376322
0.376953
0.377601
0.378027
0.378137
0.378035
0.377937
0.37809
0.378766
0.38017
0.382386
0.385356
0.388872
0.392583
0.396055
0.398759
0.400169
0.399844
0.397503
0.39317
0.387203
0.380241
0.373116
0.366669
0.361592
0.358363
0.357139
0.357804
0.360116
0.363738
0.368328
0.373571
0.379106
0.384511
0.389311
0.392998
0.395114
0.395367
0.393657
0.390171
0.385393
0.380043
0.374928
0.37082
0.368414
0.36815
0.370196
0.374451
0.380556
0.387915
0.395816
0.403523
0.410387
0.415867
0.419551
0.421151
0.420517
0.41764
0.412676
0.405946
0.397908
0.389166
0.380341
0.372046
0.364824
0.359149
0.355438
0.353983
0.354971
0.358439
0.364221
0.371861
0.380704
0.38991
0.398558
0.405741
0.410734
0.413076
0.412599
0.409431
0.403919
0.396645
0.388248
0.379414
0.370764
0.362901
0.356381
0.351701
0.349269
0.349319
0.351818
0.356379
0.362307
0.368758
0.374991
0.380463
0.384931
0.388423
0.391123
0.393276
0.395092
0.396666
0.397971
0.398849
0.399076
0.39842
0.396705
0.393938
0.390333
0.386298
0.382412
0.379386
0.377906
0.378529
0.38155
0.386922
0.394162
0.402514
0.411044
0.418806
0.424908
0.428656
0.429559
0.42739
0.422154
0.414112
0.403801
0.391985
0.379593
0.3676
0.3569
0.348205
0.342015
0.338566
0.337888
0.339846
0.344147
0.350373
0.357977
0.366339
0.374871
0.382993
0.3902
0.396104
0.400433
0.403007
0.403757
0.402698
0.39997
0.395819
0.390659
0.384973
0.379344
0.374382
0.370648
0.368614
0.36855
0.370559
0.374554
0.380231
0.387043
0.394283
0.401123
0.406768
0.410545
0.412013
0.411044
0.407821
0.402771
0.396454
0.389506
0.382551
0.37617
0.370841
0.366908
0.364603
0.364045
0.365219
0.368019
0.372208
0.377417
0.383144
0.388759
0.393619
0.397202
0.399131
0.399303
0.397863
0.395126
0.391503
0.387428
0.383266
0.379234
0.375422
0.371823
0.368419
0.365258
0.362569
0.360836
0.360733
0.362953
0.367953
0.375746
0.38575
0.396965
0.408126
0.417952
0.425387
0.429755
0.430757
0.428509
0.423481
0.416355
0.407937
0.399126
0.390757
0.38356
0.378034
0.374445
0.3727
0.372435
0.373076
0.373956
0.374529
0.374443
0.373636
0.372268
0.370666
0.369207
0.368222
0.367963
0.368592
0.370163
0.37257
0.375603
0.378992
0.382394
0.385491
0.388015
0.389842
0.390858
0.39109
0.390618
0.389568
0.388117
0.386491
0.384893
0.383547
0.382647
0.382294
0.382517
0.383192
0.384073
0.384837
0.385143
0.384737
0.383471
0.38141
0.378838
0.376185
0.373964
0.372652
0.372556
0.373795
0.376267
0.379654
0.383514
0.387317
0.390562
0.392831
0.393881
0.393662
0.392343
0.390283
0.387916
0.385649
0.383754
0.382301
0.38119
0.38022
0.379232
0.378211
0.377296
0.376809
0.377115
0.378502
0.381083
0.38479
0.389421
0.394641
0.40003
0.405076
0.409164
0.411747
0.412431
0.411123
0.408019
0.403584
0.398405
0.39306
0.388021
0.383605
0.379939
0.377015
0.374818
0.373302
0.372446
0.372259
0.372746
0.373938
0.375861
0.378484
0.381779
0.385617
0.389663
0.393485
0.396558
0.398384
0.398616
0.397085
0.393863
0.389244
0.383716
0.377862
0.372362
0.367868
0.36495
0.364042
0.365337
0.368719
0.373832
0.380035
0.386521
0.392508
0.397371
0.40069
0.402327
0.402386
0.401173
0.399053
0.396403
0.393527
0.390566
0.3875
0.384173
0.380357
0.3759
0.370784
0.365234
0.359702
0.354845
0.351361
0.34987
0.350746
0.35409
0.359716
0.367226
0.375979
0.385183
0.393965
0.401408
0.406736
0.409423
0.409334
0.406673
0.402022
0.396211
0.39017
0.384775
0.380751
0.378554
0.378297
0.379848
0.382877
0.386883
0.391365
0.395804
0.399752
0.402921
0.405116
0.406284
0.406504
0.405932
0.404813
0.403419
0.401925
0.400461
0.399012
0.397485
0.395733
0.393533
0.390676
0.387027
0.382523
0.37717
0.371097
0.364547
0.357846
0.351403
0.345639
0.341044
0.338151
0.337467
0.33942
0.3443
0.352177
0.3628
0.375667
0.389948
0.404605
0.418493
0.430461
0.439486
0.444737
0.445617
0.441904
0.433795
0.421939
0.407419
0.391547
0.375749
0.361315
0.349257
0.340212
0.334479
0.332062
0.332781
0.336284
0.342059
0.349475
0.357839
0.366382
0.374468
0.381653
0.387727
0.392755
0.39699
0.400764
0.404356
0.407909
0.411378
0.414505
0.416937
0.418252
0.418054
0.416083
0.412275
0.406877
0.400418
0.393669
0.387539
0.382936
0.380583
0.380875
0.383854
0.389168
0.396121
0.403854
0.411395
0.41784
0.422425
0.424554
0.423809
0.419995
0.413193
0.403746
0.392215
0.379308
0.365796
0.352443
0.339989
0.329114
0.320421
0.314471
0.311699
0.312365
0.316509
0.323937
0.334166
0.346537
0.360255
0.374381
0.387989
0.400208
0.410324
0.417832
0.422426
0.424025
0.42279
0.419042
0.413238
0.405889
0.39756
0.38886
0.380445
0.372973
0.367097
0.363338
0.361978
0.363059
0.366366
0.371451
0.377707
0.384485
0.391178
0.397241
0.402259
0.405976
0.408266
0.409114
0.408604
0.406893
0.40412
0.400472
0.396145
0.391334
0.386248
0.381164
0.376447
0.372493
0.369734
0.368532
0.369044
0.371184
0.374642
0.378933
0.383528
0.38793
0.391796
0.394959
0.397422
0.399298
0.400723
0.401791
0.402471
0.402624
0.401998
0.400336
0.397389
0.393004
0.387185
0.380101
0.372114
0.363696
0.355388
0.347696
0.341079
0.335908
0.332465
0.330996
0.331668
0.334599
0.339815
0.347209
0.356471
0.367047
0.378237
0.389241
0.399249
0.40752
0.413438
0.416516
0.416552
0.413509
0.407604
0.399308
0.389346
0.378578
0.367976
0.358495
0.350993
0.346151
0.344435
0.346093
0.351105
0.359201
0.369887
0.38252
0.396311
0.41041
0.423976
0.43615
0.446187
0.453462
0.457545
0.458288
0.455874
0.450753
0.443594
0.435155
0.426096
0.416902
0.407839
0.398891
0.389928
0.38081
0.371533
0.362324
0.353612
0.345963
0.339956
0.336006
0.334285
0.334681
0.336839
0.340254
0.344356
0.348672
0.352808
0.356493
0.359591
0.362086
0.36406
0.365601
0.366785
0.367658
0.368241
0.368572
0.36876
0.36903
0.369697
0.371126
0.373665
0.377582
0.382992
0.389779
0.397514
0.405553
0.413088
0.41929
0.423484
0.4252
0.424174
0.420453
0.414302
0.406221
0.396886
0.387102
0.377706
0.36951
0.3632
0.359258
0.357903
0.359093
0.36256
0.367831
0.37431
0.381311
0.388138
0.394166
0.398875
0.401957
0.403315
0.403096
0.401645
0.399401
0.396832
0.394381
0.392419
0.391117
0.390568
0.390732
0.391472
0.392563
0.393758
0.394803
0.395534
0.395824
0.395651
0.395057
0.3941
0.392829
0.391269
0.389329
0.386919
0.383951
0.380347
0.376131
0.371405
0.366322
0.361081
0.35591
0.351007
0.346587
0.342883
0.340129
0.338542
0.3383
0.339492
0.342133
0.346201
0.351666
0.358471
0.366462
0.375291
0.384465
0.393344
0.401241
0.407591
0.411996
0.414326
0.414705
0.413534
0.411435
0.409041
0.406882
0.405264
0.404197
0.403474
0.402701
0.401466
0.399388
0.396293
0.392206
0.387394
0.382312
0.377482
0.373392
0.370417
0.368796
0.368621
0.369914
0.372575
0.376357
0.380892
0.385687
0.390174
0.393775
0.395981
0.396413
0.394856
0.391308
0.38596
0.379218
0.371654
0.363955
0.356857
0.351054
0.347058
0.345208
0.345627
0.348247
0.35285
0.359151
0.366866
0.375723
0.385444
0.395681
0.405965
0.415682
0.424114
0.430547
0.434387
0.435305
0.433216
0.428259
0.42083
0.411528
0.400997
0.389892
0.3788
0.368228
0.358605
0.350286
0.343566
0.338685
0.335833
0.335159
0.33678
0.340714
0.346818
0.354703
0.363813
0.373485
0.382987
0.391714
0.399177
0.405073
0.409307
0.411984
0.413361
0.413754
0.413495
0.412898
0.412183
0.411479
0.410849
0.410312
0.409897
0.409566
0.409256
0.408855
0.408206
0.407109
0.405429
0.403096
0.400094
0.396488
0.392422
0.388038
0.38353
0.379175
0.375271
0.372047
0.369637
0.36802
0.367055
0.366537
0.366238
0.365987
0.365727
0.365446
0.365214
0.365117
0.365164
0.365307
0.365463
0.365511
0.365407
0.365271
0.365398
0.366218
0.36819
0.371547
0.376273
0.382042
0.388398
0.394837
0.401011
0.406712
0.411825
0.416282
0.419983
0.422689
0.424104
0.423889
0.421789
0.417766
0.412002
0.404933
0.397159
0.389382
0.382288
0.376408
0.372058
0.369363
0.368291
0.368741
0.370528
0.373462
0.377301
0.381695
0.386242
0.390484
0.393926
0.396168
0.396981
0.396297
0.39419
0.390894
0.386725
0.382006
0.377117
0.372456
0.368446
0.365516
0.364047
0.364284
0.3663
0.369966
0.374949
0.380751
0.386772
0.392366
0.396921
0.39989
0.400938
0.399909
0.396858
0.392008
0.385755
0.378609
0.371125
0.363841
0.357201
0.351588
0.347281
0.344533
0.343523
0.344301
0.466444
0.466698
0.465483
0.463025
0.459783
0.456495
0.454034
0.453205
0.454558
0.458138
0.463527
0.469954
0.476501
0.482309
0.486683
0.489088
0.489247
0.487075
0.482663
0.476226
0.46808
0.458655
0.448384
0.43784
0.427574
0.418149
0.410063
0.403751
0.399459
0.397262
0.397106
0.398778
0.402054
0.406714
0.412574
0.419486
0.42723
0.435478
0.443714
0.45134
0.457732
0.462346
0.464851
0.465184
0.463585
0.460564
0.456775
0.45288
0.449517
0.447235
0.446441
0.44735
0.450047
0.454417
0.460115
0.466626
0.47334
0.479583
0.484661
0.487953
0.489032
0.487704
0.484038
0.47835
0.471123
0.46288
0.454236
0.445772
0.438099
0.431857
0.427649
0.425922
0.426843
0.430221
0.435551
0.442111
0.449145
0.455938
0.461937
0.466734
0.470065
0.471731
0.47156
0.469394
0.465107
0.45873
0.450517
0.44093
0.430736
0.42085
0.412199
0.405512
0.401202
0.399319
0.399576
0.401448
0.404366
0.407848
0.411641
0.415628
0.41974
0.423875
0.427857
0.431478
0.43459
0.437162
0.439467
0.441945
0.445204
0.44978
0.455985
0.463733
0.472605
0.481878
0.490686
0.498227
0.503823
0.506973
0.507416
0.505092
0.500153
0.492966
0.484135
0.474509
0.464983
0.456395
0.449318
0.443997
0.44031
0.437925
0.436412
0.435347
0.434389
0.433307
0.432053
0.430723
0.429571
0.428884
0.428925
0.429841
0.431595
0.433964
0.4366
0.439067
0.44092
0.441847
0.441681
0.440453
0.438363
0.435739
0.432988
0.430498
0.428568
0.427403
0.427185
0.428031
0.429999
0.433046
0.436994
0.441612
0.446669
0.451859
0.456815
0.461111
0.464258
0.465806
0.465418
0.462977
0.458665
0.452953
0.446493
0.440047
0.434351
0.429954
0.427168
0.426035
0.426416
0.428031
0.430534
0.433526
0.436604
0.439399
0.441591
0.443035
0.443806
0.444204
0.444602
0.445278
0.446324
0.447679
0.4492
0.450758
0.452262
0.45364
0.454827
0.455697
0.456095
0.455976
0.455379
0.454521
0.453738
0.453372
0.45376
0.4551
0.457386
0.460488
0.464131
0.468016
0.47188
0.475496
0.478565
0.480668
0.481347
0.480139
0.47676
0.471128
0.463462
0.454198
0.443884
0.43308
0.42228
0.411937
0.402462
0.3943
0.387963
0.383903
0.382436
0.38365
0.387377
0.393255
0.400828
0.409541
0.418836
0.428142
0.436916
0.444711
0.451202
0.456201
0.45965
0.461643
0.462321
0.461842
0.460321
0.457831
0.45446
0.450403
0.446086
0.44209
0.439115
0.437884
0.438904
0.442373
0.448134
0.455643
0.464067
0.472509
0.480042
0.485818
0.489195
0.489818
0.487605
0.482784
0.475837
0.46742
0.45832
0.449308
0.441109
0.434354
0.42953
0.426977
0.426778
0.428803
0.432696
0.438016
0.444267
0.450843
0.457044
0.462121
0.465426
0.466534
0.465328
0.462034
0.457168
0.451402
0.445488
0.440142
0.435954
0.433401
0.432865
0.434559
0.438493
0.444399
0.451754
0.459708
0.467348
0.473749
0.478116
0.479927
0.478992
0.475375
0.469465
0.461847
0.453187
0.444181
0.43544
0.427386
0.420281
0.414251
0.40937
0.405719
0.403399
0.402427
0.402656
0.403868
0.405812
0.408363
0.411564
0.41557
0.420564
0.42661
0.433629
0.441344
0.449413
0.457446
0.465101
0.472104
0.478158
0.482981
0.486293
0.487838
0.487488
0.485268
0.481461
0.476542
0.471122
0.465841
0.461229
0.457692
0.455435
0.454465
0.454637
0.455706
0.457319
0.459035
0.460395
0.460967
0.460358
0.458269
0.454561
0.449327
0.442951
0.43618
0.429999
0.42544
0.423253
0.423768
0.426805
0.43177
0.437805
0.443963
0.449444
0.45375
0.456704
0.458556
0.459739
0.460704
0.461708
0.462751
0.463423
0.463074
0.461009
0.456667
0.449936
0.44127
0.43172
0.422753
0.415955
0.412616
0.41337
0.418089
0.425945
0.435698
0.44609
0.455967
0.464483
0.471059
0.475333
0.477116
0.476462
0.47364
0.469185
0.463787
0.458133
0.452719
0.447846
0.443705
0.440431
0.43819
0.437134
0.437364
0.438919
0.441647
0.445263
0.449405
0.453684
0.457708
0.461179
0.463902
0.465688
0.466408
0.466028
0.464598
0.462294
0.459382
0.456107
0.452606
0.448915
0.445049
0.441079
0.437171
0.433636
0.430937
0.429629
0.430207
0.432978
0.437934
0.44466
0.452336
0.459924
0.466358
0.470744
0.472494
0.471378
0.46751
0.461314
0.453472
0.444754
0.435951
0.427721
0.420546
0.414647
0.410043
0.406627
0.404273
0.402941
0.402711
0.403755
0.406273
0.410397
0.416142
0.423332
0.431666
0.440728
0.450043
0.459155
0.467701
0.475398
0.482113
0.487813
0.492492
0.496072
0.498352
0.499087
0.498016
0.49504
0.490307
0.484256
0.477492
0.47065
0.464237
0.458508
0.453567
0.449469
0.446362
0.444481
0.444089
0.445275
0.447895
0.451461
0.455103
0.457844
0.458767
0.457202
0.452865
0.445902
0.436847
0.42653
0.415974
0.40624
0.39833
0.393015
0.390773
0.391671
0.395409
0.401345
0.408644
0.416389
0.423706
0.429868
0.43436
0.436909
0.437486
0.436322
0.433833
0.430695
0.427745
0.425961
0.426191
0.428989
0.43441
0.441957
0.450663
0.459309
0.466643
0.47163
0.473587
0.472384
0.468457
0.462799
0.4568
0.451922
0.449393
0.449894
0.453388
0.459231
0.46636
0.473573
0.479771
0.484168
0.486363
0.486203
0.483797
0.479401
0.473357
0.466107
0.458218
0.450436
0.443645
0.438641
0.435935
0.435599
0.437225
0.440225
0.443986
0.448031
0.452055
0.455826
0.459156
0.461831
0.463541
0.463981
0.462909
0.46026
0.456139
0.45083
0.4448
0.438586
0.432727
0.427668
0.423781
0.421312
0.420412
0.421136
0.423448
0.427201
0.432187
0.438017
0.444179
0.450117
0.455282
0.459228
0.461681
0.462573
0.462036
0.460317
0.45769
0.454396
0.450578
0.446342
0.441908
0.437595
0.433829
0.431072
0.429736
0.430088
0.43212
0.435493
0.439653
0.443921
0.447642
0.450348
0.45181
0.452052
0.451329
0.450035
0.448593
0.44739
0.446746
0.446904
0.447994
0.45009
0.453134
0.457063
0.461722
0.466839
0.472049
0.476885
0.48073
0.482987
0.483062
0.480552
0.475232
0.467204
0.456892
0.445009
0.4326
0.420777
0.410535
0.402615
0.397327
0.394654
0.394358
0.396061
0.399317
0.403648
0.408525
0.413468
0.418163
0.422585
0.427008
0.43184
0.437516
0.444278
0.452134
0.460818
0.469956
0.479135
0.487983
0.49616
0.503323
0.509041
0.512797
0.513972
0.511949
0.506267
0.496778
0.483735
0.467938
0.45072
0.433711
0.41863
0.406993
0.399761
0.397204
0.398898
0.403936
0.411207
0.419605
0.428144
0.436018
0.442608
0.447535
0.450663
0.452194
0.452604
0.452562
0.452826
0.454104
0.456853
0.461248
0.467051
0.473686
0.480372
0.486275
0.490587
0.49278
0.492601
0.490099
0.485642
0.479826
0.473249
0.466417
0.459594
0.452855
0.446182
0.439578
0.433156
0.427144
0.421829
0.417469
0.414162
0.411843
0.410189
0.40874
0.407029
0.404695
0.401555
0.397663
0.393314
0.388996
0.385324
0.382974
0.382537
0.384449
0.388909
0.395847
0.404933
0.415587
0.427163
0.439038
0.450738
0.462033
0.472806
0.482987
0.49245
0.500947
0.508191
0.513882
0.517721
0.519461
0.518997
0.516391
0.511909
0.506001
0.499356
0.492628
0.486379
0.480929
0.476283
0.472123
0.46803
0.463537
0.45832
0.452307
0.445637
0.438629
0.431686
0.425197
0.419388
0.414304
0.409886
0.40602
0.40273
0.400168
0.398603
0.398308
0.399459
0.402131
0.406256
0.411674
0.418142
0.425405
0.43323
0.441363
0.44953
0.45736
0.464442
0.470356
0.47472
0.477262
0.477877
0.476638
0.473685
0.469235
0.46355
0.456858
0.449391
0.441489
0.43364
0.426598
0.421328
0.418732
0.419422
0.423447
0.430279
0.439008
0.448527
0.457743
0.46564
0.471418
0.474469
0.47437
0.470931
0.464333
0.455208
0.44466
0.434213
0.425575
0.420305
0.419396
0.423152
0.431134
0.442316
0.455416
0.469179
0.482537
0.494647
0.504955
0.513088
0.51879
0.521905
0.522279
0.519797
0.514382
0.506093
0.495228
0.482314
0.468081
0.453346
0.438938
0.425511
0.413555
0.403336
0.394972
0.38851
0.383899
0.381027
0.379715
0.379668
0.380539
0.381979
0.383649
0.385273
0.386687
0.387898
0.389105
0.390609
0.392772
0.395969
0.400569
0.406854
0.415056
0.425296
0.437541
0.4516
0.467086
0.483452
0.499946
0.515616
0.529375
0.539967
0.546198
0.547137
0.542282
0.531661
0.515921
0.496274
0.474327
0.451869
0.43072
0.41247
0.398344
0.389111
0.385051
0.385998
0.391483
0.400812
0.413127
0.427477
0.442858
0.458281
0.472793
0.48549
0.495631
0.502575
0.505905
0.505401
0.501048
0.493162
0.482336
0.469449
0.455639
0.44211
0.430037
0.42034
0.413601
0.410128
0.409917
0.41275
0.41826
0.425946
0.435158
0.445103
0.454928
0.46381
0.470988
0.475859
0.478085
0.477616
0.474675
0.469683
0.463212
0.455837
0.448051
0.440205
0.432571
0.425398
0.418957
0.41352
0.409338
0.406655
0.405633
0.406414
0.409102
0.413661
0.419836
0.427148
0.434928
0.442364
0.448595
0.452896
0.454791
0.454153
0.451332
0.44711
0.442622
0.439165
0.437874
0.439554
0.444472
0.452329
0.462339
0.473328
0.483939
0.492868
0.499047
0.50186
0.501181
0.497384
0.491245
0.483738
0.475896
0.468659
0.46278
0.458734
0.456688
0.456428
0.45738
0.458669
0.459348
0.458617
0.455961
0.451313
0.445095
0.438076
0.431187
0.4252
0.420542
0.417218
0.414888
0.413071
0.411364
0.409582
0.407822
0.40654
0.4064
0.408066
0.412002
0.418278
0.426491
0.435905
0.445624
0.454784
0.462614
0.468533
0.472127
0.473165
0.47168
0.467915
0.462367
0.455732
0.448768
0.4422
0.436595
0.432309
0.429546
0.428334
0.42858
0.430088
0.432587
0.435754
0.439284
0.442962
0.446634
0.450196
0.453526
0.456453
0.458772
0.460284
0.46088
0.460492
0.459183
0.457101
0.454451
0.451499
0.448587
0.446056
0.444248
0.443409
0.443716
0.362588
0.367592
0.374647
0.38286
0.391303
0.399173
0.405864
0.411018
0.414523
0.416446
0.417011
0.416561
0.415454
0.414039
0.412539
0.411073
0.409644
0.408094
0.406201
0.40377
0.400658
0.396903
0.392763
0.388737
0.385529
0.383803
0.384099
0.386616
0.391137
0.39709
0.403653
0.409926
0.415137
0.418693
0.420277
0.419916
0.417935
0.414908
0.411598
0.408887
0.407548
0.408145
0.410875
0.415493
0.421369
0.427582
0.433101
0.436999
0.4386
0.43759
0.434145
0.428837
0.422499
0.416067
0.410376
0.405989
0.40317
0.401851
0.401694
0.402189
0.402808
0.403136
0.402896
0.402053
0.400726
0.399094
0.397292
0.39535
0.393191
0.3907
0.38788
0.384872
0.381945
0.379435
0.377652
0.376795
0.376917
0.37791
0.379528
0.381501
0.38352
0.385399
0.387056
0.388467
0.389644
0.390585
0.391224
0.391491
0.391365
0.390905
0.390305
0.389891
0.390067
0.391244
0.393741
0.39768
0.402945
0.409156
0.415806
0.422335
0.428252
0.433169
0.436813
0.439062
0.439935
0.439575
0.438207
0.436108
0.433574
0.430876
0.428188
0.425586
0.423048
0.420471
0.417704
0.414533
0.410777
0.406286
0.400945
0.394769
0.38801
0.381211
0.374987
0.369963
0.366627
0.365227
0.365827
0.368298
0.372368
0.37766
0.383729
0.390126
0.396492
0.402503
0.407907
0.412578
0.416456
0.419587
0.422053
0.423996
0.425544
0.426765
0.427641
0.428029
0.427745
0.426544
0.424234
0.420717
0.416031
0.410326
0.403779
0.396559
0.388775
0.3805
0.371928
0.363438
0.355579
0.349057
0.344574
0.342737
0.343958
0.348359
0.355763
0.36569
0.37746
0.390265
0.403334
0.416077
0.428063
0.43895
0.448349
0.455819
0.460954
0.463486
0.463371
0.460839
0.456268
0.450082
0.44271
0.434567
0.426073
0.417613
0.409565
0.402256
0.395864
0.390434
0.385965
0.38246
0.379903
0.378288
0.377556
0.377605
0.378298
0.379481
0.380984
0.382621
0.384214
0.385579
0.386573
0.387136
0.387315
0.387313
0.387478
0.388122
0.389475
0.391598
0.394294
0.397182
0.399886
0.402032
0.403516
0.404446
0.405085
0.405814
0.406918
0.408614
0.410983
0.413948
0.417364
0.42111
0.424995
0.42888
0.432615
0.436003
0.438785
0.440644
0.441237
0.440244
0.437386
0.432489
0.42551
0.416563
0.40595
0.394193
0.381962
0.370051
0.35931
0.350531
0.344376
0.341295
0.341463
0.344768
0.350879
0.359281
0.369337
0.38041
0.391919
0.403439
0.414666
0.425438
0.435643
0.445119
0.453661
0.460955
0.466596
0.470165
0.471354
0.469957
0.465888
0.459257
0.450331
0.439503
0.427335
0.414448
0.401513
0.389206
0.378164
0.368953
0.362006
0.357634
0.35594
0.356775
0.359738
0.364285
0.36977
0.375553
0.381049
0.385867
0.389796
0.39279
0.394956
0.396543
0.397836
0.39909
0.400491
0.402039
0.403614
0.405039
0.406124
0.406727
0.406826
0.406525
0.406034
0.405569
0.405289
0.405254
0.405395
0.405522
0.405438
0.404923
0.403852
0.402204
0.400111
0.397811
0.395656
0.394072
0.393361
0.393585
0.394424
0.395255
0.395361
0.394127
0.391332
0.387281
0.382792
0.379118
0.377628
0.379408
0.384873
0.393536
0.404145
0.415123
0.425021
0.432777
0.437848
0.440166
0.439962
0.437699
0.433996
0.429454
0.424648
0.420019
0.41591
0.412556
0.410091
0.408632
0.408187
0.408608
0.409568
0.410663
0.411435
0.411489
0.410565
0.408602
0.405695
0.402089
0.398095
0.394009
0.390152
0.386812
0.384231
0.382566
0.381906
0.382275
0.383636
0.385869
0.388702
0.391807
0.394824
0.397428
0.399401
0.400651
0.40118
0.401022
0.400238
0.398892
0.397081
0.394971
0.392781
0.390791
0.389313
0.388616
0.388885
0.390147
0.39233
0.39532
0.398938
0.403024
0.4075
0.412322
0.417415
0.422543
0.427356
0.431373
0.434081
0.435058
0.434079
0.431116
0.426313
0.419997
0.412639
0.404793
0.397084
0.390216
0.384876
0.381703
0.381082
0.383099
0.387422
0.39341
0.400206
0.406973
0.413033
0.417921
0.421437
0.423614
0.424615
0.424739
0.424305
0.423648
0.423072
0.422793
0.42286
0.423134
0.4233
0.422986
0.421831
0.419575
0.416184
0.411822
0.406823
0.401628
0.396638
0.392165
0.38837
0.385197
0.382439
0.379804
0.377024
0.373946
0.370548
0.366996
0.363538
0.36052
0.358289
0.357151
0.357358
0.359097
0.362465
0.367501
0.374132
0.382153
0.391199
0.400793
0.410401
0.419536
0.427765
0.434711
0.440084
0.44373
0.445554
0.445666
0.444348
0.441966
0.43897
0.435834
0.432964
0.430652
0.429008
0.427865
0.426897
0.425654
0.423629
0.420355
0.415543
0.409147
0.401368
0.39272
0.383936
0.375936
0.369669
0.365988
0.365387
0.367922
0.373162
0.380297
0.388324
0.39628
0.403366
0.408996
0.412928
0.415187
0.415964
0.415561
0.414255
0.412241
0.409648
0.406609
0.403288
0.399956
0.396964
0.394787
0.393883
0.394603
0.397113
0.401313
0.40678
0.412826
0.418652
0.423463
0.426612
0.427689
0.426548
0.423328
0.418394
0.412143
0.405016
0.397443
0.389873
0.382782
0.37668
0.37208
0.369414
0.368856
0.370324
0.373524
0.37808
0.383611
0.3898
0.396361
0.403022
0.409467
0.415345
0.420322
0.424107
0.426497
0.427475
0.427218
0.426018
0.424294
0.42246
0.420877
0.419696
0.418964
0.418584
0.418415
0.418329
0.418218
0.418071
0.417934
0.417908
0.418049
0.418362
0.418767
0.419121
0.419221
0.418853
0.41787
0.416246
0.414092
0.411583
0.408925
0.406176
0.403331
0.400274
0.396842
0.392878
0.388295
0.383089
0.377401
0.371456
0.365629
0.360423
0.356417
0.354166
0.35412
0.356462
0.36109
0.367606
0.375384
0.383673
0.391627
0.398416
0.403348
0.405861
0.405698
0.403004
0.398405
0.393037
0.38831
0.385686
0.386291
0.390672
0.398621
0.409218
0.421104
0.432771
0.442842
0.450301
0.45457
0.45549
0.453281
0.448451
0.441648
0.433566
0.424889
0.416239
0.408185
0.401207
0.395759
0.392183
0.39059
0.390904
0.392776
0.395637
0.39885
0.401807
0.404059
0.405429
0.406033
0.406177
0.406251
0.40665
0.407652
0.409378
0.411782
0.414642
0.417631
0.42039
0.422468
0.423464
0.423027
0.420893
0.416971
0.411328
0.404254
0.396221
0.387888
0.380011
0.373361
0.368547
0.365904
0.365479
0.36697
0.369833
0.373351
0.376849
0.379757
0.381715
0.382648
0.382691
0.382125
0.381402
0.380987
0.381301
0.382655
0.385192
0.388899
0.393585
0.398968
0.404708
0.410457
0.415956
0.420998
0.425486
0.4293
0.432384
0.434676
0.436167
0.436849
0.436808
0.436139
0.434971
0.43344
0.431658
0.429678
0.427557
0.425278
0.422805
0.420031
0.416895
0.413363
0.409459
0.405266
0.400923
0.396627
0.3926
0.389084
0.386287
0.384389
0.383539
0.383816
0.385273
0.387857
0.391405
0.395616
0.400055
0.404173
0.407388
0.409242
0.409442
0.40788
0.404704
0.400191
0.394762
0.388919
0.38318
0.378088
0.37415
0.371813
0.371408
0.373038
0.376541
0.381487
0.387326
0.39346
0.399343
0.404567
0.408787
0.411802
0.413434
0.41359
0.412382
0.410028
0.406896
0.403435
0.400103
0.397286
0.395226
0.394009
0.393605
0.393888
0.394748
0.396108
0.397967
0.400433
0.403706
0.407901
0.413005
0.41872
0.42456
0.429879
0.434019
0.436412
0.436706
0.434841
0.430953
0.425489
0.419082
0.412436
0.406225
0.400951
0.39691
0.394177
0.392601
0.391888
0.391655
0.391536
0.391236
0.390555
0.389487
0.38815
0.386813
0.385794
0.38533
0.38557
0.386511
0.387989
0.389829
0.391928
0.394232
0.39686
0.400012
0.403892
0.408564
0.413921
0.419622
0.425173
0.430007
0.43369
0.435957
0.436648
0.435809
0.433587
0.430169
0.425698
0.420346
0.41423
0.407502
0.400394
0.393262
0.386564
0.380785
0.376414
0.373819
0.373187
0.374478
0.377472
0.381741
0.38679
0.392068
0.39707
0.401405
0.404851
0.407367
0.409048
0.410092
0.410782
0.411454
0.412403
0.413849
0.415911
0.418513
0.42143
0.424305
0.426668
0.428122
0.42833
0.427121
0.424468
0.420518
0.415565
0.409949
0.404079
0.398395
0.393401
0.389537
0.387212
0.386678
0.387965
0.390833
0.394811
0.399242
0.4034
0.40663
0.408435
0.408467
0.406645
0.403163
0.398383
0.392845
0.38715
0.381832
0.377353
0.374007
0.371916
0.371086
0.371415
0.372703
0.374728
0.377276
0.380149
0.383199
0.386336
0.389553
0.392921
0.396625
0.400884
0.405945
0.411929
0.418798
0.426254
0.433764
0.440661
0.446215
0.449761
0.450841
0.449222
0.44488
0.437996
0.428858
0.417938
0.405844
0.393325
0.381317
0.370789
0.362629
0.357407
0.355295
0.356084
0.359223
0.364094
0.370122
0.376832
0.383954
0.391364
0.399031
0.406869
0.41471
0.42228
0.429316
0.435605
0.441024
0.445557
0.449167
0.451767
0.453146
0.452953
0.450877
0.446703
0.440429
0.432272
0.422603
0.411895
0.400756
0.389854
0.379962
0.371862
0.366268
0.363638
0.364024
0.36709
0.372183
0.378537
0.38544
0.392307
0.398736
0.404442
0.409211
0.412891
0.415369
0.416606
0.416676
0.415829
0.414433
0.412846
0.411374
0.410164
0.40925
0.408531
0.407881
0.40723
0.406607
0.406047
0.405606
0.405314
0.405228
0.405385
0.405823
0.406532
0.407426
0.40823
0.408582
0.40814
0.406664
0.404126
0.400699
0.396721
0.392612
0.388769
0.385647
0.383634
0.383045
0.384034
0.386495
0.390139
0.394509
0.39909
0.403388
0.407065
0.409988
0.41222
0.413981
0.415563
0.4171
0.418582
0.419797
0.420449
0.420259
0.419101
0.417162
0.414877
0.412852
0.411759
0.41219
0.414371
0.418062
0.42262
0.427189
0.430944
0.433251
0.433899
0.432964
0.430727
0.427505
0.423487
0.41874
0.413254
0.407055
0.400287
0.39324
0.386394
0.380326
0.375607
0.3727
0.371875
0.373091
0.376072
0.380288
0.385096
0.389855
0.394021
0.397116
0.398783
0.398782
0.396994
0.393483
0.388495
0.38251
0.376181
0.420022
0.413443
0.407935
0.404193
0.402678
0.403602
0.406911
0.412286
0.419256
0.427177
0.435297
0.44281
0.448941
0.453115
0.454981
0.454388
0.451463
0.446514
0.439977
0.432416
0.424416
0.416543
0.409323
0.403229
0.398686
0.396092
0.395778
0.39794
0.402588
0.409596
0.418678
0.429396
0.44122
0.45357
0.465798
0.477232
0.487156
0.494893
0.499831
0.501444
0.499368
0.4935
0.484016
0.471467
0.456703
0.440832
0.425105
0.410776
0.398956
0.390509
0.385894
0.385178
0.388008
0.393616
0.400916
0.408658
0.415619
0.42083
0.423701
0.424112
0.422377
0.419077
0.414914
0.410491
0.406263
0.402592
0.39971
0.397852
0.397178
0.397827
0.399832
0.403141
0.407575
0.41287
0.418723
0.424782
0.430779
0.43656
0.442086
0.44739
0.452471
0.457247
0.461498
0.464998
0.467506
0.468824
0.468882
0.467818
0.46591
0.463543
0.461095
0.458879
0.457069
0.455679
0.454571
0.453521
0.45227
0.450518
0.447968
0.444411
0.439826
0.434435
0.428668
0.423094
0.418248
0.414533
0.412058
0.410691
0.410116
0.409891
0.409637
0.409102
0.408249
0.407279
0.406477
0.406204
0.406725
0.408167
0.410536
0.413685
0.417331
0.42116
0.424826
0.428012
0.430368
0.431619
0.43157
0.430211
0.42766
0.424278
0.4206
0.41724
0.414721
0.413432
0.41351
0.414888
0.417371
0.42066
0.424379
0.428176
0.431744
0.4348
0.437121
0.438542
0.438973
0.438423
0.436958
0.434766
0.432088
0.429257
0.426726
0.424936
0.424325
0.425222
0.427729
0.431741
0.436893
0.442658
0.448414
0.453528
0.457404
0.459629
0.459939
0.458271
0.45481
0.449914
0.444073
0.437791
0.431547
0.425737
0.420642
0.416478
0.413398
0.411574
0.411075
0.411903
0.413988
0.41718
0.421273
0.425978
0.430969
0.435902
0.440471
0.444431
0.447595
0.449795
0.45087
0.450623
0.448794
0.445201
0.439836
0.432908
0.424907
0.416503
0.408343
0.401001
0.394929
0.390469
0.387839
0.387175
0.388533
0.391903
0.397068
0.403692
0.41133
0.419499
0.427674
0.43535
0.442043
0.44732
0.450774
0.452106
0.45123
0.448269
0.44359
0.437806
0.431714
0.426183
0.422002
0.419721
0.419539
0.42132
0.42469
0.429146
0.434182
0.439334
0.444223
0.44857
0.452158
0.454832
0.456495
0.457115
0.456711
0.455404
0.453359
0.450713
0.447571
0.443951
0.439826
0.435158
0.429997
0.424556
0.419216
0.414504
0.411042
0.409373
0.409747
0.412114
0.416001
0.420714
0.425419
0.429458
0.432383
0.433999
0.434364
0.433746
0.43244
0.430763
0.428979
0.427327
0.425981
0.425042
0.424585
0.42467
0.425402
0.426877
0.429224
0.432469
0.436502
0.441056
0.445663
0.449729
0.452642
0.453934
0.453352
0.450927
0.44697
0.44195
0.436418
0.430856
0.425583
0.420751
0.416317
0.412227
0.408442
0.404988
0.401989
0.399615
0.398096
0.397651
0.39844
0.400459
0.403512
0.407173
0.410891
0.414163
0.416614
0.418155
0.418989
0.419512
0.420348
0.422167
0.425611
0.431155
0.43895
0.448702
0.459681
0.470792
0.480851
0.488837
0.493984
0.495849
0.494284
0.489388
0.481525
0.47127
0.459391
0.446762
0.434306
0.422843
0.413053
0.405393
0.400023
0.396805
0.395332
0.395082
0.395514
0.396215
0.396977
0.397827
0.398978
0.400738
0.403301
0.406742
0.410966
0.415829
0.421185
0.426934
0.433077
0.439587
0.446337
0.453052
0.459339
0.464732
0.468788
0.471184
0.471782
0.470656
0.468092
0.464532
0.460498
0.456419
0.452578
0.449076
0.445839
0.442651
0.43918
0.435148
0.430322
0.424616
0.418211
0.411466
0.404768
0.398403
0.392515
0.387205
0.38261
0.379046
0.37689
0.376534
0.378261
0.382155
0.388022
0.395436
0.403783
0.412351
0.420447
0.427514
0.433201
0.437359
0.440024
0.441426
0.441941
0.4421
0.442515
0.443709
0.44591
0.449086
0.45294
0.457077
0.461129
0.464726
0.467528
0.469189
0.469424
0.468078
0.465171
0.460872
0.45561
0.449961
0.44452
0.439816
0.436211
0.433763
0.432292
0.431494
0.431005
0.430451
0.429516
0.427963
0.4256
0.42232
0.418141
0.413174
0.407691
0.402091
0.396868
0.392545
0.389592
0.388257
0.388624
0.390616
0.394077
0.398891
0.404943
0.412057
0.419962
0.428316
0.436805
0.445149
0.45308
0.460349
0.46662
0.471516
0.474632
0.475616
0.474212
0.470417
0.464415
0.456613
0.447578
0.437877
0.428055
0.418618
0.410038
0.402785
0.397335
0.394142
0.393565
0.395793
0.400735
0.407976
0.416859
0.426565
0.436243
0.445167
0.45273
0.458486
0.462168
0.46366
0.463002
0.460311
0.455782
0.449728
0.442487
0.434489
0.426194
0.418129
0.410842
0.404918
0.400904
0.39931
0.400513
0.404723
0.411869
0.421608
0.433219
0.445783
0.458275
0.46961
0.478831
0.485177
0.488106
0.487354
0.482874
0.474897
0.463922
0.450672
0.436113
0.421366
0.407636
0.396066
0.38756
0.382636
0.381351
0.383316
0.387823
0.393945
0.400737
0.4073
0.412894
0.416957
0.419089
0.41912
0.417131
0.413374
0.408322
0.402619
0.397119
0.392799
0.390642
0.391452
0.395631
0.403053
0.413078
0.424725
0.436842
0.448278
0.458107
0.465653
0.470518
0.472608
0.472053
0.469242
0.464693
0.459041
0.452916
0.446885
0.441391
0.436759
0.433096
0.430377
0.428409
0.42686
0.425374
0.423615
0.421449
0.418978
0.416517
0.414558
0.413613
0.414039
0.415959
0.419194
0.423293
0.427658
0.431684
0.434892
0.43699
0.437899
0.437724
0.436661
0.434964
0.432857
0.430486
0.42795
0.425368
0.422885
0.420712
0.419152
0.418529
0.419166
0.421402
0.425476
0.431412
0.438863
0.447078
0.454979
0.461401
0.46528
0.46589
0.462934
0.45658
0.447387
0.436252
0.424305
0.412711
0.402524
0.39463
0.389637
0.387843
0.389253
0.39359
0.400239
0.408293
0.41667
0.424232
0.429943
0.433006
0.432983
0.429911
0.424326
0.417236
0.410031
0.404235
0.401249
0.402064
0.407028
0.415819
0.427526
0.440853
0.45437
0.466754
0.476913
0.484095
0.487841
0.487961
0.484526
0.477851
0.468508
0.457311
0.445311
0.433669
0.423542
0.415807
0.410909
0.408867
0.409287
0.411623
0.415242
0.419568
0.423987
0.427914
0.430787
0.432104
0.431592
0.429373
0.426019
0.422525
0.419895
0.41871
0.418954
0.420086
0.421362
0.422232
0.422527
0.422558
0.422917
0.42431
0.427296
0.432082
0.438446
0.445681
0.45275
0.458515
0.461939
0.46236
0.459513
0.453527
0.444906
0.434404
0.422958
0.411666
0.401625
0.393808
0.388854
0.386975
0.387974
0.39136
0.396565
0.403099
0.410635
0.418984
0.428033
0.437607
0.447348
0.456702
0.464934
0.471221
0.474812
0.47524
0.472367
0.466388
0.45777
0.447224
0.435558
0.423695
0.412591
0.40315
0.396144
0.392149
0.391487
0.394219
0.400158
0.408882
0.419731
0.431874
0.444346
0.456073
0.466046
0.473432
0.4777
0.478684
0.476652
0.472195
0.466128
0.459369
0.452671
0.44661
0.441442
0.437183
0.433709
0.430825
0.428338
0.426098
0.42401
0.422066
0.420252
0.418531
0.416753
0.414743
0.412301
0.40932
0.405837
0.402067
0.39838
0.395244
0.393122
0.392306
0.39289
0.394783
0.397774
0.401611
0.406053
0.410911
0.416035
0.421253
0.426388
0.43126
0.435653
0.4394
0.442317
0.444107
0.444498
0.443252
0.440178
0.435305
0.428917
0.421701
0.41459
0.408676
0.404964
0.403996
0.405854
0.410277
0.416826
0.42501
0.434295
0.443993
0.45326
0.461199
0.466986
0.470039
0.470119
0.467328
0.46206
0.454977
0.446945
0.438881
0.431712
0.426201
0.422833
0.421678
0.422363
0.424075
0.425788
0.426507
0.425537
0.422722
0.418483
0.413793
0.40988
0.40793
0.408682
0.412292
0.418321
0.42592
0.434105
0.441978
0.448764
0.453863
0.456954
0.458014
0.457264
0.455171
0.452261
0.448983
0.445587
0.442183
0.438777
0.435444
0.432367
0.429709
0.427578
0.425925
0.424572
0.423208
0.421521
0.419219
0.416148
0.412368
0.408136
0.40391
0.400257
0.397784
0.396998
0.398231
0.401662
0.407234
0.414723
0.423793
0.433965
0.444606
0.454985
0.464241
0.471485
0.47586
0.47667
0.473496
0.466284
0.455416
0.441706
0.426423
0.411122
0.397475
0.386891
0.380255
0.377852
0.37939
0.384226
0.391659
0.401047
0.411888
0.42379
0.436357
0.449056
0.461217
0.472116
0.481017
0.487327
0.49065
0.490831
0.487976
0.482436
0.474689
0.465213
0.454493
0.443014
0.431246
0.419746
0.409125
0.400011
0.392988
0.388424
0.386422
0.386651
0.388522
0.391395
0.394767
0.398432
0.402473
0.407077
0.41242
0.41847
0.42493
0.431292
0.436945
0.441313
0.443942
0.444636
0.443499
0.440935
0.437563
0.434151
0.431457
0.430104
0.430439
0.432447
0.435777
0.439821
0.443879
0.447263
0.449395
0.449902
0.448612
0.445603
0.441206
0.435889
0.430264
0.424997
0.420772
0.418252
0.417956
0.420021
0.424125
0.42944
0.434929
0.439678
0.443075
0.444977
0.445631
0.445536
0.445278
0.445346
0.445995
0.447185
0.448553
0.449559
0.449599
0.448145
0.444877
0.439758
0.432992
0.424984
0.416345
0.40775
0.399863
0.393277
0.388477
0.38569
0.384948
0.38613
0.388996
0.393263
0.398709
0.405108
0.412199
0.419631
0.426962
0.433712
0.439335
0.443413
0.445658
0.445957
0.444389
0.441136
0.436492
0.430847
0.424611
0.418131
0.411765
0.405859
0.400721
0.396694
0.394191
0.39366
0.395546
0.400193
0.407755
0.418086
0.430622
0.444372
0.458064
0.470398
0.480236
0.486824
0.489874
0.489522
0.48626
0.480771
0.473731
0.465716
0.457263
0.448801
0.440764
0.433612
0.427766
0.423568
0.421172
0.420438
0.420938
0.422002
0.422878
0.422939
0.421828
0.419512
0.416241
0.412478
0.408744
0.405514
0.403151
0.401813
0.401511
0.402075
0.403238
0.40468
0.406138
0.407472
0.408734
0.410144
0.412074
0.414874
0.418799
0.423867
0.429855
0.436352
0.442802
0.448619
0.453342
0.456709
0.352306
0.356172
0.361087
0.366708
0.372591
0.378298
0.383403
0.387512
0.390343
0.39172
0.391574
0.389964
0.387091
0.383226
0.378731
0.374102
0.369869
0.366637
0.364959
0.365308
0.367879
0.37258
0.379013
0.386545
0.394428
0.401952
0.408529
0.413697
0.417011
0.418109
0.416633
0.412327
0.405097
0.395077
0.382704
0.368686
0.35398
0.339692
0.327042
0.317221
0.311268
0.309923
0.313473
0.321707
0.333896
0.348896
0.365318
0.381747
0.396907
0.409769
0.419665
0.426236
0.429363
0.429248
0.426257
0.420928
0.413913
0.405944
0.397772
0.389961
0.382786
0.376173
0.369825
0.363391
0.356718
0.349919
0.343421
0.337799
0.33362
0.331317
0.331103
0.332978
0.336805
0.342314
0.349163
0.356973
0.365252
0.37343
0.380895
0.387064
0.39145
0.393748
0.393902
0.392117
0.388837
0.384744
0.38064
0.377316
0.375417
0.375367
0.377196
0.380541
0.384735
0.388903
0.39219
0.39388
0.393605
0.391346
0.387478
0.382565
0.37726
0.372123
0.367599
0.363945
0.361245
0.359494
0.358636
0.35858
0.359253
0.360555
0.362338
0.364419
0.366612
0.3688
0.370972
0.37325
0.375769
0.378659
0.381941
0.385518
0.389153
0.392539
0.395316
0.397157
0.397829
0.39719
0.395242
0.392108
0.387968
0.383039
0.377535
0.371697
0.365795
0.360104
0.354906
0.350459
0.346927
0.344379
0.342801
0.342136
0.342334
0.343384
0.345325
0.348206
0.351999
0.356525
0.361469
0.366415
0.370965
0.374821
0.377828
0.380005
0.381462
0.382397
0.382964
0.383311
0.383521
0.383648
0.383719
0.383741
0.383699
0.383563
0.383351
0.383079
0.382806
0.382653
0.382726
0.383076
0.383695
0.384501
0.385437
0.386426
0.387445
0.38852
0.389709
0.391045
0.392465
0.393749
0.394517
0.394291
0.392627
0.389244
0.384142
0.377722
0.370682
0.363984
0.358648
0.355487
0.35494
0.357009
0.361289
0.3671
0.373615
0.38001
0.385534
0.38959
0.391761
0.39183
0.389765
0.385712
0.380014
0.373114
0.365544
0.357903
0.350836
0.344865
0.3404
0.337603
0.336437
0.336729
0.338209
0.340585
0.34356
0.346895
0.350384
0.353856
0.357152
0.360108
0.362575
0.364448
0.365717
0.366471
0.366938
0.367414
0.368153
0.369363
0.371141
0.373513
0.376419
0.379808
0.383644
0.387914
0.392609
0.397711
0.403024
0.408191
0.412682
0.415915
0.417378
0.416739
0.414004
0.409532
0.403952
0.398023
0.392473
0.387776
0.384157
0.381553
0.379715
0.378292
0.376913
0.375243
0.373073
0.370401
0.367426
0.364514
0.362183
0.360854
0.360815
0.362076
0.364395
0.367369
0.370508
0.3733
0.375291
0.376152
0.375724
0.374026
0.371251
0.367688
0.363741
0.359883
0.356542
0.354063
0.352656
0.352354
0.353051
0.35449
0.35633
0.358247
0.359996
0.361379
0.362322
0.362863
0.363107
0.36319
0.363228
0.363277
0.363292
0.363188
0.362901
0.362404
0.361805
0.361312
0.361265
0.361995
0.363778
0.366687
0.370622
0.375368
0.380579
0.385958
0.391237
0.396211
0.400725
0.404647
0.407818
0.410025
0.410987
0.410451
0.408287
0.404589
0.399688
0.394109
0.388465
0.383259
0.378837
0.375304
0.372585
0.370473
0.368718
0.367084
0.365349
0.363353
0.361028
0.358408
0.355628
0.352892
0.35039
0.348211
0.346344
0.344676
0.343025
0.341295
0.339616
0.338399
0.338236
0.33981
0.343703
0.350223
0.359261
0.370242
0.382226
0.394127
0.404825
0.41337
0.419032
0.421389
0.420348
0.416209
0.409553
0.401148
0.391879
0.382637
0.374222
0.36726
0.362106
0.358864
0.357456
0.357643
0.359143
0.361649
0.36484
0.368366
0.371935
0.375312
0.37833
0.3809
0.383008
0.384692
0.386034
0.387071
0.387909
0.388602
0.389182
0.389666
0.390084
0.390477
0.390891
0.391329
0.39177
0.392182
0.392471
0.392489
0.392114
0.39129
0.390037
0.388386
0.386346
0.383847
0.380752
0.376938
0.372418
0.367336
0.362066
0.357075
0.352913
0.350096
0.348948
0.34965
0.352151
0.356159
0.361217
0.36675
0.372067
0.376501
0.379511
0.380769
0.380215
0.378052
0.37468
0.370626
0.366408
0.362417
0.358901
0.355965
0.353577
0.351654
0.350155
0.349117
0.348706
0.349193
0.350911
0.354112
0.358846
0.364922
0.371854
0.378968
0.385556
0.391025
0.394967
0.397289
0.398117
0.397766
0.396706
0.395365
0.394072
0.393005
0.392222
0.391642
0.391129
0.390543
0.389753
0.38866
0.38714
0.38509
0.382429
0.379187
0.37547
0.371494
0.367545
0.364
0.361166
0.359244
0.358308
0.358262
0.358872
0.359905
0.361208
0.362696
0.364348
0.366145
0.368036
0.369872
0.371476
0.372625
0.373173
0.373032
0.372178
0.370737
0.368936
0.367045
0.365413
0.364386
0.364292
0.365379
0.367693
0.37107
0.375137
0.379382
0.383225
0.386184
0.387967
0.388511
0.387979
0.386622
0.384813
0.382832
0.380909
0.379124
0.377394
0.37556
0.373444
0.370918
0.36804
0.36504
0.362231
0.359937
0.358445
0.357962
0.358592
0.360382
0.363272
0.36718
0.371908
0.377214
0.382757
0.388126
0.392807
0.396287
0.398115
0.397935
0.395555
0.390977
0.384484
0.376641
0.368292
0.360483
0.354312
0.350745
0.350345
0.353181
0.358837
0.366554
0.375404
0.384432
0.392788
0.399792
0.404972
0.40801
0.408772
0.407356
0.40401
0.399121
0.393188
0.386704
0.380115
0.373791
0.367891
0.362521
0.357812
0.353958
0.351317
0.350312
0.351204
0.353976
0.358254
0.363439
0.368818
0.373726
0.377629
0.38018
0.381216
0.380762
0.378981
0.376161
0.372686
0.368988
0.365455
0.362456
0.360276
0.359114
0.359069
0.36018
0.362435
0.365654
0.369559
0.37383
0.378082
0.381928
0.385054
0.387237
0.388373
0.388508
0.387785
0.386409
0.384597
0.382466
0.380065
0.377448
0.374689
0.371938
0.369493
0.367774
0.367147
0.367877
0.369958
0.37317
0.377109
0.381245
0.385024
0.387955
0.38965
0.389897
0.388662
0.386076
0.382427
0.378084
0.373469
0.369007
0.365104
0.362059
0.36006
0.359182
0.359326
0.36026
0.361697
0.363243
0.364591
0.365581
0.366249
0.366808
0.367633
0.369143
0.371673
0.375394
0.380193
0.385737
0.391507
0.396945
0.401545
0.404865
0.40659
0.406541
0.404685
0.401061
0.395826
0.389315
0.382046
0.374722
0.3681
0.362889
0.359603
0.358467
0.3593
0.361539
0.364455
0.367298
0.369444
0.370522
0.370408
0.369246
0.367339
0.365082
0.362827
0.360824
0.359186
0.357935
0.357055
0.356531
0.356377
0.356646
0.35732
0.358298
0.359386
0.360322
0.360807
0.360538
0.359343
0.357264
0.354659
0.352059
0.3502
0.349846
0.351613
0.355826
0.362416
0.370911
0.380577
0.390455
0.399565
0.40703
0.412143
0.414474
0.413895
0.410665
0.405345
0.398765
0.391795
0.385167
0.379289
0.374224
0.369878
0.366166
0.36313
0.360929
0.359733
0.359712
0.360887
0.363142
0.366216
0.369791
0.373534
0.377149
0.380462
0.383365
0.385724
0.387421
0.388385
0.388641
0.38839
0.387948
0.38761
0.387525
0.387642
0.387775
0.387702
0.38733
0.386704
0.385934
0.38517
0.384507
0.383955
0.383404
0.382661
0.381469
0.379597
0.376807
0.372958
0.368101
0.362482
0.3566
0.351123
0.346752
0.344114
0.343599
0.345204
0.348608
0.353184
0.358207
0.362908
0.366606
0.368771
0.369099
0.36758
0.364513
0.360436
0.356065
0.352224
0.349659
0.348997
0.350608
0.35454
0.360562
0.368157
0.3766
0.385135
0.393003
0.399576
0.404411
0.40725
0.408047
0.406938
0.40425
0.400412
0.395946
0.391397
0.387255
0.383919
0.381544
0.38009
0.37931
0.378878
0.378472
0.377876
0.376971
0.375724
0.374122
0.372124
0.369655
0.366668
0.363136
0.359124
0.354826
0.350573
0.346802
0.344058
0.342894
0.343812
0.347164
0.353113
0.361574
0.372127
0.384035
0.396343
0.40793
0.417711
0.424785
0.428479
0.428515
0.424991
0.418375
0.40945
0.399194
0.388633
0.37867
0.369912
0.362611
0.356727
0.352007
0.348137
0.344824
0.341934
0.339476
0.337535
0.33627
0.335888
0.336553
0.338376
0.341415
0.345609
0.350827
0.356885
0.363577
0.370664
0.377891
0.384993
0.391624
0.397438
0.402121
0.405419
0.407229
0.407489
0.406256
0.403679
0.399912
0.395202
0.389873
0.384309
0.378965
0.374323
0.370795
0.36865
0.36798
0.368702
0.370542
0.37317
0.376131
0.379005
0.381439
0.383088
0.38369
0.382989
0.380802
0.377026
0.371729
0.365155
0.357786
0.350339
0.343663
0.338576
0.335778
0.335599
0.337991
0.342542
0.348588
0.355378
0.362225
0.368547
0.373924
0.378084
0.380879
0.382269
0.382358
0.381411
0.379852
0.37816
0.376772
0.375954
0.375728
0.375876
0.376135
0.376252
0.376145
0.375825
0.375356
0.374816
0.374283
0.373766
0.373267
0.372845
0.372618
0.372771
0.373533
0.375089
0.377575
0.380986
0.385172
0.389901
0.394848
0.399565
0.403481
0.406037
0.406676
0.404986
0.40084
0.394458
0.386366
0.377407
0.368556
0.360858
0.355195
0.352194
0.352136
0.354936
0.360101
0.366862
0.374276
0.381409
0.387446
0.391734
0.393946
0.394058
0.39229
0.389017
0.384679
0.379714
0.374511
0.369345
0.364357
0.359647
0.355261
0.351208
0.347532
0.344372
0.341954
0.34059
0.34057
0.342123
0.345316
0.350012
0.355918
0.362628
0.369711
0.376727
0.383302
0.389108
0.393848
0.397302
0.3993
0.399797
0.39887
0.396735
0.393759
0.39039
0.387097
0.38434
0.382599
0.382261
0.38358
0.386564
0.390994
0.396347
0.401894
0.406825
0.410345
0.411801
0.410786
0.407173
0.401081
0.39284
0.383008
0.372285
0.361457
0.351268
0.342362
0.335239
0.330215
0.327444
0.326901
0.328481
0.33192
0.336923
0.343162
0.350301
0.358032
0.366065
0.374085
0.381759
0.388752
0.394722
0.39935
0.402271
0.403225
0.402071
0.398925
0.394078
0.387989
0.381294
0.37471
0.36892
0.364492
0.361844
0.361138
0.362318
0.365191
0.369439
0.37463
0.380292
0.385886
0.418427
0.421225
0.421685
0.419573
0.414898
0.407895
0.399009
0.38892
0.378453
0.368513
0.359972
0.353549
0.349682
0.348534
0.349903
0.353275
0.357928
0.363062
0.368
0.372311
0.375886
0.378899
0.381644
0.384408
0.387376
0.390597
0.394043
0.397633
0.401215
0.404584
0.407596
0.410121
0.412016
0.413114
0.413283
0.412396
0.410352
0.407161
0.402958
0.397924
0.392266
0.386258
0.380248
0.374653
0.369959
0.366616
0.364926
0.364918
0.366343
0.368767
0.371635
0.374473
0.376953
0.378902
0.3803
0.381202
0.381695
0.381883
0.381899
0.381905
0.382081
0.382643
0.383717
0.38535
0.387504
0.390027
0.392652
0.3951
0.397129
0.398612
0.399517
0.399919
0.399963
0.399744
0.399339
0.398811
0.398219
0.397609
0.397025
0.396424
0.395747
0.394963
0.394047
0.393045
0.392066
0.39124
0.390611
0.390183
0.389888
0.38962
0.38931
0.388893
0.388305
0.387456
0.386308
0.38497
0.383675
0.382752
0.382522
0.383228
0.385008
0.38779
0.39143
0.39563
0.400039
0.404239
0.40779
0.410316
0.411581
0.411459
0.40996
0.407245
0.403612
0.399381
0.394854
0.39025
0.385674
0.381123
0.376522
0.371847
0.36717
0.362663
0.358603
0.355328
0.353127
0.352186
0.352598
0.354345
0.357323
0.36145
0.366639
0.372844
0.379954
0.387759
0.395872
0.403676
0.410436
0.415378
0.417874
0.417576
0.414527
0.409214
0.402431
0.395216
0.388633
0.383545
0.380528
0.379765
0.381134
0.384274
0.388664
0.393707
0.398802
0.403425
0.407183
0.409774
0.411067
0.411094
0.409964
0.407818
0.404779
0.401012
0.396693
0.392071
0.387477
0.383276
0.379795
0.377321
0.375975
0.375738
0.376466
0.377893
0.379738
0.381723
0.383646
0.38533
0.386684
0.387639
0.388114
0.388047
0.387364
0.386031
0.384081
0.381656
0.37901
0.376484
0.374481
0.373318
0.373206
0.374238
0.376342
0.379318
0.382867
0.386631
0.390175
0.393098
0.395093
0.396004
0.39581
0.394707
0.393018
0.391158
0.389494
0.388318
0.387717
0.387641
0.38792
0.388272
0.388382
0.387995
0.386946
0.385198
0.382829
0.380007
0.376923
0.373752
0.370732
0.368199
0.36652
0.366074
0.367234
0.370241
0.375169
0.381857
0.38991
0.398719
0.407506
0.415482
0.421903
0.426127
0.427678
0.426335
0.422144
0.415418
0.406759
0.396994
0.387054
0.377896
0.370432
0.365415
0.363291
0.364123
0.367559
0.372891
0.37919
0.385466
0.390857
0.394795
0.396984
0.39749
0.396644
0.394897
0.392736
0.390565
0.388652
0.387217
0.386488
0.386649
0.38784
0.390022
0.392984
0.396364
0.399742
0.402627
0.404635
0.405456
0.404902
0.402946
0.399661
0.395235
0.389986
0.38435
0.378852
0.374157
0.370986
0.369994
0.371617
0.37595
0.382647
0.3909
0.399545
0.407313
0.413099
0.416185
0.416318
0.413717
0.408954
0.402792
0.396015
0.389277
0.383057
0.377649
0.373287
0.370176
0.368557
0.368673
0.370689
0.374625
0.380247
0.387063
0.394374
0.401301
0.40693
0.410495
0.411454
0.409628
0.405254
0.398936
0.391577
0.384194
0.377709
0.372841
0.370031
0.369359
0.370704
0.373751
0.378091
0.383261
0.388746
0.393953
0.398307
0.401307
0.402537
0.401719
0.398819
0.394012
0.3877
0.380462
0.373004
0.366104
0.360428
0.356555
0.354845
0.355447
0.358268
0.362922
0.368804
0.375179
0.381271
0.386378
0.390027
0.392027
0.392436
0.391541
0.389727
0.387419
0.385024
0.382818
0.381008
0.379722
0.379005
0.378862
0.379221
0.379948
0.380891
0.381889
0.38282
0.383692
0.384594
0.385663
0.387006
0.38861
0.390376
0.39212
0.393622
0.394719
0.395246
0.395072
0.394125
0.392418
0.390055
0.387289
0.384511
0.38212
0.38051
0.379933
0.380491
0.382125
0.384627
0.387764
0.391345
0.395234
0.39934
0.403568
0.407735
0.41153
0.414464
0.41602
0.415696
0.413107
0.408138
0.401004
0.392253
0.38276
0.373604
0.365942
0.360826
0.359063
0.361043
0.366646
0.375207
0.385613
0.396538
0.406636
0.414783
0.420239
0.422762
0.422522
0.420146
0.416493
0.412436
0.408695
0.405733
0.403741
0.402677
0.402312
0.402291
0.402252
0.401831
0.400739
0.398779
0.395892
0.392151
0.387731
0.382911
0.377963
0.373197
0.36887
0.365078
0.361814
0.358931
0.356166
0.353212
0.349852
0.346042
0.341921
0.337885
0.334531
0.332552
0.332635
0.33536
0.341083
0.349827
0.361267
0.37482
0.38969
0.404933
0.419558
0.432517
0.442875
0.449899
0.453155
0.452527
0.448193
0.440681
0.430775
0.419369
0.407407
0.395804
0.38539
0.376786
0.370402
0.366309
0.364266
0.363762
0.364111
0.364622
0.36481
0.364518
0.363961
0.363667
0.364336
0.366544
0.370643
0.376564
0.383889
0.391914
0.399824
0.406847
0.412334
0.415855
0.417257
0.416633
0.414348
0.411018
0.407494
0.40465
0.40321
0.403637
0.405934
0.409637
0.41397
0.417966
0.420718
0.421531
0.420046
0.416273
0.41045
0.402961
0.394255
0.384772
0.374958
0.365263
0.356197
0.348266
0.342057
0.338095
0.336805
0.338384
0.342793
0.349713
0.358548
0.3685
0.378642
0.388064
0.395964
0.401738
0.405089
0.406037
0.404955
0.402476
0.399424
0.396631
0.394782
0.394266
0.39515
0.397182
0.399973
0.403161
0.406448
0.409689
0.412794
0.41568
0.41817
0.419877
0.420283
0.418828
0.415098
0.408897
0.400373
0.390014
0.378612
0.367245
0.3572
0.349747
0.345813
0.345662
0.348753
0.354055
0.360402
0.36685
0.372764
0.377859
0.382079
0.385499
0.38826
0.390511
0.392377
0.393923
0.395195
0.396187
0.396872
0.397189
0.39712
0.396746
0.396194
0.395634
0.395212
0.395038
0.395187
0.39568
0.396526
0.397647
0.398898
0.400083
0.400918
0.40119
0.400755
0.399558
0.397685
0.395349
0.392832
0.390387
0.388259
0.386602
0.385462
0.384775
0.384419
0.384184
0.383864
0.383283
0.382361
0.381137
0.379823
0.378805
0.378575
0.379592
0.382188
0.386461
0.392177
0.398806
0.405606
0.411694
0.41619
0.418303
0.417482
0.413474
0.406406
0.396797
0.385593
0.373991
0.363298
0.354728
0.349266
0.347563
0.349873
0.356001
0.365287
0.376602
0.388545
0.399645
0.408684
0.414845
0.417795
0.417632
0.414793
0.409968
0.404103
0.398294
0.393575
0.390661
0.389793
0.390741
0.392889
0.39545
0.397659
0.398972
0.399072
0.397935
0.395749
0.392845
0.389705
0.386753
0.384437
0.383111
0.382991
0.384175
0.386615
0.390099
0.394306
0.398798
0.403077
0.406627
0.408994
0.409851
0.40899
0.40638
0.402128
0.396491
0.389798
0.382523
0.375167
0.3683
0.36248
0.358277
0.356149
0.356338
0.358846
0.363374
0.369398
0.376247
0.383233
0.389756
0.39529
0.399457
0.402001
0.402861
0.402183
0.40027
0.397538
0.394386
0.391052
0.387656
0.38419
0.380597
0.37687
0.373117
0.369583
0.366678
0.364876
0.36463
0.36623
0.369639
0.374512
0.380202
0.385974
0.391167
0.395413
0.398656
0.401089
0.402886
0.404092
0.404658
0.404534
0.403801
0.402732
0.40169
0.400951
0.400678
0.400826
0.401166
0.401326
0.400878
0.39944
0.396791
0.393014
0.38855
0.384154
0.380734
0.378997
0.379278
0.381445
0.385011
0.389364
0.39394
0.398318
0.402187
0.405303
0.407467
0.408461
0.408142
0.406449
0.403463
0.399377
0.394526
0.389301
0.384106
0.379351
0.375307
0.372117
0.369745
0.368039
0.366776
0.365806
0.365081
0.36474
0.365054
0.366294
0.368672
0.37227
0.377043
0.382772
0.389126
0.395667
0.401817
0.406971
0.410545
0.412088
0.411406
0.408634
0.404267
0.399074
0.393864
0.389345
0.386001
0.384055
0.383499
0.384139
0.385693
0.387858
0.390407
0.393222
0.396195
0.39923
0.402178
0.404816
0.406875
0.408088
0.408223
0.407156
0.40491
0.401569
0.397321
0.392335
0.386756
0.380724
0.374343
0.367783
0.361321
0.355508
0.3511
0.349014
0.350136
0.355087
0.363915
0.376003
0.390147
0.404847
0.418592
0.430077
0.438396
0.443061
0.443902
0.44108
0.435066
0.426527
0.416233
0.40502
0.393699
0.383055
0.373795
0.366568
0.361877
0.360053
0.361161
0.364947
0.370836
0.377966
0.385299
0.39177
0.396533
0.399046
0.399103
0.396843
0.392637
0.386958
0.38024
0.372836
0.365106
0.357439
0.350419
0.344763
0.341268
0.340628
0.343205
0.348911
0.357306
0.367727
0.379409
0.391608
0.403591
0.414623
0.424015
0.43117
0.435667
0.437314
0.436207
0.432619
0.427024
0.419972
0.412041
0.403741
0.39555
0.387809
0.38082
0.374776
0.369833
0.366052
0.363475
0.362148
0.362128
0.363485
0.366243
0.370326
0.375515
0.381442
0.387627
0.393574
0.398821
0.402995
0.405909
0.407542
0.408042
0.407686
0.406711
0.405228
0.403198
0.400417
0.396632
0.391646
0.385401
0.378073
0.369987
0.361663
0.353808
0.347208
0.342571
0.340428
0.34112
0.344732
0.351092
0.359839
0.370442
0.382216
0.394372
0.406125
0.416639
0.42518
0.431223
0.434455
0.434769
0.432344
0.42755
0.420881
0.412849
0.403982
0.394825
0.385923
0.377807
0.371019
0.366056
0.363306
0.363042
0.365302
0.369962
0.376659
0.384828
0.393719
0.402494
0.41034
0.416535
0.42052
0.421955
0.420713
0.416849
0.410566
0.402214
0.392308
0.381475
0.370556
0.360467
0.352173
0.346483
0.343946
0.344825
0.349064
0.356298
0.365896
0.37704
0.388769
0.400105
0.410134
0.418148
0.42371
0.42667
0.427126
0.425399
0.421989
0.417443
0.412316
0.407035
0.401909
0.397049
0.39241
0.387824
0.383075
0.377954
0.37238
0.366465
0.36061
0.355455
0.351872
0.350685
0.352419
0.35713
0.364346
0.373176
0.382464
0.391028
0.397782
0.401898
0.402909
0.400755
0.395799
0.388853
0.381077
0.3738
0.368282
0.365502
0.365961
0.3697
0.376364
0.385333
0.39582
0.407021
0.418139
0.428355
0.436836
0.442844
0.445708
0.445006
0.4406
0.432706
0.421858
0.408939
0.394966
0.381052
0.36815
0.357019
0.348194
0.453048
0.444966
0.437316
0.430548
0.425053
0.421088
0.418759
0.417934
0.418402
0.420016
0.422698
0.426534
0.431603
0.437841
0.444887
0.452119
0.458748
0.463936
0.467048
0.467764
0.466093
0.462437
0.45748
0.452045
0.446994
0.443054
0.44066
0.439868
0.440385
0.441735
0.443388
0.445022
0.44654
0.448084
0.449953
0.452391
0.455446
0.458881
0.462265
0.465059
0.466743
0.466897
0.465264
0.461727
0.456345
0.449349
0.441193
0.432534
0.424162
0.417001
0.411985
0.409868
0.411037
0.415327
0.422106
0.430427
0.439264
0.447761
0.455343
0.461708
0.46681
0.470721
0.473542
0.475338
0.476105
0.475876
0.474758
0.472936
0.470762
0.468639
0.466963
0.465967
0.465728
0.466141
0.466905
0.467618
0.467869
0.467293
0.465566
0.462476
0.457949
0.452037
0.444922
0.436948
0.428583
0.420324
0.412691
0.406204
0.401251
0.398312
0.397877
0.400314
0.405656
0.413437
0.422706
0.432288
0.441099
0.448287
0.453356
0.456103
0.456584
0.455073
0.452003
0.447935
0.443531
0.439456
0.436289
0.434509
0.434483
0.436453
0.440502
0.446595
0.454449
0.463572
0.473173
0.482157
0.48921
0.493002
0.492402
0.486821
0.47637
0.462003
0.445397
0.428732
0.414265
0.403918
0.39881
0.399056
0.403873
0.411808
0.421144
0.43018
0.437555
0.442433
0.444561
0.444277
0.442482
0.440351
0.439142
0.439858
0.44303
0.448537
0.455715
0.463557
0.470978
0.477068
0.481245
0.483203
0.482934
0.48064
0.476633
0.471296
0.465038
0.458165
0.450988
0.443758
0.436745
0.430269
0.424722
0.420484
0.417829
0.416813
0.417221
0.418678
0.420836
0.423435
0.42636
0.429603
0.433188
0.437088
0.441165
0.44514
0.448705
0.451646
0.453865
0.455451
0.456484
0.457049
0.457136
0.456644
0.455422
0.453325
0.450359
0.446722
0.442779
0.439031
0.436039
0.434361
0.434373
0.436263
0.440016
0.445349
0.451758
0.45861
0.46524
0.471076
0.475708
0.478874
0.480421
0.480284
0.47841
0.474844
0.469714
0.46323
0.455687
0.447593
0.439645
0.432703
0.427643
0.425181
0.425631
0.428864
0.434257
0.44092
0.447923
0.454417
0.459709
0.463304
0.464825
0.464088
0.461166
0.45643
0.450619
0.444747
0.439989
0.437449
0.437829
0.441242
0.447152
0.454432
0.461723
0.467743
0.471576
0.472775
0.471409
0.467975
0.463172
0.457668
0.451919
0.44613
0.440276
0.434257
0.428034
0.421725
0.415688
0.410459
0.406625
0.404705
0.405046
0.407666
0.412317
0.418583
0.425951
0.433899
0.442015
0.45
0.457654
0.464845
0.471497
0.477571
0.482956
0.487482
0.490871
0.492763
0.492745
0.490468
0.485666
0.478178
0.468101
0.455787
0.441929
0.427586
0.414211
0.40345
0.396852
0.395516
0.399858
0.409501
0.423334
0.439824
0.457229
0.47386
0.488206
0.499095
0.505773
0.507941
0.505795
0.499924
0.491333
0.481296
0.471275
0.462458
0.455467
0.450296
0.446392
0.443099
0.439924
0.436666
0.433348
0.430108
0.427134
0.424505
0.42221
0.420202
0.418483
0.417054
0.415961
0.415196
0.414681
0.414194
0.413557
0.412782
0.412187
0.412391
0.414166
0.4182
0.424889
0.434206
0.445659
0.458371
0.471197
0.482956
0.492588
0.499257
0.50251
0.502285
0.498885
0.492906
0.485117
0.476265
0.466987
0.457748
0.448868
0.4406
0.433214
0.426984
0.422205
0.419112
0.417849
0.418424
0.420793
0.424876
0.430567
0.437765
0.446286
0.455727
0.465455
0.474686
0.482676
0.488792
0.492707
0.49436
0.493831
0.491281
0.486867
0.480677
0.472853
0.463654
0.453518
0.442982
0.432694
0.423363
0.415609
0.409863
0.406322
0.404912
0.405405
0.407469
0.4108
0.415104
0.420133
0.425607
0.431211
0.436572
0.441324
0.44521
0.448111
0.45017
0.45169
0.45301
0.454443
0.456148
0.45805
0.459922
0.461442
0.462256
0.462031
0.460568
0.457796
0.453782
0.448743
0.443027
0.43694
0.430782
0.424858
0.41949
0.415115
0.412238
0.411346
0.412771
0.41657
0.422536
0.430302
0.439428
0.449524
0.460138
0.470744
0.480783
0.489572
0.49641
0.50058
0.501425
0.49858
0.492084
0.482507
0.470965
0.458974
0.448137
0.439797
0.434745
0.433089
0.434365
0.437729
0.442156
0.446751
0.450794
0.45372
0.455194
0.455035
0.45322
0.449958
0.445737
0.441263
0.437388
0.434915
0.434401
0.435881
0.438977
0.442995
0.447133
0.450709
0.453391
0.455124
0.456123
0.456711
0.457208
0.457788
0.458425
0.458911
0.45895
0.458228
0.456591
0.454074
0.450898
0.447449
0.444188
0.441576
0.440075
0.440047
0.441725
0.445088
0.449687
0.454677
0.458922
0.461263
0.460856
0.457404
0.4513
0.443531
0.435471
0.428489
0.423664
0.421513
0.421991
0.424519
0.428253
0.432322
0.435954
0.438587
0.439935
0.439934
0.438737
0.436652
0.434167
0.431852
0.430316
0.430022
0.431305
0.434219
0.438598
0.444155
0.450564
0.457581
0.465046
0.472854
0.480898
0.488925
0.496561
0.503293
0.508455
0.511331
0.511326
0.508035
0.50133
0.491437
0.478962
0.464788
0.450059
0.436019
0.423823
0.414293
0.40778
0.404091
0.402569
0.402317
0.402445
0.402282
0.401547
0.400368
0.399256
0.398932
0.400185
0.40364
0.409571
0.417813
0.427805
0.438672
0.449432
0.459176
0.467218
0.473201
0.477079
0.479028
0.47939
0.478502
0.476669
0.474098
0.470985
0.467476
0.463641
0.459496
0.455115
0.450502
0.44572
0.440905
0.436157
0.43161
0.427385
0.423665
0.420622
0.418497
0.417537
0.417981
0.42003
0.423793
0.42925
0.436213
0.444279
0.452868
0.461275
0.468812
0.474862
0.478986
0.480981
0.480797
0.478591
0.474612
0.469208
0.462791
0.455841
0.448899
0.442544
0.437308
0.433578
0.431568
0.431216
0.432272
0.434439
0.437549
0.441601
0.446702
0.452747
0.459244
0.465214
0.469538
0.471296
0.469998
0.465669
0.458878
0.450669
0.442412
0.435567
0.431221
0.429866
0.431291
0.434746
0.439313
0.444156
0.448621
0.452191
0.454551
0.455586
0.455374
0.454221
0.452527
0.450714
0.449167
0.448133
0.447679
0.447709
0.448103
0.448615
0.44906
0.449229
0.448955
0.44814
0.446806
0.445103
0.443236
0.441392
0.43968
0.438188
0.436979
0.436153
0.435887
0.436355
0.43766
0.439816
0.442632
0.445772
0.448834
0.451436
0.453313
0.454452
0.455029
0.455411
0.455928
0.456884
0.458446
0.460662
0.463466
0.466632
0.469853
0.472779
0.475134
0.476766
0.477688
0.477993
0.477734
0.476832
0.475125
0.472375
0.468404
0.463107
0.456401
0.448194
0.43848
0.42739
0.415289
0.402833
0.390954
0.380726
0.373252
0.369389
0.369682
0.374227
0.382661
0.394191
0.407776
0.422184
0.43621
0.448792
0.459078
0.466494
0.470817
0.472151
0.470929
0.467863
0.463848
0.459747
0.456346
0.454244
0.453818
0.455112
0.457962
0.462034
0.46683
0.471695
0.475914
0.478794
0.479788
0.478526
0.474927
0.469197
0.461816
0.453474
0.445011
0.437269
0.430907
0.426264
0.423435
0.422272
0.42253
0.423994
0.426527
0.430002
0.434278
0.439223
0.444691
0.450537
0.456562
0.462584
0.468298
0.473315
0.477236
0.479769
0.480802
0.480402
0.47877
0.476225
0.473112
0.469677
0.466022
0.462178
0.458079
0.453652
0.448853
0.443653
0.438152
0.432491
0.426823
0.421303
0.41605
0.411131
0.406524
0.402233
0.398381
0.395213
0.393088
0.392432
0.393731
0.397429
0.40383
0.412955
0.424487
0.437761
0.451849
0.465697
0.478217
0.488453
0.495626
0.499205
0.498989
0.495234
0.488671
0.480475
0.472131
0.4652
0.460868
0.459736
0.461711
0.466095
0.471857
0.477835
0.482963
0.486299
0.487072
0.484759
0.479106
0.470274
0.458884
0.446015
0.433082
0.421608
0.412985
0.408177
0.407538
0.410737
0.416861
0.424635
0.4327
0.439847
0.445205
0.448398
0.449441
0.448746
0.446962
0.444787
0.442873
0.441627
0.441146
0.441171
0.441278
0.441101
0.440482
0.439517
0.438488
0.437756
0.437599
0.438118
0.439268
0.440954
0.443116
0.445706
0.448711
0.452068
0.455604
0.458981
0.461757
0.463556
0.464258
0.463962
0.462971
0.461563
0.459905
0.458081
0.456214
0.454557
0.453257
0.45226
0.451379
0.450343
0.44901
0.447401
0.445682
0.444064
0.442718
0.441744
0.441206
0.44126
0.4421
0.443919
0.446808
0.450665
0.455181
0.459835
0.464005
0.467013
0.468288
0.467454
0.464465
0.459544
0.453161
0.446016
0.438891
0.432565
0.427716
0.42477
0.423903
0.425012
0.427816
0.431921
0.436891
0.442317
0.447765
0.452878
0.45732
0.460815
0.463247
0.464652
0.46527
0.465489
0.465837
0.466759
0.468498
0.470919
0.473467
0.47533
0.475662
0.473841
0.469673
0.463455
0.45584
0.447654
0.43982
0.43309
0.427967
0.424718
0.423331
0.423633
0.42537
0.428202
0.43172
0.435532
0.43927
0.442603
0.445239
0.446964
0.447691
0.447544
0.446773
0.445787
0.445038
0.444914
0.445657
0.447267
0.449445
0.451608
0.453079
0.453311
0.452001
0.449234
0.445394
0.441089
0.436933
0.433418
0.430866
0.429352
0.428728
0.428719
0.429116
0.429858
0.431096
0.433092
0.436103
0.440195
0.445111
0.450345
0.455347
0.459668
0.46311
0.465774
0.467942
0.469905
0.471919
0.474058
0.47618
0.477992
0.479042
0.478869
0.477113
0.473636
0.468584
0.462397
0.455711
0.44929
0.44381
0.439711
0.43717
0.436116
0.436372
0.437795
0.440296
0.443743
0.447887
0.452318
0.456519
0.460017
0.462441
0.463661
0.463755
0.462819
0.46096
0.458193
0.454496
0.449867
0.444463
0.438642
0.432851
0.427493
0.422875
0.419121
0.416194
0.414007
0.412485
0.411638
0.411582
0.412463
0.414392
0.417459
0.42169
0.427049
0.433467
0.44084
0.448968
0.457529
0.466034
0.473842
0.480236
0.484526
0.486154
0.484893
0.480789
0.474177
0.465677
0.45612
0.446446
0.437559
0.430251
0.425073
0.422373
0.422218
0.424441
0.428655
0.434304
0.440704
0.44713
0.4529
0.457438
0.460255
0.349046
0.351234
0.353675
0.356038
0.358144
0.359986
0.361686
0.363495
0.36573
0.368752
0.372978
0.3788
0.386488
0.396079
0.407218
0.41918
0.430939
0.441262
0.448971
0.453089
0.453084
0.449022
0.441591
0.431923
0.421459
0.411464
0.402896
0.396203
0.391382
0.388123
0.38602
0.384675
0.383735
0.382954
0.382141
0.381182
0.380061
0.378871
0.377817
0.377108
0.376977
0.377573
0.378909
0.380843
0.383075
0.385213
0.386876
0.387794
0.38783
0.387013
0.385513
0.38364
0.381759
0.380255
0.379469
0.379621
0.380783
0.382954
0.386107
0.390198
0.395133
0.400741
0.406706
0.412599
0.417923
0.422221
0.425078
0.426165
0.425273
0.422321
0.417351
0.410512
0.402099
0.39256
0.382477
0.37255
0.363524
0.356089
0.350799
0.347963
0.347645
0.349695
0.353777
0.359469
0.366314
0.373848
0.381607
0.389105
0.39586
0.401414
0.405375
0.40754
0.40793
0.40676
0.404469
0.401656
0.398997
0.397156
0.396627
0.397626
0.400023
0.403354
0.406964
0.410139
0.412269
0.412876
0.411641
0.408414
0.403207
0.396169
0.387693
0.378386
0.369133
0.360937
0.354743
0.351179
0.350384
0.351999
0.355401
0.360002
0.365415
0.371467
0.378106
0.38518
0.392414
0.399384
0.405617
0.410691
0.414267
0.41615
0.416333
0.414979
0.412439
0.409283
0.406107
0.403396
0.401299
0.399542
0.397589
0.394876
0.391047
0.386141
0.380461
0.37463
0.36936
0.365281
0.362834
0.362178
0.363233
0.365756
0.369373
0.373637
0.378017
0.381994
0.385129
0.387207
0.388287
0.388756
0.389258
0.390434
0.39266
0.395831
0.399465
0.402913
0.40567
0.407486
0.408324
0.408282
0.407536
0.406217
0.40444
0.40224
0.399643
0.396643
0.393293
0.389672
0.385859
0.381923
0.378001
0.374346
0.371361
0.369588
0.36962
0.371891
0.376553
0.383322
0.391615
0.400599
0.409368
0.417004
0.422622
0.425505
0.42519
0.421488
0.414548
0.404873
0.393272
0.380777
0.3686
0.357973
0.34999
0.345451
0.344779
0.347891
0.354279
0.363055
0.373092
0.3832
0.392321
0.399676
0.404874
0.407866
0.408868
0.408298
0.406616
0.404196
0.401363
0.398358
0.39536
0.392498
0.389932
0.387809
0.386227
0.385226
0.384797
0.384865
0.385305
0.386036
0.386972
0.388015
0.388993
0.389749
0.390174
0.390199
0.389827
0.389088
0.388036
0.386782
0.385485
0.384376
0.38368
0.383626
0.384422
0.386222
0.389019
0.392699
0.397059
0.40189
0.406914
0.411885
0.416581
0.420747
0.424093
0.426301
0.427024
0.425922
0.422786
0.417499
0.410134
0.400957
0.39041
0.379088
0.367618
0.356663
0.346901
0.338967
0.333369
0.330489
0.330595
0.333779
0.339959
0.348882
0.359973
0.372436
0.38521
0.397091
0.406907
0.413693
0.416746
0.415788
0.410962
0.402776
0.392136
0.380216
0.368334
0.35775
0.34952
0.344379
0.342703
0.344479
0.349386
0.356932
0.366457
0.377289
0.388778
0.400355
0.411528
0.421872
0.430985
0.438532
0.444176
0.447592
0.448525
0.446839
0.44256
0.435908
0.427293
0.417264
0.406452
0.395534
0.385177
0.375938
0.368223
0.362289
0.358243
0.356087
0.355736
0.356987
0.359555
0.363094
0.367221
0.371528
0.375614
0.379122
0.381761
0.383347
0.383844
0.383434
0.382464
0.381461
0.381002
0.381676
0.383884
0.387751
0.393033
0.399147
0.405241
0.410412
0.413901
0.415205
0.414256
0.411349
0.407075
0.402183
0.397361
0.393065
0.389462
0.386475
0.383893
0.381484
0.3791
0.376691
0.374332
0.372111
0.370108
0.36844
0.367222
0.366615
0.366822
0.368015
0.370266
0.373526
0.377641
0.382385
0.387531
0.392904
0.398436
0.40409
0.409844
0.415564
0.421005
0.425792
0.429431
0.43147
0.431563
0.429611
0.425737
0.42025
0.413613
0.406373
0.399019
0.391925
0.385342
0.379436
0.374314
0.370066
0.366757
0.364456
0.363204
0.362955
0.363635
0.365118
0.367252
0.369857
0.372696
0.375444
0.377719
0.379167
0.379439
0.37841
0.376261
0.37348
0.370837
0.369279
0.369647
0.372391
0.37744
0.384232
0.391867
0.399404
0.406011
0.411145
0.414503
0.416061
0.415991
0.414615
0.412335
0.409576
0.406734
0.404109
0.401834
0.399909
0.39821
0.396508
0.3946
0.392268
0.38945
0.386142
0.382408
0.378346
0.37418
0.370245
0.366995
0.364991
0.364808
0.366798
0.371083
0.377478
0.385502
0.394416
0.403305
0.411221
0.417337
0.421011
0.421877
0.419852
0.415153
0.408264
0.399945
0.391158
0.382926
0.37627
0.371984
0.370495
0.371848
0.375705
0.38141
0.38819
0.395265
0.401931
0.407609
0.41188
0.414431
0.415033
0.413539
0.409919
0.404308
0.396979
0.388381
0.379009
0.369487
0.360466
0.352574
0.346354
0.342201
0.34024
0.340384
0.342312
0.345605
0.349817
0.354616
0.359808
0.365347
0.371286
0.377668
0.384521
0.391757
0.399189
0.40648
0.413171
0.418771
0.422769
0.424705
0.424294
0.421448
0.416272
0.409126
0.400576
0.391328
0.382262
0.374306
0.368314
0.364907
0.364329
0.366465
0.370859
0.376828
0.383594
0.390444
0.39681
0.402293
0.406605
0.409564
0.411046
0.410994
0.409437
0.406527
0.402593
0.39814
0.393729
0.389884
0.38702
0.385319
0.384815
0.385404
0.386919
0.38913
0.391781
0.39453
0.39699
0.398727
0.399351
0.398488
0.395902
0.391515
0.385529
0.378443
0.371101
0.364604
0.360103
0.358562
0.360299
0.364931
0.371558
0.379038
0.386333
0.392629
0.397431
0.400499
0.401868
0.401778
0.400636
0.398909
0.397009
0.395207
0.393603
0.392166
0.390818
0.389522
0.388308
0.387231
0.386358
0.385665
0.385074
0.384408
0.383487
0.38216
0.380326
0.378028
0.375504
0.373069
0.371141
0.370161
0.370509
0.372406
0.375878
0.380775
0.386732
0.39326
0.399781
0.405636
0.410253
0.413195
0.414289
0.413689
0.411784
0.409115
0.406265
0.403748
0.401891
0.400762
0.400213
0.399974
0.39964
0.398867
0.397375
0.395029
0.391814
0.387832
0.383267
0.378398
0.373576
0.369227
0.365805
0.363737
0.363348
0.364776
0.367964
0.372653
0.378429
0.38477
0.391138
0.397034
0.402038
0.40586
0.4083
0.409245
0.408624
0.406431
0.402782
0.39789
0.392062
0.385707
0.379326
0.373467
0.368612
0.36512
0.36319
0.362794
0.363766
0.365851
0.368714
0.372035
0.375642
0.379453
0.383494
0.387825
0.392456
0.397273
0.402031
0.406423
0.410132
0.41291
0.414606
0.415145
0.414556
0.41295
0.410544
0.407612
0.404479
0.401462
0.398804
0.396671
0.395144
0.394216
0.393807
0.393807
0.394084
0.394476
0.394864
0.395121
0.395152
0.394892
0.394289
0.393297
0.391926
0.390206
0.388248
0.38626
0.384543
0.383405
0.383146
0.383954
0.385849
0.388626
0.391899
0.395166
0.39795
0.399882
0.400698
0.400268
0.398579
0.395765
0.392014
0.387631
0.382982
0.37846
0.374409
0.371021
0.36833
0.366198
0.364397
0.362696
0.360927
0.359071
0.357343
0.356164
0.356112
0.357769
0.361534
0.367518
0.375429
0.384602
0.394094
0.402867
0.409958
0.414598
0.416322
0.414972
0.410753
0.404201
0.396173
0.387711
0.379943
0.37391
0.370379
0.369723
0.371935
0.376651
0.383291
0.391217
0.399688
0.408028
0.415593
0.421871
0.426454
0.42911
0.429798
0.428633
0.425848
0.421771
0.41675
0.41103
0.404778
0.398065
0.390967
0.383601
0.376213
0.369171
0.362872
0.357694
0.353875
0.351489
0.350452
0.35059
0.351737
0.353779
0.356709
0.36059
0.365475
0.371259
0.377659
0.384224
0.390358
0.395488
0.399169
0.401224
0.401819
0.401427
0.400687
0.400241
0.400426
0.401076
0.401694
0.401728
0.40085
0.399111
0.396895
0.394756
0.393228
0.392649
0.393162
0.39457
0.396421
0.39812
0.398998
0.39844
0.395936
0.391266
0.384516
0.376156
0.367062
0.358341
0.351144
0.346426
0.344823
0.346565
0.351531
0.359331
0.369378
0.380955
0.393235
0.405363
0.416521
0.425974
0.433115
0.437479
0.438837
0.437215
0.432892
0.426438
0.418621
0.410369
0.402548
0.395816
0.390507
0.386568
0.383636
0.381201
0.378784
0.376069
0.373003
0.369781
0.366797
0.364489
0.363227
0.363198
0.364454
0.366987
0.370723
0.375599
0.381502
0.388191
0.395277
0.402239
0.408487
0.413372
0.41632
0.416949
0.415117
0.411041
0.405232
0.398426
0.391441
0.385051
0.379811
0.376121
0.374148
0.373862
0.375048
0.37735
0.380313
0.383479
0.386464
0.389006
0.390974
0.392283
0.392856
0.392673
0.391752
0.390215
0.388349
0.386558
0.385234
0.384582
0.384656
0.385343
0.386493
0.388023
0.389925
0.39221
0.394794
0.397439
0.399794
0.401474
0.402122
0.4015
0.39954
0.396399
0.392389
0.387946
0.38357
0.379717
0.376792
0.375028
0.374514
0.37515
0.376651
0.378657
0.380787
0.382723
0.3843
0.385505
0.386499
0.387586
0.389084
0.391255
0.394215
0.397866
0.401918
0.405917
0.409339
0.411652
0.412466
0.411515
0.408781
0.404557
0.399398
0.393979
0.388988
0.384981
0.382286
0.380974
0.38088
0.381642
0.38284
0.38411
0.385176
0.385881
0.386173
0.386096
0.385749
0.385221
0.384602
0.383976
0.38343
0.383029
0.382775
0.382685
0.382734
0.382875
0.383123
0.383484
0.383976
0.384575
0.385149
0.385508
0.385495
0.385137
0.38464
0.384323
0.384549
0.385603
0.38762
0.390563
0.394215
0.398189
0.402048
0.405359
0.407802
0.409176
0.409456
0.408784
0.407389
0.405601
0.403778
0.402228
0.401147
0.400552
0.40021
0.399729
0.398652
0.396572
0.393229
0.388607
0.382985
0.376854
0.370835
0.365581
0.36163
0.35932
0.358729
0.359725
0.362098
0.365566
0.369868
0.374836
0.380301
0.386058
0.391878
0.397492
0.402599
0.406939
0.410315
0.412592
0.413669
0.413417
0.411739
0.408566
0.403929
0.398047
0.391339
0.384366
0.377806
0.372353
0.368553
0.366759
0.367046
0.369206
0.372879
0.377659
0.38311
0.388759
0.394101
0.398608
0.401802
0.403322
0.403048
0.401102
0.397817
0.398835
0.394176
0.389482
0.385009
0.380826
0.376863
0.373085
0.369511
0.366298
0.363734
0.362192
0.362047
0.363602
0.36701
0.372218
0.378992
0.386877
0.395319
0.403689
0.411354
0.417774
0.422476
0.425121
0.425575
0.423918
0.420399
0.415457
0.409674
0.40375
0.398405
0.394215
0.391531
0.390447
0.39083
0.392349
0.394559
0.397015
0.399252
0.400778
0.401204
0.400224
0.397643
0.393518
0.38807
0.381715
0.374975
0.368458
0.362788
0.358503
0.355996
0.355543
0.357346
0.361483
0.367963
0.376638
0.387148
0.39889
0.411046
0.422665
0.432823
0.4407
0.445654
0.447309
0.445541
0.440472
0.432485
0.422222
0.410516
0.398314
0.38657
0.376184
0.367876
0.362096
0.358987
0.358441
0.360145
0.363655
0.368442
0.373965
0.379674
0.385069
0.389695
0.393215
0.395461
0.396429
0.396282
0.395285
0.393725
0.39191
0.390034
0.388278
0.38677
0.385617
0.384923
0.384813
0.385354
0.386564
0.388353
0.39054
0.392905
0.39522
0.397293
0.398962
0.400061
0.400489
0.40021
0.399311
0.397951
0.39631
0.394518
0.392663
0.390776
0.388898
0.38721
0.386023
0.385736
0.386737
0.389206
0.393038
0.397794
0.402812
0.407387
0.410784
0.412434
0.412008
0.409458
0.405005
0.399118
0.392462
0.385726
0.379493
0.37421
0.370127
0.367324
0.365776
0.36538
0.366046
0.367677
0.370204
0.373574
0.377685
0.382425
0.387664
0.393242
0.399039
0.404916
0.410772
0.416483
0.42189
0.426732
0.430549
0.432854
0.43322
0.431434
0.427553
0.421987
0.415401
0.40854
0.402139
0.396842
0.393046
0.390869
0.390102
0.390311
0.390917
0.391343
0.391103
0.38993
0.387801
0.384878
0.381522
0.378164
0.375229
0.373072
0.371882
0.371655
0.372248
0.373399
0.374794
0.376142
0.377262
0.37808
0.378599
0.378953
0.379299
0.379843
0.380743
0.38212
0.383983
0.386129
0.388268
0.390052
0.391239
0.3918
0.391916
0.39188
0.391958
0.392288
0.392902
0.39381
0.395047
0.396725
0.398988
0.401946
0.40554
0.409516
0.413546
0.417323
0.420604
0.423293
0.425383
0.426858
0.427675
0.427716
0.426784
0.424635
0.421021
0.415818
0.409093
0.401103
0.392264
0.383122
0.374243
0.366117
0.3591
0.353372
0.348923
0.345677
0.343531
0.342449
0.342497
0.343798
0.346496
0.35071
0.356389
0.363289
0.370958
0.378794
0.38613
0.392338
0.396934
0.399659
0.400554
0.39989
0.398122
0.395825
0.393557
0.391838
0.391036
0.391361
0.392817
0.395239
0.398323
0.401675
0.404815
0.407299
0.408728
0.408836
0.407522
0.404886
0.401266
0.397126
0.393063
0.389711
0.387605
0.387161
0.388584
0.391828
0.39659
0.402356
0.40846
0.414126
0.418628
0.421307
0.421694
0.419562
0.414961
0.408225
0.399948
0.390903
0.38195
0.373917
0.367446
0.362927
0.360503
0.360118
0.361524
0.364357
0.368188
0.372649
0.377373
0.382055
0.386408
0.390199
0.393295
0.395672
0.397475
0.398961
0.400366
0.401869
0.403494
0.405157
0.406745
0.408166
0.409341
0.410208
0.410667
0.410633
0.409967
0.408523
0.406154
0.402808
0.398555
0.393517
0.387849
0.381743
0.375417
0.369152
0.363375
0.358639
0.355528
0.35463
0.356363
0.360797
0.367622
0.376117
0.385255
0.393909
0.401043
0.405871
0.408029
0.407574
0.404987
0.401055
0.396718
0.392872
0.390194
0.389085
0.389557
0.391351
0.393998
0.396952
0.39971
0.401916
0.403403
0.404163
0.404341
0.404167
0.403817
0.403473
0.403149
0.402739
0.402066
0.400929
0.399217
0.396909
0.394159
0.391207
0.388331
0.385768
0.383699
0.382258
0.381509
0.38142
0.381862
0.382601
0.38333
0.383752
0.383626
0.382973
0.382038
0.381311
0.381398
0.38285
0.385952
0.390636
0.396496
0.402847
0.408933
0.414072
0.417771
0.419737
0.419817
0.417994
0.414339
0.409012
0.402309
0.39468
0.386802
0.379475
0.373511
0.369628
0.368337
0.369677
0.373231
0.378156
0.383305
0.387516
0.389865
0.389801
0.387232
0.382484
0.37626
0.369484
0.363158
0.35821
0.355374
0.355138
0.357641
0.362721
0.369926
0.378589
0.3879
0.397047
0.405341
0.412236
0.41746
0.420986
0.422909
0.423426
0.422674
0.420754
0.417736
0.41367
0.408751
0.403382
0.398141
0.393676
0.390581
0.389212
0.389539
0.391228
0.39375
0.396501
0.398961
0.400714
0.401545
0.401436
0.400447
0.398744
0.396463
0.393756
0.390753
0.387598
0.384475
0.381662
0.379494
0.378271
0.378244
0.379465
0.381752
0.384707
0.387886
0.39087
0.39342
0.395527
0.397293
0.398918
0.400628
0.402589
0.404804
0.407115
0.409244
0.410815
0.411423
0.410725
0.408468
0.404523
0.398942
0.392019
0.384214
0.376164
0.368585
0.362115
0.357259
0.354327
0.353423
0.354436
0.357101
0.36103
0.365827
0.371079
0.376409
0.381547
0.386339
0.390683
0.394584
0.398139
0.4015
0.404829
0.408209
0.411598
0.414869
0.417708
0.419742
0.420572
0.419891
0.417556
0.413651
0.408467
0.402471
0.396279
0.390627
0.386175
0.383376
0.382348
0.382912
0.384767
0.387566
0.391005
0.394735
0.398375
0.401505
0.403726
0.404724
0.404444
0.403061
0.400946
0.398563
0.396316
0.394438
0.393012
0.392009
0.391314
0.390795
0.390387
0.390026
0.389644
0.389197
0.388663
0.388061
0.387392
0.386597
0.385577
0.384188
0.38228
0.379897
0.377313
0.375011
0.373574
0.373524
0.375136
0.378309
0.382608
0.38738
0.391891
0.395472
0.397636
0.398242
0.397506
0.39588
0.39399
0.392434
0.391661
0.391927
0.393247
0.395432
0.398196
0.401189
0.404097
0.40665
0.408723
0.41035
0.411622
0.412689
0.413659
0.414499
0.415034
0.414975
0.414014
0.411902
0.408535
0.403981
0.398465
0.392225
0.385561
0.378794
0.372206
0.366111
0.360894
0.356984
0.354776
0.354648
0.356847
0.361439
0.368245
0.37677
0.386287
0.39591
0.404739
0.411939
0.416886
0.41924
0.418926
0.416156
0.411388
0.405236
0.398392
0.391578
0.385451
0.380517
0.377111
0.375415
0.375393
0.376836
0.379379
0.382604
0.386144
0.389715
0.39309
0.396102
0.398568
0.400257
0.4009
0.400195
0.397986
0.394266
0.389276
0.383522
0.377683
0.372505
0.368687
0.366728
0.366878
0.3691
0.373132
0.378495
0.384629
0.390909
0.396679
0.40135
0.404449
0.405814
0.40565
0.404482
0.403
0.401862
0.401494
0.402025
0.403312
0.405089
0.407054
0.408927
0.410484
0.411483
0.411671
0.41084
0.408928
0.406021
0.40233
0.398231
0.394117
0.390347
0.387248
0.38509
0.384083
0.38433
0.385826
0.388384
0.391642
0.395127
0.398248
0.400378
0.400921
0.39938
0.395469
0.389264
0.38134
0.37274
0.364764
0.358689
0.355461
0.35558
0.359089
0.365738
0.375001
0.386114
0.398112
0.409884
0.420307
0.428459
0.433719
0.435833
0.434859
0.431068
0.424909
0.416932
0.407763
0.397977
0.388318
0.379582
0.372654
0.368351
0.367241
0.369471
0.374749
0.382293
0.391055
0.399882
0.407724
0.413754
0.417461
0.418666
0.417497
0.414271
0.409472
0.403599
0.397161
0.390611
0.384305
0.378543
0.373564
0.369582
0.366795
0.365378
0.365395
0.366814
0.369435
0.372919
0.37684
0.380702
0.384094
0.3868
0.388741
0.390047
0.391017
0.392026
0.393438
0.395544
0.39851
0.402336
0.406753
0.411361
0.415609
0.418888
0.420653
0.42051
0.418278
0.413984
0.407967
0.400847
0.393388
0.386451
0.380815
0.376997
0.375228
0.375406
0.377155
0.37999
0.38339
0.386939
0.390348
0.393446
0.396179
0.398435
0.400091
0.400988
0.400972
0.399963
0.397978
0.395223
0.39206
0.388928
0.38629
0.384467
0.383623
0.383738
0.384662
0.386206
0.388185
0.390446
0.392857
0.395289
0.397623
0.399704
0.401349
0.402351
0.402483
0.401577
0.399576
0.396489
0.392496
0.387922
0.38322
0.378857
0.375318
0.372989
0.372162
0.373003
0.375598
0.379956
0.386015
0.393594
0.402322
0.411683
0.420997
0.4295
0.436428
0.441117
0.443024
0.441839
0.437551
0.430424
0.421044
0.410276
0.399181
0.388849
0.380303
0.374337
0.371355
0.371348
0.373976
0.378571
0.384282
0.390224
0.395596
0.399672
0.401957
0.402126
0.400067
0.395817
0.38961
0.381857
0.373159
0.364334
0.356335
0.350196
0.346828
0.346876
0.35057
0.357699
0.367536
0.379014
0.390882
0.401892
0.410963
0.417344
0.420664
0.420961
0.418636
0.414296
0.408695
0.402525
0.3964
0.39073
0.385738
0.381513
0.378059
0.375306
0.373245
0.37192
0.37136
0.371645
0.372842
0.37498
0.378035
0.381968
0.386701
0.392036
0.397734
0.403468
0.40882
0.413423
0.416945
0.419176
0.420023
0.419536
0.41784
0.415099
0.411421
0.406921
0.401697
0.395912
0.389755
0.383513
0.377527
0.372214
0.368012
0.365429
0.364946
0.36687
0.37119
0.377489
0.385052
0.393022
0.400576
0.40704
0.411886
0.414755
0.415406
0.413729
0.409799
0.40389
0.396543
0.388551
0.380842
0.374399
0.370063
0.368403
0.369575
0.37333
0.379029
0.38577
0.392557
0.398471
0.402822
0.405209
0.40559
0.404183
0.401434
0.39782
0.393783
0.389724
0.38602
0.383092
0.381406
0.381394
0.383335
0.387199
0.392583
0.398768
0.404838
0.409908
0.413368
0.414927
0.414675
0.41302
0.410598
0.408066
0.405943
0.404511
0.403717
0.403265
0.402664
0.401388
0.398965
0.395049
0.389529
0.382562
0.374565
0.366223
0.358385
0.351947
0.347679
0.346117
0.347482
0.351591
0.357993
0.366083
0.375232
0.384831
0.394363
0.403425
0.411667
0.418786
0.424484
0.428452
0.430394
0.43013
0.427617
0.42306
0.416965
0.410066
0.403236
0.397316
0.392959
0.390472
0.389822
0.390648
0.392387
0.394354
0.39594
0.396698
0.396392
0.395055
0.392957
0.390515
0.388106
0.386025
0.38441
0.383273
0.38255
0.3821
0.381777
0.38146
0.381061
0.380511
0.379841
0.379194
0.378788
0.378908
0.379763
0.381498
0.384074
0.387313
0.390896
0.394421
0.397517
0.399885
0.401262
