1.64872
1.64428
1.63654
1.62521
1.60987
1.58995
1.56478
1.5336
1.49556
1.44996
1.39634
1.33471
1.2658
1.19122
1.11359
1.03645
0.963795
0.899562
0.84687
0.807565
0.78205
0.769412
0.767802
0.774817
0.787875
0.804503
0.822508
0.840109
0.856008
0.869406
0.879966
0.887787
0.893251
0.896916
0.899319
0.900872
0.901729
0.901814
0.9008
0.898208
0.893547
0.886447
0.876805
0.864815
0.851031
0.836292
0.821587
0.807899
0.796118
0.786931
0.780828
0.778066
0.778627
0.782259
0.788469
0.796586
0.805825
0.815342
0.824318
0.83201
0.837854
0.841537
0.843065
0.842701
0.84091
0.838294
0.835451
0.832922
0.831151
0.830529
0.831386
0.833936
0.838204
0.843927
0.850595
0.857577
0.864226
0.870082
0.874914
0.878713
0.88168
0.884133
0.886407
0.88879
0.891449
0.89442
0.897598
0.900774
0.903682
0.906017
0.907506
0.907921
0.907136
0.905166
0.902186
0.898547
0.894707
0.891138
0.88824
0.886247
0.885185
0.884814
0.884756
0.884543
0.88374
0.882073
0.879461
0.876018
0.871905
0.867198
0.861776
0.855339
0.847543
0.838171
0.827286
0.815212
0.802579
0.790194
0.778927
0.769576
0.762766
0.758819
0.757716
0.759079
0.762246
0.766447
0.771006
0.775488
0.779721
0.783763
0.787842
0.792238
0.797202
0.802887
0.809296
0.816242
0.823382
0.83033
0.836702
0.842312
0.847216
0.851612
0.855717
0.859593
0.863064
0.865781
0.867383
0.867637
0.866492
0.864071
0.860641
0.856661
0.852733
0.849619
0.848166
0.849209
0.853442
0.861217
0.872373
0.886189
0.901459
0.916719
0.930535
0.941747
0.949637
0.953944
0.954807
0.952611
0.947922
0.941443
0.933887
0.925954
0.918297
0.911452
0.905839
0.901677
0.899036
0.897818
0.897754
0.898451
0.899454
0.900324
0.900726
0.900458
0.899484
0.897894
0.895878
0.893695
0.891705
0.890328
0.889991
0.891082
0.893825
0.89817
0.903746
0.909921
0.915977
0.921266
0.925333
0.927996
0.929289
0.929427
0.928732
0.927578
0.926321
0.925268
0.924633
0.924548
0.925026
0.925948
0.927107
0.928225
0.92902
0.929252
0.928747
0.927433
0.925325
0.922537
0.919259
0.915702
0.91206
0.908433
0.904784
0.900901
0.89644
0.89103
0.884425
0.876685
0.868336
0.86032
0.853734
0.849393
0.847504
0.847668
0.849162
0.851367
0.854003
0.85721
0.861504
0.867531
0.875826
0.886606
0.899588
0.913987
0.928622
0.942174
0.953399
0.961355
0.965501
0.965691
0.962142
0.955387
0.946176
0.935422
0.924091
0.913071
0.903034
0.894378
0.887188
0.881379
0.876817
0.873449
0.871378
0.870756
0.871656
0.873911
0.877098
0.880611
0.88383
0.886305
0.887924
0.888974
0.890055
0.891893
0.895167
0.900224
0.906965
0.914835
0.923026
0.930728
0.93734
0.942456
0.945901
0.947629
0.947661
0.946028
0.942765
0.9379
0.931502
0.923669
0.914596
0.904558
0.893953
0.883276
0.873051
0.863739
0.855667
0.849004
0.843727
0.839706
0.836792
0.834907
0.834137
0.83466
0.836703
0.840364
0.845463
0.85149
0.857672
0.863221
0.867608
0.870868
0.873685
0.877179
0.882399
0.889573
0.897699
0.904891
0.9093
0.90997
0.907105
0.901814
0.895617
0.890037
0.886243
0.88488
0.886042
0.88937
0.894154
0.899428
0.904174
0.907501
0.908768
0.907692
0.904337
0.899042
0.892382
0.885051
0.877787
0.871269
0.866089
0.862642
0.861122
0.861546
0.863781
0.867602
0.872739
0.878896
0.885741
0.892898
0.899925
0.906379
0.911845
0.916026
0.918801
0.920228
0.92049
0.919888
0.918733
0.917328
0.915978
0.914874
0.914036
0.913327
0.912424
0.910911
0.908382
0.904543
0.899275
0.892661
0.884942
0.876431
0.86738
0.857977
0.848301
0.838334
0.827943
0.816873
0.80481
0.791499
0.776993
0.76189
0.747435
0.735376
0.727499
0.725099
0.728608
0.737556
0.750831
0.767033
0.784764
0.802736
0.819815
0.835022
0.84759
0.857087
0.86345
0.866971
0.868217
0.867854
0.866535
0.864744
0.86275
0.86059
0.858147
0.855217
0.851647
0.847388
0.842587
0.83759
0.832907
0.829114
0.826707
0.82591
0.826557
0.828111
0.829814
0.830972
0.831173
0.830387
0.829012
0.82773
0.827316
0.828388
0.831195
0.835516
0.840767
0.846159
0.8508
0.853897
0.854857
0.853341
0.849277
0.842853
0.834522
0.824944
0.814979
0.805653
0.798106
0.793454
0.792594
0.795948
0.803351
0.81409
0.827072
0.841024
0.854706
0.86707
0.877322
0.884919
0.889556
0.891079
0.88949
0.884881
0.877424
0.867466
0.855557
0.842533
0.829532
0.817843
0.808643
0.802713
0.800251
0.8009
0.803982
0.808725
0.814428
0.820532
0.826681
0.832671
0.838413
0.843906
0.849163
0.854157
0.858824
0.863063
0.866725
0.869679
0.871798
0.872998
0.873299
0.872762
0.871475
0.869488
0.866817
0.86342
0.859221
0.854178
0.848334
0.84186
0.835124
0.828641
0.822988
0.818723
0.81623
0.815624
0.816738
0.819167
0.82235
0.82562
0.828305
0.829751
0.829417
0.827004
0.822572
0.816619
0.810158
0.804499
0.800974
0.800553
0.803568
0.809721
0.818279
0.828325
0.838965
0.849433
0.859116
0.867484
0.874077
0.878478
0.880294
0.879174
0.874895
0.867397
0.856793
0.843399
0.827728
0.810465
0.792476
0.774797
0.758561
0.74491
0.734835
0.729037
0.727844
0.731177
0.738663
0.749694
0.763485
0.779172
0.795817
0.812482
0.828291
0.842523
0.854585
0.864052
0.87067
0.874315
0.875038
0.873026
0.868621
0.862394
0.855093
0.847592
0.8408
0.835573
0.832637
0.832432
0.835066
0.84028
0.847445
0.855717
0.864212
0.872111
0.878803
0.883867
0.887135
0.888678
0.888736
0.887748
0.886258
0.884836
0.883999
0.88413
0.885387
0.88769
0.890749
0.894072
0.897062
0.899105
0.899585
0.89798
0.893895
0.887127
0.877662
0.865692
0.851621
0.83607
0.81985
0.803918
0.789261
0.776738
0.766907
0.759936
0.755622
0.753522
0.753073
0.753707
0.754963
0.756512
0.75815
0.759781
0.761407
0.763103
0.764966
0.767033
0.769275
0.77157
0.773731
0.775558
0.776872
0.777587
0.777719
0.777354
0.776637
0.775705
0.774684
0.773711
0.773
0.772883
0.773831
0.776377
0.780944
0.787699
0.796465
0.806709
0.817696
0.828649
0.838945
0.848222
0.856407
0.863657
0.870251
0.876477
0.88253
0.888473
0.89422
0.899552
0.904188
0.90792
0.910685
0.912557
0.913624
0.91383
0.912954
0.910629
0.906564
0.900696
0.893251
0.884754
0.875878
0.867326
0.859686
0.853328
0.848461
0.845179
0.843491
0.843359
0.844691
0.847305
0.850906
0.855104
0.85938
0.863176
0.865964
0.86737
0.867275
0.865892
0.863775
0.861735
0.86062
0.86104
0.863118
0.866488
0.870436
0.874123
0.876771
0.877778
0.876709
0.873373
0.86782
0.860432
0.851978
0.843648
0.83689
0.832968
0.832467
0.834907
0.838746
0.84173
0.841541
0.836483
0.825955
0.810737
0.792906
0.77532
0.760721
0.750948
0.746572
0.747153
0.75179
0.759526
0.76951
0.780982
0.793169
0.80516
0.815951
0.82449
0.829886
0.831659
0.829984
0.825717
0.820233
0.814955
0.810859
0.808201
0.806655
0.805674
0.804841
0.803998
0.803199
0.802528
0.801975
0.801308
0.800157
0.798103
0.794822
0.790175
0.784341
0.77779
0.771264
0.765623
0.761682
0.760064
0.761056
0.764561
0.770129
0.777099
0.784805
0.792744
0.800709
0.808776
0.817211
0.826264
0.836018
0.84627
0.856582
0.86637
0.875011
0.881914
0.886641
0.888886
0.888464
0.885355
0.879722
0.871923
0.862554
0.852403
0.84236
0.833337
0.826181
0.821602
0.820117
0.821964
0.827006
0.834776
0.844529
0.855319
0.866149
0.876078
0.884286
0.890145
0.893262
0.893472
0.890828
0.885586
0.878226
0.869482
0.860311
0.851789
0.84494
0.840553
0.839018
0.840166
0.843175
0.846663
0.849001
0.848706
0.844907
0.837576
0.82749
0.816001
0.804684
0.794865
0.787331
0.782238
0.779212
0.777688
0.777193
0.777389
0.777935
0.778288
0.777652
0.77525
0.770701
0.764325
0.757144
0.750625
0.74621
0.744877
0.746762
0.751193
0.756943
0.762632
0.767073
0.769533
0.769814
0.768308
0.7659
0.763785
0.763173
0.765038
0.769958
0.778116
0.789354
0.803329
0.819561
0.837433
0.85622
0.875117
0.893192
0.909514
0.92318
0.933408
0.939642
0.941614
0.939357
0.933239
0.923952
0.912456
0.899895
0.887447
0.876131
0.866643
0.859224
0.85367
0.849447
0.845823
0.84207
0.837627
0.832214
0.825867
0.818909
0.811882
0.80543
0.800141
0.796461
0.794648
0.794721
0.796536
0.799825
0.804303
0.809739
0.815952
0.822898
0.830617
0.839206
0.848755
0.859204
0.870279
0.881418
0.891787
0.90042
0.906489
0.909524
0.909462
0.906611
0.901504
0.894726
0.886823
0.878323
0.869753
0.861642
0.85447
0.848611
0.844258
0.841393
0.839761
0.838898
0.838234
0.837153
0.835134
0.831981
0.828054
0.824404
0.822573
0.824011
0.829343
0.837945
0.848226
0.858357
0.866947
0.873291
0.877251
0.87911
0.87939
0.878708
0.877676
0.876859
0.876634
0.877164
0.878328
0.87976
0.880968
0.881378
0.880457
0.877732
0.872775
0.865238
0.854874
0.841685
0.826034
0.80878
0.791316
0.775437
0.763034
0.755627
0.753995
0.757914
0.766297
0.777516
0.789816
0.801698
0.812163
0.820745
0.827554
0.833113
0.838144
0.843315
0.849004
0.85518
0.861437
0.867181
0.871867
0.875105
0.876737
0.876815
0.875473
0.872894
0.869179
0.864327
0.85823
0.850859
0.842317
0.832995
0.823641
0.815272
0.80899
0.805758
0.806161
0.810284
0.817676
0.82746
0.838484
0.849487
0.859334
0.867106
0.872217
0.874408
0.873776
0.8707
0.865794
0.859844
0.853629
0.847792
0.842677
0.83828
0.834229
0.829897
0.824586
0.817675
0.808857
0.798284
0.786622
0.774916
0.764342
0.755793
0.749689
0.746021
0.74465
0.745559
0.748929
0.755112
0.764455
0.777078
0.792737
0.810705
0.829835
0.848748
0.866123
0.796856
0.808862
0.818489
0.825791
0.830936
0.83413
0.835548
0.835338
0.833663
0.830726
0.826794
0.822269
0.817669
0.813589
0.810611
0.809142
0.809295
0.8108
0.813032
0.815176
0.816391
0.816035
0.813717
0.809381
0.803267
0.795912
0.788102
0.780858
0.775325
0.772573
0.773318
0.777684
0.785084
0.794376
0.80413
0.81295
0.819734
0.823806
0.824995
0.823597
0.820283
0.815931
0.811397
0.807322
0.80398
0.801307
0.798961
0.796428
0.793187
0.78878
0.782873
0.775351
0.766354
0.756236
0.745589
0.735175
0.725854
0.718557
0.714226
0.713737
0.717741
0.726431
0.739354
0.7555
0.773495
0.791857
0.809225
0.824467
0.836712
0.845359
0.850104
0.850954
0.848233
0.842629
0.835101
0.826656
0.818167
0.810178
0.802812
0.795839
0.788865
0.781497
0.773465
0.764674
0.755189
0.745293
0.735504
0.726537
0.719288
0.714651
0.713383
0.715933
0.72245
0.732732
0.74622
0.761948
0.778659
0.79499
0.809765
0.822209
0.832045
0.839408
0.844639
0.848062
0.84982
0.849893
0.848125
0.844311
0.838283
0.829984
0.819575
0.807441
0.794266
0.780921
0.768364
0.757486
0.74907
0.743713
0.741824
0.743559
0.748735
0.756756
0.766711
0.777482
0.787954
0.797163
0.804392
0.809226
0.811513
0.811353
0.809035
0.805008
0.799816
0.794083
0.788454
0.783531
0.779792
0.777493
0.776592
0.776757
0.777418
0.777891
0.77755
0.776015
0.773249
0.769616
0.765692
0.762054
0.759027
0.756578
0.754458
0.752407
0.750356
0.7484
0.746688
0.745342
0.744359
0.743665
0.743263
0.743354
0.744326
0.74666
0.750726
0.756568
0.763755
0.771454
0.778582
0.784015
0.786811
0.786423
0.782809
0.776371
0.767843
0.758099
0.748063
0.73867
0.730855
0.725409
0.722839
0.723194
0.726038
0.730522
0.73555
0.740035
0.743082
0.744101
0.742854
0.739432
0.734232
0.727864
0.721076
0.714654
0.709273
0.705441
0.703415
0.703244
0.704825
0.707981
0.712525
0.718308
0.725222
0.733211
0.742213
0.752106
0.762602
0.773199
0.783243
0.791978
0.798681
0.802836
0.80423
0.803003
0.799681
0.795087
0.790211
0.786061
0.783499
0.783101
0.785037
0.78904
0.794512
0.800671
0.806723
0.81201
0.816063
0.818532
0.819222
0.81805
0.815026
0.810243
0.803846
0.795973
0.786758
0.776372
0.765101
0.753434
0.742039
0.731737
0.723331
0.717463
0.714497
0.714485
0.717231
0.722339
0.729259
0.737279
0.745625
0.753522
0.760303
0.765571
0.76916
0.771144
0.771809
0.771539
0.77076
0.769886
0.769292
0.769292
0.770122
0.771834
0.774205
0.776719
0.778707
0.779553
0.778874
0.776604
0.772921
0.768227
0.763037
0.757864
0.75317
0.749329
0.746636
0.745317
0.745529
0.747386
0.75093
0.756049
0.762484
0.769838
0.777572
0.7851
0.791787
0.797048
0.800387
0.801477
0.800298
0.797264
0.793299
0.789627
0.787347
0.786916
0.787866
0.78907
0.789236
0.787369
0.782976
0.776057
0.767008
0.756535
0.745541
0.73498
0.725681
0.718138
0.712434
0.708276
0.705145
0.702533
0.70015
0.69804
0.696551
0.696174
0.697311
0.700079
0.704214
0.709178
0.714375
0.719363
0.723926
0.728146
0.732304
0.736817
0.742086
0.748402
0.755868
0.764339
0.773407
0.782561
0.791356
0.799553
0.807168
0.81439
0.82141
0.828241
0.834624
0.840108
0.844206
0.846615
0.847389
0.84696
0.846069
0.845573
0.846224
0.848424
0.852167
0.857029
0.862339
0.867348
0.871444
0.874294
0.875836
0.876249
0.875841
0.874887
0.873487
0.871498
0.868504
0.863929
0.857151
0.847719
0.835557
0.821156
0.805728
0.791237
0.780095
0.774582
0.776072
0.784473
0.798262
0.815036
0.832251
0.847709
0.859819
0.867639
0.87079
0.869424
0.864093
0.855698
0.845349
0.834107
0.822814
0.811997
0.801906
0.79265
0.784402
0.777501
0.772403
0.769557
0.769251
0.771509
0.776106
0.782599
0.790395
0.798842
0.807288
0.815121
0.821812
0.826908
0.830067
0.831071
0.82985
0.826527
0.821421
0.815066
0.808129
0.801332
0.79539
0.790906
0.788286
0.787652
0.78882
0.791327
0.794533
0.797758
0.800401
0.802041
0.802489
0.801781
0.800101
0.797784
0.795184
0.792583
0.790059
0.787461
0.784429
0.780586
0.775833
0.770509
0.765425
0.761656
0.760223
0.76178
0.766389
0.773518
0.782211
0.791313
0.799732
0.806577
0.811271
0.813523
0.81334
0.810926
0.806646
0.801014
0.794661
0.78824
0.782349
0.777419
0.773626
0.770893
0.769005
0.767728
0.766877
0.766316
0.765939
0.76566
0.765363
0.764889
0.764096
0.762904
0.761369
0.759725
0.758339
0.757574
0.757668
0.758617
0.760197
0.762058
0.763836
0.765269
0.766218
0.766657
0.766628
0.766276
0.765768
0.765348
0.765306
0.766044
0.768012
0.771603
0.776979
0.783941
0.791913
0.800099
0.807725
0.814173
0.8191
0.822436
0.824271
0.824795
0.824237
0.822824
0.820754
0.818206
0.815343
0.812288
0.809151
0.806082
0.803247
0.800835
0.799047
0.798
0.797628
0.797748
0.798072
0.798319
0.798296
0.797943
0.797289
0.796378
0.795239
0.793799
0.79196
0.789616
0.78668
0.783074
0.778696
0.773445
0.76723
0.759994
0.751742
0.742598
0.732814
0.722795
0.713119
0.704547
0.697962
0.694248
0.694011
0.697318
0.703574
0.711636
0.720147
0.727968
0.734435
0.739402
0.743153
0.746153
0.748879
0.75168
0.754746
0.758133
0.761809
0.765678
0.769614
0.773481
0.777187
0.780657
0.783899
0.786966
0.789942
0.792926
0.795987
0.799123
0.802217
0.805013
0.807197
0.808431
0.808429
0.806981
0.803996
0.799537
0.793818
0.787182
0.78009
0.773058
0.766588
0.761107
0.756927
0.754215
0.753018
0.753301
0.754932
0.757758
0.76156
0.766051
0.770877
0.775699
0.780227
0.784366
0.788301
0.792523
0.797703
0.804388
0.812733
0.82235
0.832411
0.841935
0.850017
0.856068
0.85979
0.861173
0.860362
0.857612
0.853141
0.847145
0.839782
0.831194
0.821574
0.81126
0.800839
0.791154
0.783252
0.778193
0.776731
0.779053
0.784716
0.792756
0.801943
0.811085
0.819211
0.825665
0.830066
0.832292
0.832351
0.830325
0.826329
0.820529
0.813084
0.804174
0.794012
0.782846
0.770954
0.758618
0.746177
0.73399
0.722458
0.711994
0.703041
0.696115
0.691798
0.690675
0.69319
0.6995
0.709281
0.721635
0.735101
0.747878
0.758209
0.764794
0.767096
0.765454
0.760941
0.755063
0.749359
0.745054
0.742961
0.743502
0.746739
0.75246
0.760204
0.769279
0.778867
0.788148
0.796403
0.803087
0.807927
0.810875
0.812093
0.811865
0.810553
0.808518
0.806086
0.803587
0.80132
0.799574
0.798652
0.798752
0.799953
0.802171
0.805152
0.808547
0.811972
0.815086
0.817656
0.819538
0.820699
0.821112
0.820747
0.819518
0.817311
0.814006
0.809567
0.80407
0.797752
0.791006
0.784308
0.778107
0.772756
0.768456
0.765241
0.763005
0.761501
0.760352
0.759061
0.757079
0.753918
0.749262
0.743073
0.735666
0.727677
0.719938
0.713334
0.708594
0.706247
0.706532
0.709379
0.714401
0.720935
0.728079
0.73483
0.740298
0.743899
0.745464
0.745276
0.743905
0.742019
0.740158
0.738549
0.737088
0.735385
0.732958
0.729381
0.724443
0.718204
0.710958
0.703157
0.69528
0.687712
0.680734
0.674498
0.669094
0.664644
0.661324
0.659349
0.658932
0.66022
0.663236
0.66784
0.67368
0.680212
0.686831
0.692947
0.698104
0.702061
0.704832
0.706722
0.708302
0.710338
0.71364
0.718827
0.726134
0.735252
0.745362
0.755354
0.764146
0.770935
0.775371
0.777551
0.777844
0.776691
0.774391
0.771043
0.766605
0.761026
0.754333
0.746717
0.738513
0.730159
0.722123
0.714859
0.708828
0.704507
0.702344
0.702556
0.704921
0.70871
0.712946
0.716834
0.720006
0.722632
0.725223
0.728345
0.732374
0.737374
0.743054
0.748915
0.754343
0.75873
0.761586
0.762639
0.76196
0.759997
0.757624
0.755931
0.755841
0.757714
0.761154
0.765192
0.768743
0.77103
0.77182
0.771404
0.770394
0.769488
0.769302
0.77021
0.772357
0.77562
0.779642
0.783956
0.788075
0.791576
0.794152
0.795627
0.795992
0.795346
0.793855
0.791757
0.789329
0.78692
0.784885
0.783584
0.783329
0.784329
0.786707
0.790457
0.795442
0.801336
0.807626
0.813658
0.818755
0.822369
0.824166
0.824035
0.822057
0.818422
0.813345
0.807104
0.799992
0.792394
0.784789
0.777741
0.771827
0.767553
0.765265
0.765018
0.766579
0.769437
0.772953
0.776546
0.779917
0.783156
0.786793
0.791568
0.79812
0.806585
0.81645
0.826753
0.836419
0.844636
0.850995
0.855421
0.858027
0.859014
0.858567
0.856805
0.853832
0.849783
0.844912
0.839685
0.834777
0.830976
0.828965
0.829113
0.831285
0.834806
0.838577
0.841336
0.841986
0.839818
0.834661
0.826899
0.817402
0.807275
0.79766
0.789533
0.783517
0.779874
0.778551
0.779333
0.781974
0.786259
0.792014
0.799137
0.807481
0.816848
0.826925
0.837253
0.84725
0.856287
0.863789
0.8693
0.872455
0.873056
0.871073
0.866597
0.859834
0.851082
0.840727
0.829193
0.817001
0.804811
0.793422
0.783782
0.776826
0.773241
0.773193
0.776219
0.781346
0.787454
0.793592
0.799121
0.803703
0.807217
0.809673
0.811095
0.811512
0.810962
0.809442
0.806953
0.803452
0.798891
0.793241
0.786548
0.778995
0.770976
0.763095
0.75612
0.750784
0.747634
0.746919
0.748642
0.752626
0.758567
0.766094
0.774769
0.78411
0.79359
0.802679
0.810891
0.817812
0.823147
0.826714
0.828479
0.82856
0.827198
0.824746
0.821621
0.818257
0.815059
0.812344
0.810299
0.808979
0.808305
0.80808
0.808018
0.807829
0.807251
0.806152
0.804559
0.802682
0.8009
0.799631
0.799211
0.799779
0.801274
0.803481
0.806087
0.808668
0.810712
0.811598
0.810668
0.807395
0.801658
0.794068
0.785993
0.779226
0.775283
0.774825
0.77741
0.781797
0.786495
0.790175
0.79186
0.790907
0.787002
0.780083
0.770337
0.758246
0.884678
0.866704
0.847955
0.829916
0.81385
0.800539
0.790148
0.782338
0.776577
0.772454
0.769865
0.769021
0.770259
0.773849
0.77984
0.788033
0.798097
0.80969
0.822519
0.836278
0.850459
0.864241
0.876495
0.886048
0.892006
0.893953
0.892044
0.886907
0.879466
0.870751
0.86175
0.853332
0.84618
0.840816
0.837552
0.836476
0.837397
0.839899
0.843433
0.847369
0.851092
0.854046
0.8558
0.856066
0.854709
0.851765
0.84754
0.842589
0.837623
0.833398
0.830548
0.829431
0.830006
0.831881
0.834437
0.837047
0.839285
0.841103
0.842846
0.845072
0.848412
0.853313
0.859831
0.867666
0.876259
0.884972
0.893167
0.900337
0.90611
0.910302
0.912934
0.914197
0.914344
0.913582
0.912016
0.909691
0.906678
0.903102
0.89911
0.894644
0.889257
0.882223
0.872902
0.861121
0.847279
0.832211
0.816927
0.802385
0.789462
0.778946
0.771546
0.767822
0.768103
0.772375
0.780253
0.79105
0.803907
0.817951
0.832436
0.84681
0.860728
0.873985
0.886439
0.897955
0.908356
0.917409
0.92481
0.930267
0.933563
0.934606
0.933475
0.930419
0.925883
0.920429
0.914726
0.909413
0.904986
0.901637
0.899217
0.897344
0.895576
0.893541
0.891052
0.888147
0.884997
0.881825
0.878811
0.876018
0.87338
0.870706
0.867731
0.864105
0.85948
0.853576
0.846211
0.837301
0.826863
0.815025
0.802111
0.788681
0.775577
0.763878
0.754696
0.74898
0.74726
0.749416
0.754711
0.76187
0.769452
0.776169
0.781203
0.784318
0.785812
0.786387
0.786939
0.788249
0.790846
0.794813
0.799971
0.806071
0.81305
0.821057
0.830302
0.840848
0.852389
0.864255
0.875581
0.885526
0.89355
0.899568
0.903906
0.907123
0.909733
0.911977
0.913811
0.915026
0.915418
0.914863
0.913314
0.910788
0.907288
0.902818
0.897356
0.890926
0.883599
0.875536
0.866992
0.858304
0.849783
0.841668
0.834066
0.826966
0.82029
0.813943
0.807858
0.802025
0.796535
0.791601
0.787619
0.785078
0.784442
0.786016
0.789829
0.795635
0.802949
0.811107
0.81937
0.827
0.833347
0.837921
0.840438
0.840854
0.839373
0.836448
0.832756
0.829154
0.826561
0.825767
0.827212
0.830903
0.836437
0.843187
0.850562
0.858144
0.8658
0.873577
0.881561
0.889759
0.898012
0.905944
0.912962
0.918338
0.921358
0.921462
0.918408
0.912322
0.903697
0.893352
0.88228
0.871415
0.861497
0.852918
0.845733
0.839712
0.834501
0.829727
0.825061
0.820293
0.815359
0.810276
0.805232
0.800537
0.796586
0.793814
0.792511
0.79271
0.794153
0.796309
0.798552
0.800376
0.801544
0.802074
0.802138
0.801853
0.801242
0.800311
0.799247
0.798539
0.798913
0.801133
0.805777
0.813042
0.822594
0.83363
0.845032
0.855643
0.864481
0.870893
0.8746
0.87566
0.874392
0.871263
0.866783
0.861507
0.855973
0.850721
0.846196
0.842708
0.840367
0.839081
0.838697
0.839168
0.840673
0.843594
0.848391
0.855273
0.863951
0.873668
0.883341
0.89179
0.898063
0.901632
0.90255
0.90153
0.899881
0.899063
0.900048
0.902723
0.905908
0.907972
0.907581
0.904121
0.897679
0.88872
0.877758
0.865117
0.850928
0.835342
0.818834
0.80245
0.787792
0.77669
0.770648
0.770319
0.775241
0.783967
0.794537
0.805087
0.81437
0.82195
0.828148
0.833738
0.839538
0.846053
0.85336
0.861144
0.868832
0.875787
0.881478
0.885503
0.887618
0.88772
0.885814
0.882014
0.876487
0.8695
0.861395
0.85258
0.84353
0.834722
0.82657
0.819396
0.813454
0.808961
0.806105
0.805006
0.805701
0.808047
0.811767
0.816521
0.821912
0.827505
0.832844
0.837492
0.841144
0.843604
0.844855
0.844938
0.843838
0.841432
0.837535
0.832063
0.825192
0.817468
0.809763
0.803099
0.798393
0.79629
0.797106
0.800841
0.807245
0.815795
0.825728
0.836162
0.84619
0.855043
0.862185
0.86734
0.870458
0.871665
0.87118
0.869249
0.866124
0.862015
0.857162
0.851795
0.846224
0.840778
0.835909
0.832145
0.830077
0.830249
0.83295
0.83808
0.845077
0.85297
0.860661
0.867115
0.871542
0.873415
0.872466
0.868652
0.862155
0.853465
0.843407
0.833102
0.823854
0.816881
0.813033
0.812662
0.815597
0.821352
0.829264
0.838587
0.848482
0.858033
0.866357
0.872718
0.876642
0.877993
0.87699
0.874133
0.87005
0.865341
0.860462
0.855683
0.851102
0.846759
0.842675
0.838888
0.835389
0.832121
0.829035
0.826178
0.823811
0.822363
0.822283
0.823813
0.82678
0.830656
0.834706
0.83825
0.840845
0.842351
0.842913
0.842877
0.842715
0.842966
0.844217
0.847034
0.851918
0.859197
0.868904
0.880711
0.893993
0.907943
0.921749
0.934709
0.946264
0.956024
0.963677
0.968891
0.971301
0.970586
0.966581
0.959391
0.949494
0.937727
0.925092
0.912583
0.90091
0.890482
0.881384
0.873485
0.866609
0.860646
0.855642
0.851731
0.849021
0.847517
0.846991
0.847022
0.847146
0.846981
0.84641
0.845638
0.845144
0.845519
0.847337
0.850997
0.856599
0.863951
0.872577
0.881864
0.891211
0.900088
0.908051
0.9147
0.919745
0.923032
0.924556
0.924448
0.922825
0.919741
0.915099
0.908728
0.900501
0.890381
0.878556
0.865457
0.851807
0.838606
0.827022
0.818141
0.812734
0.811094
0.813031
0.817942
0.824897
0.832828
0.840687
0.847723
0.853586
0.858347
0.862398
0.866311
0.870661
0.875858
0.881996
0.88884
0.8959
0.902622
0.908464
0.913024
0.916004
0.917248
0.91674
0.914654
0.911443
0.907888
0.904976
0.903496
0.903563
0.904417
0.904767
0.903366
0.899498
0.893213
0.885251
0.87684
0.869407
0.864195
0.861938
0.862676
0.865793
0.870262
0.87495
0.878803
0.881013
0.881116
0.878996
0.874966
0.869722
0.864244
0.859552
0.856474
0.855464
0.856578
0.859591
0.864122
0.869743
0.876032
0.882608
0.889092
0.895168
0.900616
0.905288
0.909111
0.911996
0.913791
0.914309
0.913368
0.910832
0.906684
0.901022
0.89404
0.886002
0.877231
0.86814
0.859225
0.851017
0.84398
0.838448
0.834525
0.832099
0.830872
0.830474
0.830606
0.831207
0.832656
0.835828
0.841791
0.851161
0.863615
0.878013
0.892959
0.907355
0.920575
0.932375
0.942662
0.951325
0.958193
0.963082
0.965903
0.966698
0.965705
0.963296
0.959779
0.95533
0.949885
0.943185
0.934891
0.924667
0.912339
0.898007
0.882032
0.865025
0.847733
0.830976
0.815518
0.802092
0.791392
0.783992
0.780248
0.780217
0.783596
0.7898
0.798086
0.807611
0.817533
0.827039
0.835404
0.841994
0.846314
0.84806
0.847159
0.843804
0.838454
0.831799
0.824769
0.81847
0.814114
0.812824
0.815353
0.821946
0.832242
0.845384
0.860215
0.875502
0.890072
0.90286
0.91294
0.919589
0.922427
0.921577
0.917768
0.912276
0.90655
0.901788
0.8986
0.897008
0.896639
0.897009
0.897675
0.898266
0.898407
0.897751
0.895995
0.89299
0.888743
0.883405
0.877256
0.870602
0.863756
0.857013
0.850686
0.845122
0.840641
0.837447
0.835548
0.83472
0.834571
0.834603
0.834313
0.833223
0.830988
0.827431
0.822615
0.816891
0.810897
0.805445
0.801331
0.799084
0.798877
0.800575
0.80396
0.808906
0.815431
0.823557
0.833225
0.844203
0.856103
0.868473
0.880838
0.892737
0.903707
0.913317
0.921205
0.927099
0.930805
0.932219
0.931338
0.928264
0.923302
0.916928
0.909812
0.902756
0.896533
0.891721
0.888515
0.886693
0.885664
0.884707
0.883131
0.880483
0.87655
0.871327
0.864987
0.857922
0.850726
0.844129
0.838824
0.835285
0.833621
0.833583
0.83473
0.836618
0.838872
0.841232
0.843507
0.845544
0.847245
0.848606
0.849639
0.850402
0.850941
0.851211
0.851097
0.850522
0.849539
0.848473
0.847872
0.848435
0.850807
0.855356
0.862049
0.870567
0.880447
0.891211
0.902409
0.913553
0.924032
0.933091
0.939889
0.943623
0.943689
0.939779
0.932063
0.921281
0.908787
0.896448
0.886212
0.879557
0.877009
0.87813
0.881867
0.887043
0.892677
0.898093
0.902818
0.906531
0.909049
0.910301
0.910362
0.909421
0.907597
0.904979
0.901577
0.897335
0.892204
0.886165
0.879275
0.871685
0.863684
0.855725
0.848341
0.842143
0.837749
0.835684
0.83631
0.839751
0.845858
0.85423
0.864245
0.87509
0.885892
0.895783
0.904025
0.910013
0.913332
0.913725
0.911141
0.905759
0.897978
0.888365
0.877615
0.86645
0.85555
0.845501
0.83673
0.829554
0.824199
0.820786
0.819299
0.8196
0.821414
0.824338
0.827878
0.831523
0.834813
0.83741
0.839138
0.839956
0.839979
0.839442
0.838719
0.838271
0.838619
0.840243
0.843527
0.848665
0.855583
0.863908
0.873058
0.882342
0.891087
0.898696
0.904811
0.909302
0.912288
0.914081
0.915086
0.915634
0.915957
0.916105
0.915953
0.915302
0.913936
0.911715
0.9086
0.904628
0.899898
0.894519
0.88857
0.882131
0.87533
0.868387
0.861639
0.855517
0.8505
0.847048
0.845528
0.846119
0.848794
0.853312
0.859256
0.866124
0.873389
0.880568
0.887309
0.893381
0.898586
0.902712
0.905484
0.906607
0.905788
0.902853
0.897817
0.89096
0.882877
0.874478
0.866882
0.861274
0.858603
0.859344
0.86329
0.869549
0.876746
0.883367
0.888018
0.88969
0.887857
0.882546
0.87429
0.864157
0.853666
0.844672
0.839012
0.837996
0.841865
0.849643
0.859471
0.869232
0.877223
0.882536
0.885157
0.885886
0.886069
0.887139
0.890097
0.895062
0.901152
0.9068
0.910357
0.910721
0.907821
0.902722
0.897435
0.894245
0.894733
0.899071
0.906016
0.913655
0.920225
0.924636
0.926461
0.925673
0.922418
0.916943
0.909663
0.901214
0.892448
0.884274
0.877461
0.872493
0.869513
0.868418
0.868963
0.870925
0.874136
0.87846
0.883682
0.88952
0.895646
0.901827
0.90805
0.914486
0.921431
0.929202
0.937945
0.947551
0.957628
0.96751
0.976427
0.983619
0.988488
0.990733
0.990444
0.988122
0.984602
0.980853
0.977694
0.975585
0.974588
0.974479
0.97493
0.975717
0.976629
0.97737
0.977368
0.69616
0.696023
0.695122
0.692636
0.688177
0.681809
0.674052
0.66574
0.65795
0.651876
0.648678
0.649202
0.653776
0.662087
0.673249
0.685992
0.698917
0.710702
0.720243
0.726763
0.729933
0.729885
0.727191
0.722781
0.717729
0.713094
0.709693
0.708025
0.708169
0.709857
0.712556
0.715557
0.718125
0.719647
0.719733
0.718331
0.715697
0.712325
0.708773
0.705597
0.703204
0.701802
0.701352
0.701573
0.702004
0.70211
0.701488
0.699922
0.697443
0.694279
0.690798
0.68739
0.684405
0.682116
0.680736
0.680464
0.681581
0.684431
0.689373
0.696653
0.706174
0.717389
0.729298
0.740597
0.749904
0.756019
0.758101
0.755804
0.749333
0.739364
0.726987
0.713564
0.700509
0.68908
0.680217
0.674394
0.671628
0.671601
0.673817
0.677657
0.682477
0.687648
0.692618
0.69704
0.700843
0.704229
0.70752
0.711027
0.714962
0.719315
0.723881
0.728333
0.732299
0.735473
0.737687
0.738932
0.739357
0.73924
0.738937
0.738778
0.738985
0.739644
0.740702
0.741976
0.743222
0.744178
0.744638
0.744472
0.743623
0.7421
0.740003
0.737441
0.734556
0.731464
0.728229
0.724862
0.721313
0.717538
0.713549
0.709471
0.705545
0.702054
0.699262
0.697341
0.696301
0.695993
0.696191
0.696634
0.697129
0.697593
0.698026
0.698485
0.698982
0.699424
0.699617
0.699345
0.698467
0.697037
0.695361
0.693938
0.693346
0.694053
0.696291
0.699992
0.704768
0.709985
0.71494
0.719039
0.721944
0.723714
0.724804
0.725948
0.727904
0.731191
0.735946
0.741886
0.748429
0.754823
0.760307
0.764203
0.766003
0.765418
0.762443
0.757371
0.750738
0.743233
0.735543
0.728231
0.721672
0.716006
0.711244
0.707431
0.704693
0.70327
0.703445
0.705421
0.709182
0.714467
0.720791
0.727531
0.73407
0.739858
0.744491
0.74771
0.749366
0.74941
0.74785
0.744777
0.740353
0.734895
0.728828
0.722684
0.71706
0.712503
0.709423
0.708038
0.708356
0.710176
0.713161
0.716904
0.720954
0.724856
0.728175
0.730531
0.731702
0.731637
0.730484
0.72848
0.725883
0.722813
0.719117
0.714373
0.707937
0.699178
0.687836
0.674315
0.659912
0.646709
0.636954
0.632253
0.632981
0.638321
0.646811
0.656877
0.66711
0.676341
0.683668
0.688522
0.690626
0.690002
0.686953
0.682008
0.675881
0.669402
0.663389
0.658523
0.655208
0.653557
0.653398
0.654431
0.656326
0.658868
0.661989
0.665737
0.670237
0.675594
0.681826
0.688825
0.696394
0.704307
0.712332
0.720247
0.727775
0.734525
0.74001
0.743653
0.744988
0.743753
0.739983
0.734034
0.726551
0.718365
0.710387
0.703434
0.698094
0.694584
0.692786
0.692286
0.692527
0.692983
0.69333
0.693442
0.693372
0.693236
0.693065
0.692707
0.691826
0.689957
0.686687
0.681855
0.675636
0.668562
0.661441
0.655164
0.650525
0.648056
0.647959
0.650066
0.653941
0.658973
0.664533
0.670101
0.675359
0.680201
0.684737
0.68921
0.693913
0.699116
0.70498
0.711542
0.71872
0.726349
0.734237
0.742174
0.74993
0.757202
0.763617
0.768754
0.772188
0.773594
0.772787
0.76976
0.764695
0.75786
0.749594
0.740268
0.730281
0.720054
0.710007
0.700563
0.692092
0.684858
0.678985
0.674398
0.67091
0.668256
0.666194
0.664566
0.663346
0.662634
0.662636
0.663563
0.66557
0.668733
0.672973
0.678075
0.683703
0.68943
0.694803
0.699444
0.703076
0.70564
0.707299
0.708399
0.70933
0.7104
0.711696
0.713069
0.714183
0.714628
0.714001
0.71204
0.708685
0.704069
0.698532
0.69257
0.686763
0.681631
0.677534
0.674601
0.672725
0.671621
0.670969
0.670597
0.670557
0.671163
0.672838
0.675877
0.680258
0.685558
0.691085
0.696109
0.70014
0.703034
0.705036
0.706653
0.708458
0.710919
0.714252
0.71845
0.723296
0.728447
0.733497
0.738055
0.74175
0.744261
0.745335
0.744827
0.742693
0.739011
0.733963
0.727802
0.720847
0.713398
0.705736
0.69811
0.690745
0.683819
0.677524
0.672051
0.667551
0.664173
0.662043
0.661243
0.661825
0.66381
0.667149
0.671689
0.677196
0.683373
0.689865
0.696323
0.70242
0.70789
0.712561
0.716335
0.719166
0.721089
0.722178
0.722536
0.722316
0.721678
0.720814
0.719938
0.71925
0.718924
0.719086
0.719781
0.720966
0.722532
0.724328
0.726177
0.727927
0.729457
0.730693
0.731586
0.732129
0.732365
0.732389
0.732304
0.732218
0.732229
0.732349
0.732501
0.732474
0.731943
0.730533
0.727868
0.723625
0.717611
0.709875
0.700758
0.690867
0.681024
0.672191
0.665269
0.660926
0.659499
0.660933
0.664859
0.670692
0.677771
0.685464
0.693226
0.700594
0.707146
0.712535
0.716463
0.718702
0.719144
0.717836
0.714949
0.710805
0.705754
0.700134
0.694254
0.688397
0.682826
0.677842
0.673759
0.670799
0.669027
0.668289
0.668203
0.668245
0.667887
0.666723
0.66453
0.661283
0.657099
0.652204
0.646891
0.641517
0.636434
0.632018
0.62864
0.626628
0.626251
0.627672
0.630914
0.635833
0.642149
0.649454
0.657291
0.665243
0.67293
0.680063
0.68645
0.691963
0.69655
0.70024
0.703137
0.705424
0.707359
0.709222
0.7113
0.713833
0.716975
0.720774
0.725185
0.730078
0.735271
0.740532
0.745626
0.750339
0.754472
0.757894
0.760522
0.762329
0.763302
0.763415
0.762617
0.760822
0.757912
0.753764
0.74826
0.741378
0.733202
0.723987
0.714154
0.704257
0.694949
0.686934
0.680867
0.677198
0.676034
0.677062
0.679577
0.682692
0.685542
0.68747
0.68812
0.687386
0.685374
0.682363
0.678739
0.674971
0.671569
0.669048
0.667846
0.668231
0.670229
0.673627
0.678078
0.683177
0.688651
0.694415
0.700498
0.706945
0.713681
0.72045
0.726765
0.732067
0.735845
0.73773
0.737586
0.735472
0.731618
0.726334
0.719974
0.712925
0.705627
0.698593
0.692331
0.687269
0.683656
0.681557
0.680877
0.681482
0.68328
0.686257
0.69044
0.695882
0.702628
0.7107
0.720071
0.730577
0.74187
0.753383
0.76446
0.774457
0.782872
0.789354
0.793684
0.795728
0.795437
0.792843
0.788116
0.781589
0.773764
0.765195
0.756366
0.747584
0.738933
0.730379
0.721868
0.713453
0.705315
0.697776
0.691217
0.685999
0.682384
0.680508
0.680361
0.681815
0.684692
0.688754
0.69371
0.699192
0.704768
0.709948
0.714229
0.717145
0.718318
0.717499
0.714642
0.709899
0.703646
0.696461
0.689018
0.682004
0.676028
0.671481
0.668484
0.666881
0.666308
0.666327
0.666552
0.666799
0.667079
0.667596
0.668615
0.670376
0.672972
0.676279
0.67995
0.683492
0.686383
0.688203
0.68877
0.688123
0.686495
0.684193
0.681541
0.678806
0.676217
0.673994
0.672445
0.671952
0.672974
0.675885
0.680802
0.687483
0.695355
0.703647
0.711565
0.718393
0.72357
0.726677
0.727493
0.725958
0.722167
0.716368
0.708953
0.700409
0.691331
0.682321
0.673995
0.66687
0.661374
0.657786
0.656215
0.656531
0.658371
0.661191
0.664341
0.667227
0.669486
0.671032
0.672073
0.672999
0.674254
0.67617
0.678905
0.682388
0.68636
0.690426
0.69415
0.697137
0.699105
0.699932
0.699635
0.698399
0.696527
0.694398
0.69245
0.691091
0.690679
0.691455
0.693516
0.696809
0.701157
0.706292
0.711933
0.717804
0.723677
0.729383
0.734723
0.739495
0.743476
0.746455
0.748261
0.748851
0.748361
0.747077
0.745377
0.743578
0.741845
0.740056
0.737869
0.73482
0.730495
0.724739
0.717832
0.71056
0.704101
0.699588
0.697562
0.697658
0.69874
0.69944
0.698662
0.695853
0.690968
0.684361
0.676614
0.668454
0.660617
0.653813
0.648648
0.645577
0.64491
0.646783
0.65114
0.65773
0.666132
0.675754
0.685882
0.69573
0.704538
0.711641
0.716568
0.71909
0.719235
0.717266
0.71367
0.709067
0.704087
0.699291
0.695087
0.691702
0.689233
0.687691
0.687033
0.687191
0.68811
0.689751
0.692101
0.695173
0.698961
0.703397
0.708358
0.713661
0.719075
0.724375
0.729393
0.734019
0.738206
0.741895
0.74502
0.747472
0.749101
0.749723
0.749223
0.747583
0.744906
0.741467
0.737654
0.733947
0.730793
0.728555
0.727429
0.727452
0.728538
0.730507
0.733137
0.736209
0.739545
0.74299
0.746426
0.74976
0.752897
0.755736
0.7582
0.760205
0.761695
0.762636
0.762976
0.762641
0.761486
0.759295
0.755827
0.750929
0.744613
0.737162
0.72912
0.721274
0.714503
0.709574
0.706984
0.706794
0.708655
0.711961
0.71603
0.720323
0.724551
0.728654
0.732708
0.736804
0.740982
0.745202
0.74939
0.753435
0.757242
0.760794
0.764088
0.767136
0.769945
0.772489
0.774713
0.776538
0.777866
0.778576
0.778564
0.777719
0.775954
0.773215
0.769509
0.764873
0.75943
0.753389
0.747043
0.740765
0.735007
0.730245
0.726917
0.725352
0.725641
0.727594
0.730786
0.734625
0.738515
0.741949
0.74464
0.746504
0.74759
0.748015
0.747884
0.747252
0.746093
0.74434
0.74193
0.738888
0.73531
0.731404
0.727428
0.723655
0.720322
0.717591
0.715543
0.714174
0.71341
0.713124
0.713148
0.713269
0.713259
0.712893
0.711998
0.710495
0.708384
0.705788
0.70287
0.699798
0.696691
0.693539
0.690238
0.68666
0.682756
0.67867
0.674736
0.671441
0.669309
0.668789
0.670172
0.673511
0.67861
0.684993
0.691993
0.698866
0.704904
0.709491
0.712202
0.712843
0.711448
0.708258
0.703645
0.698063
0.691988
0.685874
0.680141
0.675159
0.67123
0.668533
0.667105
0.666804
0.66729
0.668083
0.668697
0.668743
0.668006
0.666531
0.664646
0.662866
0.661803
0.66202
0.663904
0.667566
0.672856
0.679386
0.686607
0.693915
0.700724
0.70655
0.711042
0.714014
0.715459
0.715524
0.714444
0.71254
0.710168
0.70768
0.705451
0.703899
0.703469
0.704647
0.707891
0.713525
0.721635
0.731997
0.744101
0.757227
0.770527
0.783134
0.79425
0.803261
0.809751
0.813521
0.814584
0.813089
0.809341
0.803702
0.796567
0.788307
0.779285
0.769785
0.760049
0.750317
0.740857
0.732012
0.724234
0.932988
0.926192
0.920854
0.917529
0.916415
0.917172
0.918968
0.920659
0.921081
0.919332
0.914931
0.907929
0.898844
0.888554
0.878136
0.868607
0.860646
0.854405
0.849473
0.845063
0.840296
0.834464
0.827288
0.819039
0.810561
0.803051
0.797694
0.795308
0.796074
0.799564
0.805004
0.811622
0.818882
0.826478
0.834203
0.841749
0.848573
0.854003
0.857491
0.858936
0.858908
0.858664
0.859758
0.863375
0.869688
0.877773
0.88603
0.89283
0.897005
0.897945
0.895545
0.890092
0.88205
0.871939
0.860256
0.847419
0.833838
0.819966
0.806363
0.793739
0.782928
0.774784
0.769933
0.768602
0.770461
0.774835
0.780943
0.788163
0.796192
0.805014
0.814725
0.825377
0.836843
0.848782
0.860591
0.871493
0.880586
0.886978
0.889866
0.888659
0.883051
0.873077
0.859133
0.841962
0.822578
0.80224
0.782415
0.76468
0.750529
0.741051
0.736603
0.736698
0.740258
0.746127
0.753478
0.761917
0.771404
0.781964
0.7935
0.805741
0.818214
0.830342
0.841576
0.85154
0.860101
0.867347
0.873482
0.878627
0.882722
0.885509
0.886667
0.885943
0.883301
0.878933
0.873163
0.866348
0.85875
0.850507
0.841662
0.832287
0.822602
0.813001
0.80404
0.796343
0.790444
0.78669
0.785158
0.785698
0.787994
0.791647
0.796242
0.801429
0.80692
0.812496
0.818023
0.823405
0.828545
0.833285
0.837341
0.840311
0.841784
0.841561
0.839858
0.837282
0.834641
0.832627
0.831505
0.831018
0.830492
0.829175
0.826538
0.82246
0.817217
0.81135
0.80545
0.799983
0.795133
0.790782
0.786663
0.782557
0.778522
0.774965
0.772627
0.772427
0.775168
0.781298
0.790679
0.802628
0.816055
0.829697
0.842406
0.853351
0.862096
0.868536
0.872778
0.875032
0.875476
0.87427
0.87151
0.867291
0.861739
0.85506
0.847548
0.839555
0.831424
0.82344
0.815723
0.808308
0.801157
0.794267
0.787713
0.781653
0.776297
0.771834
0.768419
0.766124
0.764972
0.765008
0.766312
0.769052
0.773445
0.77967
0.787744
0.797452
0.808298
0.819542
0.830325
0.839743
0.847035
0.851608
0.853077
0.85126
0.846161
0.837999
0.827227
0.814622
0.801432
0.789326
0.780178
0.775549
0.776131
0.781535
0.790619
0.802065
0.814801
0.828115
0.841476
0.854352
0.866122
0.876089
0.883647
0.888424
0.890296
0.889327
0.885715
0.879757
0.871782
0.862205
0.85154
0.840333
0.829128
0.818345
0.808205
0.798709
0.789707
0.781018
0.772592
0.764622
0.757589
0.75223
0.749373
0.749659
0.753335
0.760087
0.769038
0.778905
0.788279
0.795858
0.800672
0.802183
0.800298
0.795314
0.787841
0.778636
0.768538
0.758352
0.748777
0.74038
0.733621
0.728857
0.726331
0.726147
0.728252
0.732462
0.738568
0.74637
0.755718
0.76645
0.778322
0.790946
0.803803
0.816257
0.827647
0.837336
0.844795
0.849694
0.851917
0.851615
0.849211
0.845314
0.84068
0.836116
0.832318
0.829723
0.82841
0.828056
0.828096
0.827901
0.82698
0.825062
0.822157
0.818571
0.814789
0.811445
0.809227
0.808715
0.81022
0.813654
0.818529
0.824062
0.829353
0.833582
0.836155
0.836796
0.835602
0.83297
0.829514
0.825922
0.822789
0.820473
0.819146
0.818802
0.819336
0.820565
0.822254
0.824158
0.826063
0.827889
0.829731
0.831912
0.834865
0.839008
0.844643
0.851838
0.860438
0.870079
0.880234
0.89024
0.899365
0.906849
0.912049
0.914549
0.914283
0.911546
0.906962
0.90138
0.895618
0.890222
0.885293
0.880531
0.875427
0.869465
0.862341
0.854019
0.844759
0.83508
0.825666
0.817281
0.810676
0.806455
0.805008
0.806503
0.810943
0.818231
0.828197
0.840594
0.855062
0.871041
0.887714
0.904027
0.918765
0.930684
0.938652
0.94174
0.939324
0.931189
0.917585
0.899317
0.877725
0.854639
0.832212
0.812555
0.797451
0.787978
0.78441
0.78631
0.792757
0.802524
0.81426
0.826565
0.838153
0.848002
0.855527
0.860634
0.863687
0.865277
0.866009
0.866285
0.866236
0.865737
0.864548
0.862487
0.859534
0.855847
0.851735
0.847618
0.843978
0.841353
0.840209
0.840918
0.843634
0.848268
0.85447
0.861664
0.869115
0.876027
0.881647
0.88536
0.886802
0.885937
0.883105
0.878983
0.874422
0.870239
0.866994
0.864838
0.863573
0.862783
0.862012
0.860934
0.859458
0.85776
0.856172
0.855021
0.854451
0.854363
0.854397
0.854003
0.852648
0.849965
0.84579
0.84027
0.833823
0.827065
0.82078
0.815804
0.812909
0.812722
0.815574
0.821423
0.829846
0.840167
0.85163
0.863592
0.875599
0.887392
0.898763
0.909411
0.918879
0.926582
0.93192
0.934375
0.933633
0.929613
0.922585
0.913173
0.902318
0.891181
0.880925
0.872443
0.866251
0.862474
0.860942
0.861307
0.863085
0.865682
0.868491
0.870949
0.872633
0.873319
0.873045
0.872004
0.870418
0.868466
0.866349
0.864506
0.863788
0.865278
0.869905
0.87791
0.888637
0.900751
0.912712
0.923203
0.931377
0.936848
0.939585
0.939727
0.937511
0.933172
0.926941
0.919113
0.910068
0.900301
0.890381
0.880964
0.872674
0.866012
0.861221
0.858215
0.856547
0.855536
0.854402
0.852428
0.849064
0.844028
0.837294
0.82907
0.81971
0.809644
0.799319
0.789147
0.779494
0.770728
0.763242
0.757438
0.753723
0.752401
0.753592
0.757175
0.762729
0.769593
0.776976
0.784085
0.790307
0.795297
0.799013
0.80163
0.803433
0.804666
0.805459
0.805794
0.805552
0.804642
0.803139
0.801269
0.799316
0.79757
0.796126
0.79486
0.793432
0.791453
0.788709
0.785362
0.782061
0.779852
0.779892
0.783067
0.789672
0.799319
0.811137
0.824091
0.83721
0.849727
0.861053
0.870754
0.878511
0.884069
0.887268
0.888031
0.88637
0.88242
0.876426
0.868697
0.859579
0.849401
0.838473
0.827117
0.815708
0.80468
0.794513
0.785703
0.778639
0.773567
0.77057
0.769568
0.770353
0.772649
0.776167
0.780666
0.786031
0.792313
0.799731
0.808479
0.818456
0.829012
0.838973
0.84695
0.851784
0.852915
0.850523
0.845479
0.839061
0.832513
0.826677
0.821886
0.818113
0.815222
0.813112
0.811707
0.81094
0.810637
0.810566
0.810538
0.810474
0.810465
0.810741
0.811574
0.813193
0.81575
0.819286
0.823767
0.829074
0.835032
0.84142
0.847982
0.854435
0.860458
0.865728
0.869872
0.87259
0.87368
0.873086
0.870917
0.867366
0.862698
0.857194
0.851182
0.845119
0.839596
0.835251
0.832546
0.831556
0.831921
0.833021
0.834195
0.834975
0.835151
0.834793
0.83415
0.833604
0.833639
0.834721
0.837271
0.841589
0.847746
0.855513
0.86435
0.87349
0.882058
0.889192
0.894203
0.896675
0.896499
0.893863
0.889249
0.883373
0.87715
0.871582
0.867639
0.866061
0.867194
0.87094
0.876724
0.883665
0.890781
0.897157
0.902148
0.905444
0.907064
0.907235
0.906267
0.904432
0.901951
0.899003
0.895774
0.892476
0.889331
0.88653
0.884142
0.882172
0.880556
0.87921
0.878099
0.877273
0.876897
0.87726
0.878651
0.88121
0.884795
0.888969
0.893008
0.896109
0.89751
0.896657
0.893323
0.887736
0.880595
0.872916
0.865742
0.859831
0.855477
0.852645
0.851164
0.850921
0.851873
0.853941
0.856938
0.860522
0.864197
0.867409
0.869591
0.870278
0.869125
0.865939
0.860708
0.853546
0.844727
0.834665
0.823851
0.81291
0.802544
0.793476
0.786375
0.781682
0.779493
0.779524
0.781234
0.784028
0.787394
0.790932
0.794368
0.797476
0.800046
0.801868
0.802805
0.802889
0.802276
0.801341
0.800592
0.800568
0.80177
0.804533
0.808966
0.814921
0.821989
0.829572
0.836936
0.843446
0.848711
0.852618
0.855306
0.857103
0.858383
0.859523
0.860827
0.862559
0.864917
0.86796
0.871554
0.875343
0.878768
0.88119
0.882072
0.881203
0.878817
0.875614
0.872625
0.870985
0.871606
0.874925
0.880714
0.88821
0.896301
0.903751
0.909439
0.912516
0.912538
0.909595
0.904244
0.897387
0.889931
0.882438
0.875021
0.867448
0.859443
0.850955
0.842314
0.834133
0.827158
0.822091
0.819464
0.819493
0.822081
0.826798
0.832929
0.839584
0.84582
0.850765
0.853713
0.854172
0.851945
0.847198
0.840452
0.832676
0.825236
0.819761
0.817736
0.820055
0.826647
0.836521
0.848146
0.859914
0.870604
0.879446
0.886189
0.890962
0.894171
0.896438
0.89848
0.900985
0.904482
0.909221
0.915137
0.921894
0.928928
0.935548
0.94101
0.944633
0.945884
0.944455
0.940244
0.933391
0.924234
0.913338
0.901434
0.889463
0.878532
0.86967
0.86358
0.860394
0.85964
0.860482
0.862173
0.864284
0.866801
0.870066
0.874478
0.880217
0.887085
0.894485
0.901583
0.907554
0.91181
0.914068
0.914383
0.913069
0.910638
0.907672
0.904676
0.901908
0.899293
0.896555
0.893414
0.889776
0.885793
0.881786
0.878139
0.87523
0.87335
0.872746
0.87356
0.87577
0.879148
0.883318
0.887734
0.891873
0.895242
0.89738
0.897946
0.896663
0.893391
0.888177
0.881364
0.873557
0.865573
0.85826
0.852221
0.847684
0.84445
0.84202
0.839792
0.837231
0.834016
0.830103
0.825697
0.821169
0.816979
0.813575
0.811357
0.810608
0.811422
0.813676
0.817003
0.820866
0.824689
0.828093
0.830988
0.833617
0.83645
0.840046
0.844875
0.851225
0.859164
0.868502
0.878788
0.889296
0.899072
0.907083
0.912392
0.914332
0.912612
0.907311
0.898854
0.887998
0.875769
0.863366
0.852023
0.842811
0.836441
0.83317
0.832741
0.834496
0.837514
0.840784
0.843342
0.844413
0.843516
0.840456
0.835381
0.828647
0.820795
0.812438
0.804165
0.796484
0.789771
0.78425
0.779947
0.776721
0.774312
0.772424
0.770778
0.769213
0.767777
0.766714
0.766441
0.767408
0.769998
0.774365
0.780403
0.787748
0.795892
0.804282
0.812417
0.81994
0.82666
0.832516
0.837558
0.841901
0.845667
0.848913
0.851597
0.853587
0.854652
0.854489
0.852792
0.849316
0.843993
0.837064
0.829278
0.822112
0.817748
0.818459
0.82548
0.838028
0.853535
0.868886
0.881588
0.89028
0.894662
0.760652
0.760151
0.759034
0.757855
0.757042
0.756917
0.75776
0.759812
0.763297
0.768382
0.775097
0.78329
0.79255
0.802162
0.811159
0.818463
0.823137
0.824681
0.823245
0.819765
0.815788
0.812996
0.812516
0.814388
0.817597
0.820649
0.822207
0.821498
0.818357
0.813104
0.806317
0.798764
0.791259
0.784609
0.779544
0.776584
0.776026
0.7779
0.781964
0.787784
0.794791
0.802358
0.809883
0.816847
0.822833
0.827578
0.830961
0.833001
0.833811
0.833545
0.832381
0.830465
0.827889
0.824732
0.821058
0.816986
0.812699
0.808418
0.804322
0.800473
0.7968
0.793031
0.788697
0.783259
0.776207
0.767247
0.75643
0.744307
0.731988
0.720983
0.712875
0.708898
0.70952
0.714321
0.722141
0.731487
0.74092
0.749369
0.756274
0.761541
0.765444
0.768469
0.771157
0.773928
0.777005
0.780382
0.783879
0.787244
0.79032
0.793108
0.795778
0.798586
0.801694
0.804988
0.80802
0.810111
0.810517
0.808663
0.804263
0.797346
0.788171
0.777156
0.764783
0.751589
0.738161
0.725183
0.71345
0.703793
0.696982
0.69359
0.693883
0.697709
0.704551
0.713566
0.723749
0.734058
0.743565
0.75163
0.757964
0.76263
0.765921
0.768297
0.770214
0.772035
0.773974
0.776028
0.778019
0.779552
0.780182
0.779505
0.777286
0.773547
0.76856
0.762867
0.757191
0.752354
0.749151
0.748236
0.750024
0.754638
0.761862
0.77117
0.781786
0.792776
0.803134
0.811888
0.818218
0.821486
0.821331
0.817691
0.810812
0.801209
0.789599
0.77678
0.763515
0.750524
0.738546
0.728367
0.720777
0.716426
0.715611
0.718112
0.723212
0.729953
0.737375
0.744725
0.751538
0.757591
0.762808
0.76716
0.770621
0.77311
0.774499
0.774665
0.773499
0.770952
0.766997
0.761687
0.755119
0.747466
0.738985
0.729943
0.720654
0.711488
0.702851
0.695209
0.689046
0.684796
0.682742
0.682957
0.685294
0.689415
0.694921
0.701489
0.708878
0.716847
0.725069
0.733083
0.740362
0.74636
0.750668
0.753088
0.753639
0.752566
0.750301
0.747407
0.7445
0.742144
0.740785
0.74065
0.741737
0.743816
0.746486
0.749265
0.751693
0.753427
0.754281
0.754278
0.753588
0.752486
0.751186
0.749715
0.747827
0.745067
0.740919
0.735046
0.727488
0.718797
0.709971
0.702197
0.696512
0.693569
0.693617
0.696594
0.702311
0.710467
0.720594
0.732065
0.744117
0.755923
0.766684
0.775732
0.782547
0.786747
0.788068
0.786369
0.781599
0.773848
0.763412
0.750867
0.737101
0.723288
0.710683
0.700335
0.692762
0.687894
0.685297
0.684543
0.685519
0.688474
0.693795
0.701736
0.712202
0.724718
0.73852
0.752718
0.76644
0.778932
0.789579
0.797866
0.803409
0.805941
0.805381
0.801883
0.795818
0.787749
0.778333
0.768283
0.758278
0.748878
0.740503
0.73342
0.727747
0.723489
0.720529
0.718685
0.717741
0.717455
0.717605
0.717984
0.718421
0.71877
0.718885
0.718658
0.71801
0.716908
0.715417
0.713713
0.712082
0.710893
0.710576
0.711589
0.714378
0.719312
0.726629
0.736376
0.748277
0.761731
0.775878
0.789688
0.802166
0.812483
0.820156
0.825085
0.827489
0.827761
0.826266
0.823222
0.818709
0.81277
0.80559
0.797611
0.789526
0.782167
0.776293
0.772391
0.770568
0.770615
0.772154
0.774782
0.778202
0.78221
0.786677
0.791455
0.796362
0.801145
0.805458
0.808927
0.811138
0.81178
0.810669
0.807907
0.803922
0.799444
0.795378
0.792591
0.791678
0.792894
0.796167
0.801175
0.807446
0.814389
0.821368
0.827784
0.833172
0.837305
0.840193
0.842062
0.843256
0.844157
0.845052
0.846091
0.847179
0.847964
0.84781
0.845971
0.841734
0.834602
0.824443
0.811602
0.796907
0.781543
0.766867
0.754161
0.744395
0.738059
0.735073
0.734893
0.736664
0.739461
0.742455
0.745002
0.746613
0.746967
0.745955
0.74362
0.740178
0.735993
0.73149
0.727152
0.723459
0.720857
0.71972
0.720327
0.722812
0.727147
0.73313
0.740335
0.748112
0.755655
0.762135
0.766848
0.769347
0.769487
0.767417
0.763479
0.758125
0.751833
0.745026
0.738051
0.731204
0.724701
0.718719
0.713401
0.708802
0.704941
0.701777
0.699297
0.6976
0.696925
0.697654
0.700275
0.705257
0.712938
0.72331
0.735948
0.750027
0.764504
0.778371
0.790826
0.801305
0.809429
0.814971
0.817831
0.818025
0.815684
0.811045
0.804393
0.796057
0.786404
0.775856
0.764921
0.754248
0.74461
0.736836
0.731612
0.729323
0.729912
0.732896
0.737505
0.742873
0.748213
0.752931
0.75665
0.759146
0.760358
0.760337
0.759213
0.757197
0.754568
0.751641
0.748749
0.74617
0.744082
0.742578
0.741629
0.741136
0.740978
0.741082
0.741402
0.741907
0.742535
0.743097
0.743363
0.743188
0.742579
0.741771
0.741121
0.74098
0.74154
0.742763
0.744382
0.745963
0.747058
0.747293
0.746423
0.74438
0.741272
0.737386
0.733198
0.729297
0.72636
0.725082
0.726061
0.729722
0.736225
0.745421
0.756823
0.769663
0.783002
0.795838
0.807266
0.816552
0.823236
0.827127
0.828277
0.826926
0.823482
0.818422
0.812251
0.805469
0.798502
0.791715
0.785404
0.779734
0.774787
0.770571
0.767057
0.764102
0.761516
0.759125
0.756787
0.754502
0.752455
0.751002
0.750602
0.751707
0.754601
0.759271
0.765368
0.772285
0.779254
0.785522
0.790463
0.793688
0.795028
0.79456
0.792529
0.789255
0.785137
0.780593
0.776067
0.772012
0.768882
0.767094
0.766937
0.768536
0.771768
0.776283
0.781547
0.786947
0.791893
0.795916
0.79871
0.800196
0.800515
0.799943
0.798778
0.797283
0.795589
0.793634
0.791262
0.788245
0.78439
0.779616
0.773995
0.767818
0.761562
0.755866
0.751422
0.748837
0.748536
0.750701
0.755254
0.761939
0.770371
0.780071
0.790469
0.800895
0.810673
0.819287
0.826437
0.832017
0.836056
0.838596
0.839604
0.839015
0.836738
0.83273
0.827079
0.820011
0.811889
0.803202
0.794611
0.786877
0.780743
0.776715
0.774896
0.774891
0.776047
0.777763
0.779675
0.781713
0.783978
0.786618
0.789729
0.79327
0.797086
0.800915
0.804465
0.807454
0.809704
0.811177
0.811991
0.812375
0.81249
0.812305
0.81155
0.809835
0.806796
0.802212
0.796033
0.788392
0.779536
0.769825
0.759717
0.74979
0.740689
0.732968
0.727042
0.723082
0.721009
0.720612
0.721628
0.723829
0.727084
0.73138
0.736701
0.742993
0.750068
0.757571
0.764977
0.771697
0.777204
0.781091
0.783167
0.783452
0.782135
0.779542
0.776058
0.772012
0.767612
0.762928
0.757902
0.752494
0.746749
0.740845
0.735099
0.729897
0.725625
0.722651
0.721282
0.721737
0.724103
0.728254
0.733868
0.740459
0.747462
0.75436
0.760737
0.766289
0.770795
0.774097
0.776066
0.776614
0.775652
0.773114
0.768956
0.763169
0.755825
0.747102
0.737278
0.726736
0.71594
0.705409
0.695695
0.687313
0.68062
0.675814
0.672856
0.671491
0.671231
0.671459
0.67161
0.671438
0.671296
0.672155
0.675285
0.681632
0.691341
0.703649
0.717268
0.730834
0.743276
0.753908
0.762378
0.768514
0.772268
0.773653
0.772729
0.769557
0.764265
0.757059
0.748293
0.738486
0.728318
0.718601
0.710194
0.703895
0.700274
0.699601
0.701788
0.706392
0.712723
0.719853
0.72665
0.731938
0.734709
0.73437
0.730901
0.724879
0.717206
0.708832
0.700485
0.692739
0.686161
0.681327
0.678728
0.678634
0.681065
0.685877
0.692895
0.701985
0.713035
0.725841
0.739956
0.75467
0.769052
0.782026
0.792566
0.799794
0.803094
0.802209
0.797313
0.78901
0.778299
0.766436
0.754744
0.744343
0.735986
0.730029
0.726504
0.725319
0.72641
0.729768
0.735399
0.743208
0.752871
0.763782
0.775055
0.785642
0.794441
0.800451
0.802916
0.801412
0.795975
0.787123
0.775833
0.763471
0.751579
0.741612
0.73471
0.731413
0.731628
0.734675
0.739464
0.744796
0.749613
0.753181
0.755165
0.755591
0.75479
0.753207
0.751313
0.749491
0.748015
0.747013
0.746511
0.746465
0.746835
0.747615
0.748865
0.750679
0.753131
0.756231
0.759876
0.763832
0.767789
0.771441
0.774536
0.776934
0.778637
0.77973
0.780324
0.780485
0.780119
0.778942
0.776498
0.772192
0.765441
0.75583
0.743279
0.728256
0.711962
0.696314
0.683595
0.675679
0.673243
0.675557
0.680991
0.687765
0.694512
0.700418
0.705103
0.708506
0.710767
0.712167
0.713105
0.7141
0.715802
0.718933
0.724185
0.731964
0.742188
0.754152
0.766711
0.77859
0.788745
0.796565
0.801917
0.805045
0.80642
0.80658
0.805972
0.804854
0.803246
0.800906
0.797377
0.79214
0.784926
0.776219
0.767684
0.761909
0.761088
0.765407
0.772722
0.779892
0.784383
0.784949
0.781497
0.774636
0.765292
0.754461
0.74309
0.732008
0.721869
0.713169
0.706278
0.701469
0.698881
0.698518
0.700224
0.703702
0.708519
0.714139
0.719978
0.725457
0.730057
0.733402
0.735258
0.735592
0.734553
0.732395
0.729381
0.725756
0.721757
0.717671
0.713877
0.710785
0.708734
0.70787
0.708084
0.709002
0.710074
0.710694
0.710432
0.709205
0.707379
0.705687
0.704923
0.70562
0.707822
0.711127
0.714976
0.718908
0.722634
0.725983
0.728814
0.73096
0.732233
0.732426
0.731389
0.729047
0.725479
0.720943
0.715897
0.711035
0.707149
0.705019
0.705219
0.707976
0.713142
0.720238
0.728508
0.737088
0.74512
0.751863
0.756778
0.759529
0.760014
0.758339
0.754786
0.749798
0.743897
0.73764
0.731556
0.726102
0.721633
0.718433
0.716772
0.716914
0.71911
0.723471
0.729844
0.737698
0.746166
0.754186
0.760681
0.764757
0.765773
0.763405
0.757668
0.748895
0.737763
0.725254
0.712528
0.700749
0.690919
0.683711
0.679396
0.677842
0.678668
0.681375
0.68549
0.690657
0.696631
0.703233
0.71024
0.717356
0.724196
0.7303
0.735198
0.738534
0.740108
0.739873
0.737972
0.734748
0.730637
0.726148
0.721754
0.717819
0.714514
0.711828
0.709645
0.707824
0.706238
0.704864
0.703792
0.703245
0.703561
0.967938
0.968448
0.969608
0.972237
0.976454
0.981485
0.986056
0.988973
0.989503
0.987492
0.983238
0.977299
0.970326
0.96291
0.955508
0.948418
0.941762
0.935529
0.929607
0.923826
0.918015
0.91211
0.906204
0.900606
0.895803
0.892311
0.890641
0.891212
0.894334
0.900074
0.908105
0.917615
0.927326
0.935729
0.941371
0.943064
0.940079
0.932223
0.919886
0.904065
0.886283
0.868463
0.852666
0.840827
0.834389
0.834056
0.839589
0.849827
0.862924
0.876748
0.889335
0.899203
0.905562
0.908324
0.908047
0.905788
0.902901
0.900708
0.900154
0.901583
0.904735
0.908957
0.913449
0.917458
0.920259
0.921157
0.919462
0.9145
0.905834
0.893523
0.878498
0.862772
0.849134
0.840301
0.837732
0.841136
0.848927
0.859156
0.870224
0.881011
0.890766
0.898946
0.905116
0.908993
0.910495
0.909748
0.907108
0.903064
0.898147
0.892846
0.887554
0.882615
0.878341
0.875008
0.872866
0.872119
0.872911
0.875296
0.87924
0.884625
0.891304
0.899137
0.907916
0.917333
0.92693
0.93617
0.94453
0.951586
0.957089
0.960946
0.963203
0.963984
0.963469
0.961864
0.959465
0.956647
0.953838
0.951454
0.949733
0.948698
0.9481
0.947443
0.946099
0.943513
0.939327
0.933601
0.92687
0.920073
0.914214
0.910034
0.907818
0.907428
0.908491
0.910554
0.91312
0.915592
0.917246
0.917389
0.915541
0.911629
0.906009
0.899471
0.893035
0.887732
0.884381
0.883509
0.885338
0.889895
0.897058
0.90659
0.918154
0.93125
0.945241
0.959361
0.972804
0.984771
0.994549
1.00154
1.00534
1.00585
1.00321
0.99783
0.99027
0.981104
0.970791
0.95961
0.947661
0.934921
0.921341
0.906966
0.892041
0.877112
0.863037
0.850938
0.841995
0.837243
0.837254
0.841919
0.850474
0.861671
0.874005
0.886039
0.896522
0.904561
0.909676
0.911783
0.911248
0.908803
0.905538
0.902664
0.9012
0.901695
0.904107
0.907855
0.912023
0.9156
0.917662
0.917507
0.914746
0.909322
0.901523
0.891949
0.881452
0.871027
0.861674
0.854279
0.84952
0.84779
0.849142
0.853271
0.859494
0.86683
0.874131
0.880226
0.884156
0.885312
0.883522
0.879098
0.872744
0.865445
0.858361
0.852596
0.84898
0.847909
0.849399
0.853217
0.858989
0.86629
0.874617
0.883387
0.892039
0.900116
0.907455
0.914224
0.920912
0.928212
0.936805
0.947117
0.959188
0.972596
0.986491
0.999713
1.01101
1.0193
1.02387
1.02431
1.02067
1.01328
1.00275
0.989935
0.975838
0.961563
0.948182
0.936611
0.927483
0.921063
0.917263
0.915655
0.915579
0.916288
0.917151
0.917745
0.917935
0.917872
0.917806
0.917956
0.918441
0.919224
0.92016
0.92108
0.92182
0.922256
0.922253
0.921622
0.920189
0.91778
0.914332
0.909902
0.904659
0.898825
0.892613
0.886193
0.879753
0.873494
0.867655
0.86248
0.858163
0.854848
0.852668
0.8518
0.852475
0.85487
0.858958
0.864371
0.870427
0.876289
0.881168
0.884526
0.886144
0.886044
0.88444
0.881667
0.878156
0.874376
0.870858
0.868056
0.866346
0.866002
0.867157
0.869847
0.874033
0.879603
0.886335
0.893871
0.901746
0.909419
0.916336
0.92197
0.92597
0.928275
0.929257
0.929737
0.930809
0.933383
0.937731
0.943315
0.948987
0.953577
0.956386
0.957424
0.957289
0.956826
0.956706
0.957156
0.957843
0.958101
0.957194
0.954583
0.950016
0.943562
0.935595
0.926726
0.917782
0.909687
0.903363
0.899557
0.898619
0.900404
0.904313
0.909449
0.914867
0.919767
0.923608
0.92612
0.92726
0.927126
0.925896
0.923837
0.921254
0.918479
0.915867
0.91377
0.912498
0.912251
0.913022
0.914552
0.916362
0.917867
0.918518
0.917921
0.915852
0.912278
0.907406
0.901676
0.895751
0.890327
0.885868
0.882446
0.879719
0.877181
0.874442
0.871419
0.868481
0.866304
0.865704
0.867429
0.871946
0.879282
0.889023
0.900409
0.912472
0.924281
0.935072
0.944373
0.951995
0.957962
0.962376
0.965321
0.966764
0.966547
0.964432
0.960226
0.953841
0.945421
0.9354
0.9245
0.9136
0.90356
0.895034
0.888342
0.883429
0.879975
0.877577
0.875921
0.874956
0.874951
0.87648
0.88015
0.886222
0.894253
0.903128
0.911442
0.917939
0.92175
0.922442
0.91992
0.91428
0.905809
0.895034
0.882869
0.870711
0.860337
0.853611
0.851858
0.855305
0.862958
0.873053
0.883695
0.893517
0.901923
0.909017
0.915346
0.921605
0.928367
0.935902
0.944089
0.95249
0.960443
0.967254
0.972255
0.97485
0.974546
0.971037
0.964349
0.954947
0.943773
0.932028
0.920936
0.911415
0.903931
0.898454
0.894608
0.891884
0.889808
0.888014
0.886304
0.884592
0.882896
0.881295
0.87986
0.878607
0.877482
0.87634
0.875069
0.873701
0.872516
0.872057
0.872975
0.875819
0.880832
0.887878
0.896502
0.906058
0.915831
0.925162
0.933511
0.940495
0.945865
0.94948
0.951322
0.951509
0.950274
0.947921
0.944783
0.941171
0.937381
0.933621
0.930012
0.926621
0.923434
0.920437
0.917663
0.915249
0.913518
0.912884
0.913739
0.916108
0.919496
0.922991
0.925687
0.927087
0.927291
0.926931
0.926879
0.927825
0.929882
0.932474
0.93459
0.935137
0.933301
0.928746
0.921635
0.912492
0.902085
0.891291
0.88103
0.872213
0.865692
0.862195
0.862312
0.866409
0.874498
0.886129
0.90032
0.915658
0.930519
0.943424
0.953205
0.959153
0.961037
0.959085
0.953923
0.946458
0.937695
0.928616
0.919972
0.91218
0.905336
0.899317
0.893945
0.88919
0.885207
0.882244
0.880497
0.880045
0.880965
0.883494
0.888118
0.895324
0.905234
0.917429
0.931051
0.945072
0.958477
0.970368
0.979941
0.986528
0.98961
0.988848
0.984095
0.975347
0.962685
0.946254
0.926341
0.903612
0.879473
0.856347
0.837453
0.826009
0.824032
0.83146
0.846218
0.865086
0.884818
0.902839
0.917455
0.92776
0.933443
0.934648
0.931854
0.925801
0.917439
0.907875
0.898208
0.889455
0.882501
0.878075
0.876743
0.878865
0.884576
0.893783
0.906119
0.921
0.937632
0.955046
0.972211
0.98811
1.00183
1.01269
1.02026
1.02434
1.02495
1.02223
1.01657
1.00854
0.998881
0.988489
0.978283
0.969086
0.961469
0.95567
0.951645
0.949144
0.947842
0.947397
0.947426
0.947488
0.947058
0.94558
0.942587
0.937845
0.93142
0.923767
0.915731
0.908528
0.903603
0.902372
0.905849
0.914263
0.926928
0.942289
0.958338
0.973001
0.984549
0.991743
0.99387
0.990663
0.982231
0.969072
0.952044
0.93237
0.911608
0.891502
0.873743
0.859636
0.849892
0.844466
0.842685
0.843493
0.845702
0.848247
0.850364
0.851686
0.852308
0.852649
0.853362
0.855112
0.858393
0.863452
0.870292
0.878796
0.888744
0.899922
0.91211
0.925039
0.938332
0.951453
0.963762
0.974568
0.98323
0.989271
0.992401
0.99255
0.989889
0.984732
0.977516
0.968697
0.958691
0.947811
0.936251
0.924177
0.911756
0.899165
0.886638
0.87445
0.862896
0.852318
0.843108
0.835708
0.830583
0.82813
0.828596
0.832082
0.83854
0.847791
0.859555
0.873463
0.88906
0.905762
0.922839
0.939406
0.954483
0.967141
0.976531
0.981976
0.982965
0.979198
0.970769
0.958304
0.943111
0.927137
0.912671
0.901761
0.89563
0.894312
0.896719
0.901137
0.905812
0.909428
0.911263
0.91111
0.909088
0.905519
0.900867
0.895829
0.891383
0.888662
0.888726
0.8922
0.899138
0.908956
0.920574
0.932623
0.943694
0.952548
0.958428
0.961204
0.961333
0.959714
0.957404
0.955362
0.954233
0.954317
0.955574
0.957754
0.960503
0.963477
0.96645
0.969267
0.971797
0.973874
0.975287
0.975849
0.975574
0.974676
0.973465
0.972194
0.970894
0.969407
0.967491
0.965039
0.962102
0.958932
0.955877
0.953267
0.951327
0.950161
0.949768
0.949964
0.950395
0.950535
0.949728
0.947418
0.943282
0.937364
0.930098
0.922273
0.914776
0.908363
0.903392
0.899744
0.896947
0.894432
0.891755
0.888703
0.885253
0.881455
0.877326
0.872797
0.867784
0.862291
0.856459
0.850576
0.845097
0.840605
0.83773
0.837002
0.838614
0.842263
0.847154
0.852276
0.856753
0.860136
0.862545
0.864611
0.867274
0.871453
0.877744
0.886203
0.89625
0.906844
0.916751
0.924823
0.930303
0.932881
0.932724
0.930377
0.926632
0.922398
0.918496
0.915568
0.914061
0.914241
0.916209
0.919922
0.925207
0.931728
0.938986
0.94633
0.953091
0.958678
0.962662
0.964881
0.965399
0.964424
0.962263
0.959222
0.955593
0.951587
0.947381
0.943195
0.93941
0.936578
0.935335
0.936175
0.939204
0.944147
0.950425
0.957294
0.964025
0.970018
0.974802
0.977933
0.979049
0.977845
0.974163
0.968114
0.960136
0.95099
0.94167
0.933215
0.926526
0.922184
0.920322
0.920504
0.921756
0.922775
0.922199
0.918918
0.912376
0.902757
0.891013
0.878804
0.868221
0.861482
0.860424
0.866086
0.878464
0.896454
0.918144
0.941257
0.963578
0.983284
0.999069
1.01016
1.01621
1.01731
1.0138
1.00623
0.995292
0.981782
0.96654
0.950461
0.934438
0.919378
0.906193
0.895711
0.888538
0.884965
0.884931
0.88805
0.893668
0.900968
0.90906
0.917024
0.923985
0.929309
0.932676
0.93414
0.934088
0.933053
0.93147
0.929545
0.927284
0.924672
0.921832
0.919037
0.916641
0.914881
0.913797
0.913176
0.912593
0.911623
0.909988
0.907712
0.90509
0.902628
0.900874
0.900183
0.900617
0.901877
0.903363
0.904355
0.904172
0.902321
0.898513
0.892704
0.885109
0.87612
0.866251
0.856017
0.845942
0.836584
0.828615
0.822796
0.819812
0.820153
0.823892
0.830721
0.84006
0.85122
0.863538
0.876391
0.88919
0.90133
0.912219
0.921299
0.928137
0.932502
0.934424
0.934222
0.93247
0.929917
0.927389
0.925641
0.925225
0.926444
0.929306
0.933553
0.93876
0.944434
0.950083
0.955214
0.959302
0.96182
0.962234
0.960083
0.955051
0.947054
0.936283
0.92324
0.908765
0.893986
0.880226
0.868761
0.860546
0.855899
0.854354
0.854854
0.856081
0.796226
0.796823
0.796706
0.796029
0.795322
0.795424
0.797281
0.801729
0.809221
0.819629
0.832224
0.845831
0.859087
0.870727
0.879816
0.88596
0.889277
0.890255
0.889501
0.887517
0.884686
0.881403
0.878173
0.875549
0.873922
0.87336
0.873497
0.873758
0.873606
0.872776
0.871371
0.86981
0.868672
0.868523
0.869729
0.872377
0.876201
0.880714
0.88529
0.889294
0.892224
0.893773
0.893904
0.892865
0.891213
0.88972
0.8892
0.890297
0.893164
0.897358
0.9019
0.905598
0.907353
0.906379
0.902248
0.89491
0.884629
0.871948
0.857655
0.842686
0.828039
0.814733
0.803646
0.795439
0.790531
0.789032
0.790725
0.795112
0.801523
0.809215
0.817521
0.825964
0.834315
0.842519
0.850574
0.858361
0.865568
0.871683
0.876124
0.878433
0.878452
0.876365
0.872685
0.868124
0.863402
0.859022
0.855159
0.851621
0.847981
0.84378
0.83862
0.832277
0.824683
0.815843
0.805823
0.794815
0.783244
0.771779
0.761317
0.752831
0.747211
0.745126
0.746924
0.75264
0.762132
0.775218
0.791687
0.811161
0.832977
0.856139
0.879431
0.901591
0.921442
0.938065
0.950828
0.959406
0.963726
0.964011
0.96076
0.954795
0.947226
0.939327
0.932368
0.927427
0.925132
0.92556
0.928236
0.932269
0.936557
0.939989
0.941658
0.940979
0.937693
0.931867
0.923811
0.91398
0.902922
0.891268
0.879724
0.869019
0.859897
0.853073
0.84914
0.848553
0.851521
0.857981
0.867531
0.879447
0.892732
0.906291
0.919038
0.930045
0.93867
0.944616
0.947948
0.949113
0.948833
0.947913
0.947061
0.946729
0.947031
0.947802
0.948658
0.949095
0.948598
0.946735
0.943212
0.937947
0.931026
0.922649
0.913059
0.902529
0.891392
0.880096
0.869209
0.859345
0.851087
0.844916
0.841112
0.839749
0.84078
0.84407
0.849438
0.85663
0.865345
0.875262
0.88603
0.897254
0.908474
0.919087
0.92838
0.935633
0.940272
0.94202
0.941011
0.937756
0.933075
0.927874
0.922919
0.918645
0.915095
0.911926
0.908487
0.903972
0.897621
0.888888
0.877639
0.864207
0.849338
0.834024
0.819319
0.806198
0.795459
0.787622
0.782889
0.781105
0.781838
0.784548
0.788783
0.794271
0.800857
0.80833
0.816239
0.82384
0.83028
0.834835
0.837088
0.837042
0.835094
0.831932
0.828414
0.825375
0.823449
0.823016
0.824202
0.826934
0.831074
0.836465
0.843008
0.850594
0.859057
0.8681
0.877261
0.885931
0.893508
0.899485
0.903626
0.906025
0.907053
0.907229
0.90702
0.906704
0.906349
0.905936
0.905465
0.905033
0.904824
0.904984
0.905489
0.906078
0.906278
0.905503
0.903202
0.898983
0.892653
0.884223
0.873885
0.861978
0.848995
0.835558
0.822453
0.810695
0.801515
0.796233
0.795922
0.800989
0.810821
0.823887
0.838225
0.852082
0.864322
0.874521
0.882773
0.889471
0.895173
0.900494
0.906025
0.912179
0.919094
0.926568
0.934135
0.941167
0.94704
0.951259
0.953552
0.95385
0.952283
0.94908
0.944523
0.938868
0.932365
0.925285
0.917903
0.91052
0.903359
0.896522
0.889916
0.883222
0.875996
0.867796
0.85849
0.848503
0.838936
0.831419
0.827648
0.82868
0.834378
0.843474
0.854149
0.864751
0.874213
0.882171
0.888725
0.894209
0.898945
0.903073
0.906533
0.909105
0.910564
0.910798
0.909891
0.90816
0.906115
0.904369
0.903538
0.904112
0.906341
0.91016
0.915215
0.92089
0.926378
0.930842
0.933514
0.933832
0.931556
0.926881
0.920443
0.913184
0.906145
0.900113
0.895385
0.891697
0.888327
0.884371
0.878983
0.871578
0.861906
0.850134
0.836789
0.822751
0.809153
0.797278
0.788325
0.78324
0.782492
0.785947
0.792862
0.802054
0.81218
0.822033
0.83084
0.838408
0.845045
0.851289
0.857593
0.864034
0.870384
0.876289
0.881512
0.886056
0.890112
0.893951
0.897861
0.90209
0.906848
0.912244
0.918324
0.925083
0.932432
0.940213
0.948208
0.956092
0.96347
0.969892
0.974869
0.977966
0.978855
0.977389
0.973595
0.967631
0.959799
0.950502
0.94027
0.929805
0.920019
0.9119
0.906322
0.903765
0.904132
0.906751
0.91061
0.914636
0.917935
0.919941
0.920412
0.9194
0.917172
0.914126
0.910669
0.907096
0.903527
0.899815
0.895573
0.89027
0.88338
0.874629
0.864159
0.852568
0.840837
0.830228
0.822118
0.817704
0.817817
0.822674
0.831816
0.84428
0.85883
0.874187
0.889141
0.902579
0.9135
0.921123
0.924988
0.925073
0.92175
0.915734
0.907943
0.899369
0.890942
0.883428
0.877365
0.873094
0.870815
0.870667
0.872702
0.876927
0.883169
0.891018
0.899849
0.908787
0.916846
0.923103
0.926806
0.92751
0.925129
0.919921
0.91248
0.903647
0.894363
0.885466
0.877597
0.871156
0.866293
0.862911
0.860801
0.859653
0.859149
0.859016
0.859026
0.858988
0.858741
0.858173
0.857254
0.856068
0.854835
0.853872
0.85356
0.854317
0.856549
0.860578
0.866521
0.874128
0.882761
0.891492
0.89926
0.905085
0.908278
0.908543
0.906019
0.901187
0.894737
0.887397
0.879789
0.87241
0.865663
0.859913
0.855615
0.853294
0.853442
0.856336
0.86189
0.8697
0.879082
0.889261
0.899542
0.909387
0.918482
0.926698
0.93398
0.940264
0.945352
0.948905
0.950459
0.949559
0.945829
0.939033
0.929157
0.916472
0.901617
0.885508
0.86932
0.854317
0.841698
0.832409
0.827029
0.825663
0.827966
0.833259
0.840705
0.849404
0.858541
0.8674
0.875254
0.881303
0.884773
0.885154
0.882436
0.877184
0.870438
0.863377
0.857044
0.85213
0.848935
0.847461
0.847523
0.848851
0.851201
0.854328
0.858006
0.86204
0.866194
0.870207
0.873894
0.877189
0.880228
0.88333
0.886929
0.891421
0.897007
0.903591
0.910837
0.91822
0.925154
0.931065
0.935345
0.937391
0.936752
0.933199
0.926923
0.918604
0.90942
0.900913
0.89473
0.892163
0.893755
0.899037
0.906675
0.914869
0.921832
0.926147
0.926885
0.92363
0.916418
0.905585
0.891679
0.875401
0.857508
0.838763
0.819911
0.801746
0.785208
0.771462
0.761839
0.757547
0.759294
0.766944
0.779463
0.795242
0.812629
0.830335
0.847556
0.86386
0.878901
0.89227
0.903507
0.912228
0.918283
0.921795
0.923123
0.922736
0.921079
0.918465
0.915017
0.910682
0.905294
0.898659
0.890646
0.881284
0.870811
0.859769
0.848922
0.839126
0.831155
0.825488
0.822155
0.820757
0.820582
0.820837
0.820948
0.820762
0.82065
0.821539
0.824645
0.830969
0.840783
0.853349
0.867055
0.879968
0.890405
0.897283
0.900243
0.899541
0.895974
0.890672
0.884901
0.879821
0.87631
0.874814
0.875304
0.877439
0.880699
0.884531
0.888454
0.892109
0.895288
0.897912
0.900015
0.901711
0.903205
0.904814
0.906905
0.909801
0.913645
0.918341
0.923527
0.92862
0.932991
0.936101
0.937654
0.937614
0.936206
0.933778
0.930629
0.92689
0.922474
0.917062
0.910243
0.901704
0.891399
0.879634
0.867068
0.854572
0.843022
0.833124
0.825383
0.820124
0.817605
0.81803
0.821535
0.828038
0.837183
0.848291
0.860478
0.872781
0.884292
0.894253
0.90207
0.907345
0.90983
0.909434
0.906214
0.900342
0.892065
0.881664
0.86949
0.856039
0.842011
0.828357
0.816223
0.806786
0.80111
0.799857
0.803193
0.810703
0.821469
0.834251
0.847742
0.86076
0.872408
0.882126
0.88967
0.895072
0.898556
0.90044
0.901067
0.900695
0.899391
0.897067
0.893569
0.888754
0.882676
0.875625
0.868178
0.861133
0.855335
0.851453
0.849849
0.850486
0.852928
0.856458
0.860222
0.863454
0.865576
0.866323
0.865701
0.863975
0.861573
0.85891
0.856243
0.853525
0.850456
0.84668
0.842014
0.836647
0.831169
0.826404
0.823115
0.821729
0.82224
0.824262
0.827219
0.830543
0.833837
0.83695
0.83994
0.842979
0.846258
0.849984
0.854371
0.859698
0.866268
0.874338
0.884004
0.895065
0.906953
0.918809
0.929671
0.938591
0.944879
0.948102
0.948114
0.945015
0.939134
0.931012
0.921352
0.910949
0.900567
0.890809
0.882024
0.874245
0.867278
0.860814
0.854537
0.848291
0.842191
0.836625
0.832226
0.82969
0.82952
0.831833
0.836253
0.841975
0.847971
0.853207
0.856859
0.858468
0.858
0.855858
0.852743
0.849457
0.846747
0.845135
0.844872
0.846008
0.848471
0.85215
0.856884
0.8625
0.868783
0.875499
0.882409
0.889236
0.895677
0.901457
0.906442
0.910659
0.914278
0.917454
0.920214
0.922351
0.923503
0.923252
0.921212
0.917115
0.910903
0.902762
0.893184
0.882964
0.873153
0.864895
0.859148
0.856479
0.856927
0.860069
0.865212
0.871757
0.87944
0.888417
0.89905
0.911526
0.925534
0.940155
0.954107
0.966102
0.975196
0.98093
0.983282
0.982589
0.979362
0.974225
0.967782
0.960525
0.952832
0.944942
0.936958
0.928874
0.920625
0.912173
0.903573
0.895075
0.88716
0.880544
0.876002
0.874103
0.874938
0.877958
0.882053
0.885801
0.887825
0.887118
0.88324
0.876383
0.867372
0.857515
0.848366
0.841472
0.838071
0.838952
0.844445
0.854495
0.868792
0.886737
0.907342
0.929106
0.950116
0.96835
0.981979
0.989758
0.991123
0.986307
0.976177
0.962105
0.94574
0.928767
0.91273
0.898877
0.888102
0.880941
0.877645
0.878143
0.882071
0.888771
0.897414
0.907196
0.917488
0.927912
0.938254
0.948269
0.957548
0.96551
0.971487
0.974862
0.975264
0.972564
0.966933
0.958823
0.94887
0.937785
0.926284
0.915059
0.904638
0.895384
0.887447
0.880765
0.875122
0.870277
0.866079
0.862455
0.859353
0.856649
0.854031
0.851088
0.847399
0.842668
0.836873
0.830273
0.8234
0.817035
0.812024
0.809159
0.809066
0.81211
0.818374
0.827679
0.839584
0.853475
0.868622
0.884291
0.899846
0.914766
0.928647
0.941179
0.952113
0.9612
0.96819
0.972838
0.974932
0.974321
0.970918
0.964713
0.955814
0.944444
0.930925
0.915705
0.899371
0.882575
0.866042
0.850477
0.836524
0.824716
0.815481
0.809114
0.805735
0.805286
0.807502
0.811926
0.817923
0.824699
0.831437
0.837416
0.816747
0.820289
0.822768
0.824433
0.825637
0.826709
0.827933
0.829521
0.831657
0.834498
0.83814
0.842619
0.84787
0.853688
0.859739
0.86556
0.870628
0.874376
0.876296
0.876035
0.8735
0.868893
0.862757
0.855945
0.849493
0.844533
0.842164
0.8433
0.848495
0.857743
0.870381
0.885132
0.900289
0.914094
0.925073
0.93227
0.935313
0.934375
0.930027
0.923129
0.914645
0.905558
0.896703
0.888688
0.881825
0.876161
0.871554
0.867845
0.864964
0.862963
0.861903
0.861691
0.861991
0.862221
0.861675
0.859782
0.856274
0.851301
0.845414
0.839356
0.833814
0.829235
0.825801
0.823578
0.822677
0.823257
0.825471
0.829268
0.834289
0.83985
0.845072
0.849092
0.851292
0.851449
0.849768
0.846875
0.843627
0.840935
0.839605
0.840192
0.842972
0.847926
0.854775
0.862963
0.871776
0.880469
0.888359
0.894875
0.899533
0.90201
0.90211
0.899865
0.895585
0.889869
0.883572
0.87763
0.872918
0.870085
0.869471
0.871012
0.874366
0.878954
0.884011
0.888732
0.892385
0.894443
0.894687
0.893266
0.890647
0.887427
0.88414
0.881016
0.877989
0.874795
0.871208
0.867189
0.862938
0.85888
0.855576
0.853603
0.853448
0.855376
0.859375
0.865096
0.871999
0.879451
0.886882
0.8939
0.900347
0.906275
0.91189
0.917432
0.923108
0.929004
0.935049
0.941037
0.946651
0.951562
0.955438
0.95796
0.958808
0.957654
0.95425
0.948468
0.940333
0.930022
0.917821
0.90414
0.889527
0.874771
0.860884
0.848979
0.840022
0.834573
0.832624
0.833606
0.836569
0.840485
0.844453
0.847818
0.850179
0.851384
0.851516
0.85093
0.850203
0.850012
0.851021
0.853691
0.85814
0.864022
0.870569
0.876737
0.881467
0.883912
0.883609
0.880512
0.874902
0.867346
0.858577
0.849403
0.840672
0.833095
0.82717
0.823097
0.820845
0.820282
0.821368
0.82428
0.829371
0.836922
0.846917
0.85895
0.872281
0.885983
0.899064
0.910598
0.919829
0.926188
0.929424
0.929723
0.927628
0.923952
0.919593
0.915318
0.911704
0.909175
0.90799
0.908331
0.910213
0.913449
0.91763
0.922144
0.926311
0.929466
0.93113
0.930997
0.928967
0.925096
0.919543
0.912578
0.90463
0.896232
0.888049
0.880863
0.875439
0.872447
0.872299
0.875065
0.880396
0.887638
0.895935
0.904354
0.912047
0.918325
0.922729
0.925033
0.92521
0.923416
0.919882
0.914864
0.90865
0.901571
0.893931
0.885992
0.877987
0.870195
0.86299
0.856987
0.852918
0.851465
0.852963
0.857307
0.863922
0.871927
0.880364
0.888349
0.895133
0.90013
0.902914
0.903196
0.900798
0.895691
0.887991
0.877997
0.866179
0.85315
0.839582
0.826178
0.813565
0.802255
0.792688
0.785218
0.780137
0.777685
0.778047
0.781357
0.78764
0.796661
0.807877
0.820479
0.833508
0.84601
0.857153
0.866302
0.872998
0.87696
0.878176
0.876892
0.873636
0.86918
0.864458
0.860423
0.857908
0.857553
0.859682
0.864263
0.870857
0.878636
0.886514
0.893289
0.897874
0.899578
0.898329
0.894817
0.890324
0.886204
0.883141
0.880811
0.878086
0.873699
0.866834
0.857542
0.846786
0.8362
0.827712
0.823014
0.823084
0.828005
0.83704
0.848917
0.86223
0.875731
0.888412
0.899548
0.908621
0.915224
0.919134
0.920357
0.919191
0.916161
0.911902
0.907042
0.902061
0.897265
0.892837
0.888963
0.885846
0.883715
0.882795
0.883221
0.885042
0.888164
0.892358
0.897222
0.902221
0.906744
0.910154
0.911901
0.911577
0.909005
0.904278
0.897765
0.890126
0.882279
0.875406
0.870888
0.870093
0.873929
0.882416
0.89442
0.907945
0.920763
0.93096
0.937251
0.939098
0.936607
0.930526
0.922138
0.913034
0.90467
0.897969
0.893191
0.890126
0.888462
0.887952
0.888464
0.889881
0.892017
0.894579
0.897143
0.899192
0.900151
0.899447
0.89664
0.891573
0.884467
0.875984
0.867148
0.859164
0.853103
0.849628
0.84889
0.850555
0.853963
0.858373
0.863173
0.867933
0.87237
0.876316
0.879655
0.882315
0.884267
0.885504
0.886044
0.885893
0.885003
0.883307
0.880677
0.876928
0.871805
0.865031
0.856377
0.845779
0.833584
0.820666
0.808439
0.798654
0.792943
0.792305
0.796694
0.805
0.815356
0.825614
0.833803
0.83833
0.838119
0.83269
0.822214
0.80763
0.790769
0.774255
0.761045
0.753655
0.753338
0.759791
0.771484
0.786377
0.802582
0.818698
0.833869
0.84767
0.859984
0.870797
0.880129
0.887918
0.893967
0.898051
0.899992
0.899762
0.897524
0.893597
0.888444
0.882605
0.876628
0.871038
0.866224
0.862356
0.859295
0.856593
0.85362
0.849785
0.84471
0.838425
0.831312
0.824047
0.817413
0.812121
0.808661
0.807294
0.808071
0.810884
0.815602
0.822053
0.82994
0.838786
0.847942
0.856721
0.864553
0.87107
0.87617
0.879918
0.882428
0.883752
0.883903
0.882833
0.880478
0.876772
0.871654
0.865084
0.857027
0.847442
0.836303
0.823681
0.809789
0.79508
0.780243
0.76621
0.754014
0.744658
0.738863
0.736991
0.738944
0.744236
0.75213
0.761803
0.772458
0.783366
0.793927
0.803692
0.812348
0.819744
0.825852
0.83072
0.834431
0.837088
0.838834
0.839911
0.840667
0.841589
0.843261
0.846306
0.851137
0.857731
0.865472
0.873275
0.879937
0.884531
0.886625
0.886287
0.883934
0.880163
0.875555
0.870576
0.865542
0.860679
0.856115
0.851906
0.848051
0.844493
0.841102
0.837711
0.834134
0.830208
0.825816
0.820914
0.815549
0.809918
0.804402
0.799534
0.79597
0.794377
0.795264
0.798859
0.805002
0.813206
0.822773
0.832992
0.843322
0.853494
0.863499
0.873484
0.883544
0.893597
0.903311
0.912154
0.919533
0.92504
0.928542
0.930128
0.929911
0.927894
0.923929
0.917842
0.909574
0.899303
0.887476
0.874809
0.862187
0.850583
0.840893
0.833821
0.82975
0.828648
0.830076
0.833358
0.8378
0.842855
0.848163
0.853358
0.857895
0.860898
0.861288
0.858087
0.850749
0.839418
0.825058
0.80933
0.79434
0.782306
0.775215
0.774514
0.78082
0.79372
0.811793
0.832828
0.854303
0.873876
0.889645
0.900277
0.905002
0.903553
0.896321
0.884573
0.870548
0.857114
0.846949
0.841553
0.840778
0.843236
0.847221
0.851488
0.855503
0.859251
0.862917
0.866695
0.870787
0.875357
0.880555
0.886473
0.893051
0.900075
0.907175
0.91387
0.919691
0.924263
0.92745
0.929375
0.930426
0.931174
0.932207
0.933937
0.936477
0.939523
0.942455
0.944439
0.944591
0.942204
0.936871
0.928623
0.918017
0.906128
0.894375
0.884211
0.87681
0.872766
0.872032
0.873995
0.877709
0.882115
0.886254
0.889443
0.891298
0.891644
0.890446
0.887704
0.883498
0.878133
0.872214
0.866615
0.862303
0.860099
0.860473
0.863469
0.868768
0.875709
0.883469
0.891197
0.898161
0.903939
0.908438
0.911847
0.914463
0.916548
0.918271
0.919739
0.921088
0.922591
0.924643
0.927628
0.931695
0.936642
0.941864
0.946507
0.949673
0.95065
0.94912
0.945271
0.939873
0.934313
0.930408
0.929831
0.933399
0.940653
0.950057
0.959643
0.967733
0.973243
0.975714
0.975181
0.972051
0.967028
0.960999
0.954903
0.949561
0.945502
0.942967
0.941878
0.94195
0.942806
0.944062
0.945356
0.946387
0.946939
0.946875
0.946118
0.94462
0.942333
0.939217
0.935211
0.930264
0.924365
0.917601
0.910212
0.902524
0.894896
0.887647
0.880974
0.874914
0.869388
0.864325
0.859741
0.855773
0.852719
0.850956
0.850871
0.852801
0.856917
0.86315
0.871155
0.880288
0.88975
0.898751
0.906679
0.913232
0.91844
0.92257
0.925926
0.928688
0.930902
0.9325
0.933382
0.933486
0.932754
0.931137
0.928625
0.925317
0.921393
0.917051
0.912457
0.907763
0.903094
0.898609
0.894485
0.890957
0.888307
0.886857
0.886953
0.888892
0.892902
0.899071
0.907278
0.91713
0.927971
0.93893
0.949091
0.957607
0.963816
0.967358
0.968141
0.966333
0.962234
0.956202
0.948616
0.939852
0.930335
0.920553
0.911041
0.902309
0.894839
0.889053
0.885258
0.883682
0.884398
0.887303
0.892136
0.898491
0.905917
0.913928
0.921996
0.92949
0.935665
0.939719
0.940914
0.93872
0.932971
0.923955
0.912391
0.899334
0.885982
0.873462
0.862797
0.854856
0.850195
0.848926
0.850585
0.854243
0.858737
0.862962
0.866111
0.867798
0.868056
0.867148
0.865336
0.862688
0.859117
0.854522
0.849007
0.842995
0.837123
0.831994
0.827935
0.824835
0.82224
0.819522
0.816106
0.811644
0.806142
0.799981
0.793875
0.788754
0.785567
0.78514
0.788057
0.794584
0.804623
0.817691
0.833004
0.849519
0.866032
0.881314
0.894247
0.90391
0.909693
0.911307
0.908791
0.902461
0.892868
0.880747
0.866944
0.852323
0.837761
0.82402
0.811765
0.801502
0.793491
0.787705
0.783793
0.78116
0.779177
0.777467
0.776113
0.77571
0.777134
0.781053
0.787478
0.795596
0.804069
0.811608
0.817334
0.82092
0.822548
0.822717
0.821994
0.820817
0.819417
0.817912
0.816378
0.814959
0.813897
0.813463
0.813929
0.815482
0.818234
0.822233
0.827462
0.833838
0.841216
0.849359
0.857875
0.866275
0.873983
0.880422
0.885126
0.887793
0.888429
0.887409
0.885508
0.883791
0.883299
0.884724
0.888163
0.893136
0.898776
0.904077
0.908134
0.910225
0.909827
0.906594
0.900366
0.891236
0.879671
0.866657
0.853677
0.842407
0.83423
0.829788
0.828894
0.830774
0.834492
0.839222
0.844375
0.849532
0.854423
0.858839
0.862639
0.86576
0.868279
0.87038
0.872316
0.874353
0.876736
0.879626
0.883041
0.886841
0.890723
0.894232
0.896849
0.898082
0.897528
0.894966
0.890427
0.884176
0.876724
0.868725
0.860843
0.853581
0.847177
0.841624
0.836736
0.832301
0.828223
0.824568
0.821581
0.819623
0.81906
0.820137
0.822896
0.82711
0.832338
0.837966
0.843322
0.847843
0.851164
0.853226
0.854231
0.854588
0.854781
0.855163
0.85592
0.857096
0.858637
0.860494
0.862713
0.865414
0.868729
0.872674
0.877102
0.88164
0.885748
0.888862
0.766706
0.768246
0.769502
0.770788
0.772614
0.775589
0.780315
0.787203
0.796293
0.807142
0.818816
0.830006
0.83927
0.845352
0.847452
0.845551
0.840601
0.834422
0.829091
0.825952
0.825033
0.825353
0.825758
0.825607
0.824894
0.824046
0.823622
0.824205
0.826307
0.830357
0.836558
0.844762
0.854425
0.864712
0.874632
0.883259
0.889818
0.893714
0.894583
0.892294
0.88706
0.87959
0.871096
0.863105
0.856964
0.853316
0.851894
0.851774
0.851933
0.851606
0.850429
0.84826
0.845169
0.841308
0.836868
0.832041
0.826998
0.82184
0.816537
0.81101
0.805175
0.799076
0.792955
0.787341
0.782997
0.780803
0.781531
0.785641
0.793109
0.803409
0.815645
0.828811
0.841966
0.854388
0.865614
0.87539
0.883576
0.890069
0.894818
0.897826
0.899201
0.899164
0.89803
0.896173
0.893913
0.891432
0.888717
0.885573
0.881719
0.876875
0.87083
0.863518
0.855077
0.84584
0.836397
0.827539
0.82015
0.814954
0.812352
0.812356
0.814656
0.818772
0.824181
0.830339
0.836612
0.842289
0.846595
0.848807
0.848367
0.844946
0.838484
0.829199
0.81753
0.804175
0.79007
0.776337
0.764236
0.754954
0.749435
0.748195
0.75122
0.75802
0.76774
0.779321
0.791644
0.803658
0.814464
0.823389
0.829987
0.834073
0.835705
0.835203
0.833073
0.829898
0.826208
0.822339
0.818407
0.81435
0.810064
0.805479
0.800625
0.795632
0.790675
0.785965
0.78171
0.77813
0.775447
0.773904
0.773697
0.774938
0.777638
0.781694
0.786908
0.792992
0.799602
0.806261
0.812486
0.817808
0.821858
0.824341
0.825064
0.823925
0.820937
0.816264
0.810283
0.803586
0.796967
0.791267
0.787114
0.784689
0.783641
0.783286
0.782888
0.78195
0.78032
0.778145
0.775768
0.773563
0.771841
0.7708
0.770526
0.771035
0.7723
0.774254
0.77672
0.779359
0.781713
0.783232
0.78339
0.781803
0.778289
0.772899
0.765942
0.757948
0.749584
0.741558
0.734519
0.728989
0.725313
0.723676
0.72409
0.72642
0.730448
0.735876
0.742399
0.749714
0.757524
0.76554
0.773508
0.781207
0.788457
0.795041
0.800693
0.805093
0.807899
0.808801
0.807588
0.804246
0.79903
0.792459
0.785287
0.778385
0.77256
0.768414
0.766211
0.765902
0.76717
0.769594
0.772751
0.776257
0.779844
0.783302
0.786442
0.789059
0.7909
0.791711
0.79129
0.789567
0.786724
0.783209
0.779741
0.777197
0.776419
0.777945
0.781766
0.787302
0.793561
0.799515
0.804434
0.808044
0.810525
0.812252
0.813579
0.814728
0.815787
0.81676
0.817666
0.818532
0.819347
0.820076
0.820655
0.821032
0.821166
0.821051
0.820687
0.820086
0.819265
0.818269
0.817263
0.816591
0.816668
0.817965
0.820886
0.825647
0.832264
0.840478
0.849856
0.859798
0.86958
0.878416
0.885544
0.890378
0.892566
0.891976
0.888719
0.88306
0.875341
0.865972
0.85534
0.84377
0.831583
0.819094
0.806644
0.794646
0.783586
0.773976
0.766286
0.760851
0.757754
0.756768
0.757325
0.758642
0.759813
0.760004
0.758585
0.755248
0.750021
0.743289
0.735745
0.728306
0.72199
0.717711
0.71607
0.717235
0.720877
0.72633
0.732804
0.739596
0.746177
0.752227
0.75763
0.762417
0.766745
0.77086
0.775049
0.77962
0.784831
0.790832
0.797666
0.805208
0.813159
0.821071
0.828387
0.834492
0.838794
0.840809
0.840239
0.837008
0.831296
0.823567
0.814555
0.805195
0.79653
0.789543
0.784952
0.783058
0.783624
0.785949
0.789062
0.791988
0.793975
0.794614
0.793831
0.791824
0.788965
0.785729
0.782548
0.779759
0.777535
0.775905
0.774777
0.773939
0.77303
0.77158
0.769076
0.76511
0.759497
0.752335
0.744048
0.735347
0.727199
0.720614
0.716458
0.715268
0.717167
0.721997
0.729387
0.738837
0.749641
0.760884
0.771468
0.780311
0.786511
0.789608
0.789667
0.787323
0.78368
0.780119
0.777992
0.778331
0.781663
0.787927
0.796597
0.806844
0.817651
0.827914
0.836609
0.842931
0.846418
0.846973
0.844812
0.840318
0.833923
0.826007
0.816961
0.807254
0.79757
0.7889
0.782392
0.779085
0.779544
0.783604
0.790419
0.798641
0.806703
0.813178
0.81701
0.817674
0.81519
0.810012
0.802839
0.794381
0.78524
0.775829
0.76634
0.756811
0.747233
0.737645
0.72828
0.719669
0.712643
0.708269
0.707575
0.711232
0.71915
0.730417
0.74347
0.756511
0.767929
0.776557
0.781747
0.78335
0.781604
0.777063
0.770442
0.762505
0.753921
0.74516
0.736528
0.728268
0.720701
0.714258
0.709426
0.706613
0.705961
0.707245
0.709925
0.713314
0.716738
0.719773
0.72241
0.725163
0.729018
0.735109
0.74426
0.756607
0.771453
0.787529
0.80337
0.817718
0.829679
0.83879
0.844946
0.848363
0.849458
0.84869
0.846526
0.843388
0.83961
0.835488
0.831345
0.82755
0.824463
0.822341
0.82123
0.820927
0.821087
0.821317
0.821331
0.821008
0.820405
0.819695
0.81906
0.818622
0.818457
0.818576
0.818942
0.819482
0.82006
0.82045
0.820379
0.81956
0.817803
0.815005
0.81116
0.806391
0.800948
0.795209
0.789709
0.785046
0.781771
0.780196
0.780289
0.781686
0.78376
0.785842
0.787389
0.788048
0.787649
0.786083
0.783291
0.779322
0.774422
0.769084
0.763934
0.759549
0.756263
0.754126
0.753028
0.752831
0.753407
0.754593
0.756095
0.757487
0.758365
0.758506
0.757963
0.757056
0.756244
0.755948
0.756417
0.757665
0.759523
0.76176
0.764195
0.766748
0.769389
0.772028
0.774426
0.776321
0.777731
0.779253
0.781966
0.786894
0.79433
0.803533
0.813106
0.821657
0.828221
0.83232
0.833877
0.833038
0.830156
0.825809
0.820731
0.815766
0.811698
0.80914
0.808431
0.80961
0.812425
0.816394
0.820871
0.825184
0.828744
0.831129
0.832093
0.831629
0.829931
0.827346
0.824342
0.821436
0.819129
0.817874
0.817997
0.819653
0.822784
0.82709
0.832051
0.836952
0.840995
0.843389
0.843479
0.840836
0.83529
0.826927
0.816054
0.80319
0.789089
0.774755
0.761405
0.750394
0.743003
0.740193
0.742264
0.748713
0.758412
0.7699
0.78178
0.792913
0.80253
0.81012
0.815414
0.818301
0.818829
0.817195
0.813684
0.808653
0.802523
0.795721
0.788691
0.781895
0.775796
0.770821
0.767239
0.765144
0.764395
0.764646
0.765484
0.766533
0.767547
0.768405
0.769063
0.769499
0.769667
0.769453
0.768739
0.767404
0.765424
0.762931
0.760254
0.757893
0.756418
0.75631
0.757854
0.761017
0.765507
0.770888
0.776679
0.782439
0.787809
0.792513
0.796322
0.799049
0.800566
0.800828
0.799913
0.798019
0.795494
0.792793
0.790414
0.788799
0.78826
0.788897
0.790587
0.792989
0.795619
0.797968
0.799639
0.800432
0.800373
0.799632
0.798354
0.796572
0.794166
0.790924
0.786658
0.781323
0.775052
0.768161
0.761084
0.754281
0.7482
0.743233
0.739725
0.737895
0.737909
0.739837
0.743608
0.748982
0.755569
0.762863
0.770349
0.777618
0.784403
0.790576
0.796063
0.80078
0.804513
0.80693
0.807627
0.806245
0.802562
0.796584
0.788613
0.779228
0.769228
0.759526
0.751032
0.744494
0.740375
0.738751
0.73925
0.741165
0.74359
0.745665
0.746774
0.746781
0.746121
0.745682
0.746587
0.749843
0.756025
0.765126
0.776589
0.789548
0.803056
0.816249
0.828462
0.839208
0.848186
0.855231
0.860262
0.863253
0.864162
0.862962
0.859572
0.853947
0.846132
0.836299
0.824833
0.812294
0.799424
0.787058
0.775988
0.766825
0.759978
0.755593
0.753697
0.754168
0.756626
0.760324
0.764225
0.767281
0.768799
0.768735
0.767645
0.766422
0.765906
0.766579
0.768427
0.771023
0.773717
0.775949
0.777404
0.778098
0.778313
0.778437
0.778819
0.779613
0.780732
0.781888
0.782691
0.782812
0.782129
0.780781
0.779147
0.777752
0.77719
0.778066
0.780998
0.78666
0.795669
0.808247
0.823807
0.840787
0.85705
0.870547
0.879801
0.884002
0.882933
0.876777
0.866009
0.851328
0.833694
0.814333
0.794747
0.776614
0.761521
0.750673
0.744639
0.743323
0.746045
0.751806
0.759564
0.768343
0.777364
0.786018
0.793837
0.800457
0.805637
0.809259
0.811389
0.812307
0.812493
0.812496
0.812757
0.813465
0.814438
0.815178
0.815053
0.81344
0.809886
0.804236
0.796694
0.787786
0.778303
0.769194
0.761315
0.755207
0.750977
0.748328
0.746688
0.74543
0.744074
0.742417
0.740603
0.739094
0.738555
0.73975
0.743307
0.749445
0.757827
0.767563
0.777452
0.786382
0.793655
0.799071
0.80283
0.805308
0.806845
0.807582
0.807497
0.806565
0.804954
0.803226
0.802329
0.803402
0.807365
0.814589
0.824691
0.836611
0.848888
0.860072
0.868971
0.874828
0.877356
0.876739
0.873536
0.868529
0.862642
0.856779
0.851709
0.847917
0.845547
0.844408
0.844035
0.843828
0.843171
0.841528
0.838537
0.834081
0.828236
0.821298
0.813808
0.806505
0.800248
0.795875
0.793954
0.794558
0.797186
0.800904
0.804644
0.807531
0.809057
0.809117
0.807955
0.806028
0.803886
0.802001
0.800711
0.800161
0.800316
0.800957
0.801779
0.802399
0.802428
0.801507
0.79931
0.795589
0.790249
0.783421
0.775539
0.767338
0.759763
0.753799
0.750257
0.749625
0.751986
0.757052
0.764233
0.772787
0.781929
0.790929
0.7992
0.806283
0.81188
0.815794
0.817894
0.818098
0.816365
0.812701
0.807213
0.800152
0.791964
0.783347
0.775226
0.768576
0.764247
0.762718
0.763891
0.767088
0.771237
0.775228
0.778209
0.77979
0.780044
0.779448
0.778655
0.778318
0.778957
0.78087
0.784102
0.788492
0.793687
0.799177
0.804322
0.808396
0.810627
0.810306
0.806897
0.800133
0.790153
0.777614
0.763671
0.749909
0.7381
0.729809
0.72602
0.726928
0.732006
0.740318
0.750802
0.762535
0.774802
0.787058
0.798886
0.80994
0.819929
0.828651
0.836
0.841979
0.846657
0.850151
0.852594
0.854123
0.854864
0.854914
0.854344
0.853175
0.851372
0.848851
0.845524
0.841291
0.836115
0.830038
0.823182
0.815721
0.807845
0.799736
