1.09914
1.09618
1.09103
1.08348
1.07324
1.05997
1.04319
1.0224
0.997043
0.966642
0.930892
0.889808
0.843864
0.794144
0.742394
0.690966
0.64253
0.599708
0.56458
0.538377
0.521366
0.512941
0.511868
0.516545
0.52525
0.536335
0.548338
0.560072
0.570672
0.579604
0.586644
0.591858
0.595501
0.597944
0.599546
0.600582
0.601153
0.601209
0.600533
0.598805
0.595698
0.590965
0.584536
0.576543
0.567354
0.557528
0.547725
0.538599
0.530745
0.524621
0.520552
0.51871
0.519085
0.521506
0.525646
0.531057
0.537216
0.543561
0.549545
0.554674
0.558569
0.561025
0.562043
0.561801
0.560607
0.558863
0.556967
0.555281
0.554101
0.553686
0.554257
0.555957
0.558802
0.562618
0.567063
0.571718
0.57615
0.580055
0.583276
0.585809
0.587787
0.589422
0.590938
0.592527
0.594299
0.59628
0.598399
0.600516
0.602455
0.604011
0.605004
0.605281
0.604758
0.603444
0.601457
0.599031
0.596471
0.594092
0.59216
0.590831
0.590123
0.589876
0.589837
0.589696
0.58916
0.588049
0.586307
0.584012
0.58127
0.578132
0.574517
0.570226
0.565029
0.558781
0.551524
0.543475
0.535053
0.526796
0.519285
0.513051
0.50851
0.505879
0.505144
0.506053
0.508164
0.510965
0.514004
0.516992
0.519814
0.522508
0.525228
0.528159
0.531468
0.535258
0.539531
0.544161
0.548921
0.553553
0.557801
0.561541
0.564811
0.567741
0.570478
0.573062
0.575376
0.577187
0.578255
0.578425
0.577661
0.576048
0.57376
0.571107
0.568489
0.566413
0.565444
0.566139
0.568961
0.574145
0.581582
0.590793
0.600973
0.611146
0.620357
0.627831
0.633091
0.635962
0.636538
0.635074
0.631948
0.627629
0.622592
0.617302
0.612198
0.607634
0.603892
0.601118
0.599357
0.598545
0.598503
0.598967
0.599636
0.600216
0.600484
0.600305
0.599656
0.598596
0.597252
0.595797
0.59447
0.593552
0.593328
0.594055
0.595883
0.59878
0.602497
0.606614
0.610651
0.614177
0.616889
0.618664
0.619526
0.619618
0.619155
0.618385
0.617548
0.616845
0.616422
0.616365
0.616684
0.617299
0.618071
0.618816
0.619347
0.619501
0.619165
0.618289
0.616884
0.615024
0.612839
0.610468
0.60804
0.605622
0.603189
0.600601
0.597627
0.59402
0.589616
0.584457
0.57889
0.573547
0.569156
0.566262
0.565003
0.565112
0.566108
0.567578
0.569335
0.571473
0.574336
0.578354
0.583884
0.59107
0.599726
0.609325
0.619082
0.628116
0.6356
0.640903
0.643667
0.643794
0.641428
0.636924
0.630784
0.623615
0.616061
0.608714
0.602023
0.596252
0.591459
0.587586
0.584545
0.5823
0.580919
0.580504
0.581104
0.582607
0.584732
0.587074
0.58922
0.59087
0.591949
0.592649
0.59337
0.594595
0.596778
0.600149
0.604643
0.60989
0.61535
0.620485
0.624893
0.628304
0.630601
0.631753
0.631774
0.630686
0.62851
0.625266
0.621002
0.615779
0.60973
0.603038
0.595968
0.588851
0.582034
0.575826
0.570445
0.566002
0.562485
0.559804
0.557861
0.556605
0.556091
0.55644
0.557802
0.560243
0.563642
0.56766
0.571781
0.57548
0.578405
0.580579
0.582456
0.584786
0.588266
0.593048
0.598466
0.603261
0.6062
0.606646
0.604737
0.601209
0.597078
0.593358
0.590829
0.58992
0.590695
0.592914
0.596102
0.599619
0.602783
0.605001
0.605845
0.605128
0.602892
0.599362
0.594921
0.590034
0.585191
0.580846
0.577393
0.575095
0.574081
0.574364
0.575854
0.578401
0.581826
0.585931
0.590494
0.595265
0.59995
0.604253
0.607896
0.610684
0.612534
0.613485
0.61366
0.613258
0.612488
0.611552
0.610652
0.609916
0.609357
0.608885
0.608283
0.607274
0.605588
0.603029
0.599517
0.595107
0.589961
0.584287
0.578253
0.571985
0.565534
0.558889
0.551962
0.544582
0.53654
0.527666
0.517995
0.507927
0.49829
0.490251
0.484999
0.483399
0.485738
0.491704
0.500554
0.511355
0.523176
0.535157
0.546544
0.556681
0.56506
0.571391
0.575633
0.577981
0.578811
0.578569
0.57769
0.576496
0.575166
0.573726
0.572098
0.570144
0.567765
0.564925
0.561724
0.558393
0.555271
0.552743
0.551138
0.550606
0.551038
0.552074
0.553209
0.553981
0.554115
0.553591
0.552674
0.55182
0.551544
0.552258
0.55413
0.55701
0.560512
0.564106
0.5672
0.569265
0.569904
0.568894
0.566184
0.561902
0.556348
0.549963
0.543319
0.537102
0.532071
0.528969
0.528396
0.530632
0.535567
0.542727
0.551381
0.560683
0.569804
0.578047
0.584881
0.589946
0.593037
0.594053
0.592993
0.589921
0.58495
0.578311
0.570371
0.561689
0.553021
0.545229
0.539096
0.535142
0.533501
0.533934
0.535988
0.53915
0.542952
0.547021
0.55112
0.555114
0.558942
0.562604
0.566108
0.569438
0.572549
0.575376
0.577816
0.579786
0.581199
0.581999
0.582199
0.581841
0.580983
0.579658
0.577878
0.575614
0.572814
0.569452
0.565556
0.56124
0.556749
0.552427
0.548659
0.545815
0.544154
0.543749
0.544492
0.546112
0.548233
0.550413
0.552203
0.553167
0.552945
0.551336
0.548381
0.544413
0.540105
0.536333
0.533983
0.533702
0.535712
0.539814
0.545519
0.552217
0.55931
0.566289
0.572744
0.578323
0.582718
0.585652
0.586863
0.586116
0.583264
0.578265
0.571195
0.562266
0.551819
0.54031
0.528318
0.516531
0.505708
0.496606
0.48989
0.486024
0.485229
0.487452
0.492442
0.499796
0.50899
0.519448
0.530545
0.541655
0.552194
0.561682
0.569723
0.576034
0.580447
0.582877
0.583358
0.582018
0.579081
0.574929
0.570062
0.565061
0.560533
0.557049
0.555092
0.554955
0.556711
0.560186
0.564963
0.570478
0.576142
0.581407
0.585869
0.589244
0.591423
0.592452
0.592491
0.591832
0.590839
0.58989
0.589333
0.58942
0.590258
0.591793
0.593833
0.596048
0.598042
0.599404
0.599723
0.598654
0.59593
0.591418
0.585108
0.577128
0.567748
0.55738
0.546567
0.535945
0.526174
0.517825
0.511272
0.506624
0.503748
0.502348
0.502048
0.502471
0.503309
0.504342
0.505433
0.506521
0.507605
0.508735
0.509978
0.511355
0.51285
0.51438
0.515821
0.517039
0.517915
0.518391
0.51848
0.518236
0.517758
0.517136
0.516456
0.515807
0.515333
0.515255
0.515888
0.517584
0.520629
0.525132
0.530976
0.537806
0.54513
0.552433
0.559297
0.565481
0.570938
0.575771
0.580168
0.584318
0.588353
0.592316
0.596146
0.599701
0.602792
0.60528
0.607123
0.608371
0.609082
0.60922
0.608636
0.607086
0.604376
0.600464
0.5955
0.589836
0.583919
0.578217
0.573124
0.568885
0.565641
0.563453
0.562328
0.562239
0.563128
0.56487
0.567271
0.570069
0.57292
0.575451
0.577309
0.578247
0.578183
0.577261
0.57585
0.57449
0.573746
0.574027
0.575412
0.577658
0.58029
0.582749
0.584514
0.585186
0.584473
0.582249
0.578547
0.573622
0.567986
0.562432
0.557927
0.555312
0.554978
0.556605
0.559164
0.561154
0.561027
0.557655
0.550637
0.540491
0.528604
0.51688
0.507147
0.500632
0.497715
0.498102
0.501193
0.506351
0.513007
0.520655
0.528779
0.536773
0.543968
0.54966
0.553257
0.554439
0.553323
0.550478
0.546822
0.543303
0.540573
0.538801
0.53777
0.537116
0.536561
0.535999
0.535466
0.535019
0.53465
0.534205
0.533438
0.532069
0.529881
0.526783
0.522894
0.518527
0.514176
0.510415
0.507788
0.506709
0.507371
0.509707
0.513419
0.518066
0.523204
0.528496
0.533806
0.539184
0.544807
0.550843
0.557345
0.56418
0.571055
0.57758
0.58334
0.587943
0.591094
0.592591
0.592309
0.590236
0.586481
0.581282
0.575036
0.568269
0.561573
0.555558
0.550788
0.547735
0.546745
0.547976
0.551338
0.556518
0.563019
0.570213
0.577433
0.584052
0.589524
0.59343
0.595508
0.595648
0.593885
0.590391
0.585484
0.579655
0.57354
0.56786
0.563293
0.560369
0.559345
0.560111
0.562116
0.564442
0.566001
0.565804
0.563271
0.558384
0.55166
0.544001
0.536456
0.52991
0.524887
0.521492
0.519475
0.518459
0.518129
0.518259
0.518623
0.518858
0.518435
0.516834
0.5138
0.50955
0.504762
0.500417
0.497474
0.496585
0.497842
0.500795
0.504629
0.508422
0.511382
0.513022
0.513209
0.512205
0.5106
0.50919
0.508782
0.510025
0.513305
0.518744
0.526236
0.535553
0.546374
0.558288
0.570814
0.583411
0.595461
0.606343
0.615453
0.622272
0.626428
0.627742
0.626238
0.622159
0.615968
0.608304
0.59993
0.591631
0.584088
0.577762
0.572816
0.569114
0.566298
0.563882
0.56138
0.558418
0.554809
0.550578
0.545939
0.541255
0.536953
0.533428
0.530974
0.529765
0.529814
0.531024
0.533217
0.536202
0.539826
0.543968
0.548599
0.553745
0.559471
0.565837
0.572803
0.580186
0.587612
0.594525
0.60028
0.604326
0.606349
0.606308
0.604408
0.601003
0.596484
0.591216
0.585549
0.579835
0.574428
0.569647
0.56574
0.562839
0.560929
0.55984
0.559265
0.558823
0.558102
0.556756
0.554654
0.552036
0.549603
0.548382
0.549341
0.552895
0.55863
0.565484
0.572238
0.577965
0.582194
0.584834
0.586074
0.58626
0.585805
0.585117
0.584573
0.584422
0.584776
0.585552
0.586507
0.587312
0.587585
0.586971
0.585155
0.58185
0.576825
0.569916
0.561124
0.550689
0.539187
0.527544
0.516958
0.508689
0.503752
0.502663
0.505276
0.510865
0.518344
0.526544
0.534465
0.541442
0.547163
0.551703
0.555408
0.558763
0.56221
0.566003
0.57012
0.574291
0.578121
0.581245
0.583403
0.584492
0.584543
0.583649
0.581929
0.579453
0.576218
0.572153
0.567239
0.561545
0.55533
0.549094
0.543515
0.539327
0.537172
0.53744
0.540189
0.545117
0.55164
0.55899
0.566325
0.572889
0.57807
0.581478
0.582938
0.582517
0.580466
0.577196
0.573229
0.569086
0.565194
0.561784
0.558854
0.556153
0.553264
0.549724
0.545117
0.539238
0.53219
0.524414
0.516611
0.509561
0.503862
0.499793
0.497348
0.496434
0.497039
0.499286
0.503408
0.509636
0.518052
0.528492
0.54047
0.553224
0.565832
0.577415
0.531237
0.539241
0.545659
0.550527
0.553958
0.556087
0.557032
0.556892
0.555775
0.553818
0.551196
0.548179
0.545112
0.542393
0.540407
0.539428
0.53953
0.540533
0.542021
0.543451
0.544261
0.544023
0.542478
0.539588
0.535512
0.530608
0.525401
0.520572
0.516883
0.515049
0.515545
0.518456
0.52339
0.529584
0.536086
0.541967
0.54649
0.549204
0.549997
0.549064
0.546856
0.543954
0.540931
0.538215
0.535986
0.534204
0.532641
0.530952
0.528791
0.525853
0.521915
0.516901
0.510903
0.504157
0.497059
0.490117
0.483903
0.479038
0.476151
0.475824
0.478494
0.484287
0.492902
0.503667
0.515664
0.527905
0.539483
0.549645
0.557808
0.563573
0.566736
0.567302
0.565489
0.561753
0.556734
0.551104
0.545445
0.540119
0.535208
0.530559
0.52591
0.520998
0.515644
0.509783
0.503459
0.496862
0.490336
0.484358
0.479525
0.476434
0.475589
0.477288
0.481633
0.488488
0.49748
0.507965
0.519106
0.529993
0.539844
0.54814
0.554697
0.559605
0.563093
0.565375
0.566546
0.566595
0.565416
0.562874
0.558855
0.553322
0.546383
0.538294
0.52951
0.520614
0.512242
0.504991
0.49938
0.495809
0.494549
0.495706
0.499157
0.504504
0.51114
0.518321
0.525303
0.531442
0.536261
0.539484
0.541008
0.540902
0.539357
0.536672
0.533211
0.529389
0.525636
0.522354
0.519862
0.518329
0.517728
0.517838
0.518279
0.518594
0.518366
0.517343
0.5155
0.513077
0.510461
0.508036
0.506018
0.504385
0.502972
0.501605
0.500237
0.498933
0.497792
0.496895
0.496239
0.495777
0.495509
0.49557
0.496218
0.497773
0.500484
0.504378
0.50917
0.514303
0.519055
0.522677
0.524541
0.524282
0.521872
0.517581
0.511896
0.505399
0.498708
0.492447
0.487237
0.483606
0.481893
0.482129
0.484026
0.487015
0.490367
0.493357
0.495388
0.496067
0.495236
0.492955
0.489488
0.485243
0.480717
0.476436
0.472849
0.470294
0.468943
0.468829
0.469883
0.471987
0.475017
0.478872
0.483481
0.488807
0.494809
0.501404
0.508402
0.515466
0.522162
0.527985
0.532454
0.535224
0.536154
0.535335
0.533121
0.530058
0.526808
0.524041
0.522332
0.522067
0.523358
0.526026
0.529674
0.533781
0.537815
0.54134
0.544042
0.545688
0.546148
0.545367
0.543351
0.540162
0.535897
0.530649
0.524506
0.517581
0.510067
0.50229
0.494693
0.487824
0.48222
0.478309
0.476332
0.476323
0.478154
0.481559
0.486173
0.491519
0.497083
0.502348
0.506869
0.510381
0.512774
0.514096
0.514539
0.514359
0.51384
0.513258
0.512861
0.512861
0.513415
0.514556
0.516137
0.517813
0.519138
0.519702
0.519249
0.517736
0.515281
0.512152
0.508691
0.505243
0.502114
0.499553
0.497757
0.496878
0.49702
0.498258
0.50062
0.504032
0.508322
0.513226
0.518381
0.5234
0.527858
0.531365
0.533591
0.534318
0.533532
0.531509
0.528866
0.526418
0.524898
0.52461
0.525244
0.526047
0.526157
0.524913
0.521984
0.517371
0.511339
0.504357
0.497028
0.489987
0.483788
0.478759
0.474956
0.472184
0.470097
0.468355
0.466767
0.46536
0.464368
0.464116
0.464874
0.46672
0.469476
0.472785
0.47625
0.479575
0.482618
0.485431
0.488203
0.491211
0.494724
0.498934
0.503912
0.509559
0.515605
0.521707
0.527571
0.533035
0.538112
0.542927
0.547607
0.552161
0.556416
0.560072
0.562804
0.56441
0.564926
0.56464
0.564046
0.563716
0.564149
0.565616
0.568111
0.571353
0.574892
0.578232
0.580963
0.582862
0.58389
0.584166
0.583894
0.583258
0.582325
0.580999
0.579003
0.575953
0.571434
0.565146
0.557038
0.547437
0.537152
0.527492
0.520063
0.516388
0.517381
0.522982
0.532174
0.543358
0.554834
0.565139
0.573213
0.578426
0.580527
0.579616
0.576062
0.570466
0.563566
0.556071
0.548542
0.541331
0.534604
0.528433
0.522935
0.518334
0.514935
0.513038
0.512834
0.514339
0.517404
0.521733
0.52693
0.532561
0.538192
0.543414
0.547874
0.551272
0.553378
0.554048
0.553234
0.551018
0.547614
0.543377
0.538753
0.534221
0.53026
0.527271
0.525524
0.525102
0.52588
0.527552
0.529689
0.531839
0.5336
0.534694
0.534993
0.534521
0.5334
0.531856
0.530122
0.528389
0.526706
0.524974
0.522952
0.520391
0.517222
0.513673
0.510283
0.507771
0.506815
0.507854
0.510926
0.515679
0.521474
0.527542
0.533155
0.537718
0.540847
0.542349
0.542227
0.540618
0.537764
0.534009
0.529774
0.525494
0.521566
0.518279
0.51575
0.513928
0.51267
0.511819
0.511251
0.510877
0.510626
0.51044
0.510242
0.509926
0.509397
0.508603
0.507579
0.506484
0.505559
0.505049
0.505112
0.505745
0.506798
0.508038
0.509224
0.51018
0.510812
0.511105
0.511085
0.51085
0.510512
0.510232
0.510204
0.510696
0.512008
0.514402
0.517986
0.522627
0.527942
0.5334
0.538483
0.542782
0.546066
0.54829
0.549514
0.549864
0.549491
0.54855
0.547169
0.545471
0.543562
0.541525
0.539434
0.537388
0.535498
0.53389
0.532698
0.532
0.531752
0.531832
0.532048
0.532213
0.532198
0.531962
0.531526
0.530918
0.530159
0.5292
0.527973
0.526411
0.524453
0.522049
0.519131
0.51563
0.511487
0.506663
0.501161
0.495065
0.488542
0.481863
0.475413
0.469698
0.465308
0.462832
0.462674
0.464879
0.469049
0.474424
0.480098
0.485312
0.489623
0.492935
0.495435
0.497435
0.499252
0.50112
0.503164
0.505422
0.507873
0.510452
0.513076
0.515654
0.518125
0.520438
0.522599
0.524644
0.526628
0.528617
0.530658
0.532748
0.534811
0.536675
0.538132
0.538954
0.538953
0.537987
0.535997
0.533025
0.529212
0.524788
0.52006
0.515372
0.511059
0.507405
0.504618
0.50281
0.502012
0.5022
0.503288
0.505172
0.507707
0.510701
0.513918
0.517133
0.520151
0.52291
0.525534
0.528348
0.531802
0.536259
0.541822
0.548233
0.554941
0.56129
0.566678
0.570712
0.573193
0.574115
0.573575
0.571741
0.568761
0.564763
0.559855
0.55413
0.547716
0.54084
0.533893
0.527436
0.522168
0.518795
0.51782
0.519369
0.523144
0.528504
0.534629
0.540723
0.546141
0.550443
0.553377
0.554862
0.554901
0.55355
0.550886
0.547019
0.542056
0.536116
0.529341
0.521897
0.513969
0.505746
0.497451
0.489327
0.481639
0.474662
0.468694
0.464077
0.461199
0.46045
0.462127
0.466334
0.472854
0.48109
0.490067
0.498585
0.505473
0.509863
0.511397
0.510303
0.507294
0.503375
0.499572
0.496702
0.495307
0.495668
0.497826
0.50164
0.506803
0.512853
0.519245
0.525432
0.530936
0.535391
0.538618
0.540583
0.541395
0.541244
0.540369
0.539012
0.537391
0.535725
0.534213
0.533049
0.532434
0.532501
0.533302
0.534781
0.536768
0.539032
0.541315
0.543391
0.545104
0.546359
0.547133
0.547408
0.547165
0.546346
0.544874
0.542671
0.539711
0.536047
0.531835
0.527337
0.522872
0.518738
0.515171
0.512304
0.510161
0.50867
0.507667
0.506901
0.506041
0.50472
0.502612
0.499508
0.495382
0.490444
0.485118
0.479959
0.475556
0.472396
0.470831
0.471021
0.47292
0.476267
0.480623
0.485386
0.489886
0.493532
0.495933
0.496976
0.496851
0.495937
0.49468
0.493438
0.492366
0.491392
0.490257
0.488638
0.486254
0.482962
0.478803
0.473972
0.468771
0.46352
0.458474
0.453822
0.449665
0.446062
0.443096
0.440883
0.439566
0.439288
0.440147
0.442158
0.445226
0.44912
0.453475
0.457887
0.461965
0.465403
0.468041
0.469888
0.471148
0.472201
0.473558
0.47576
0.479218
0.48409
0.490168
0.496908
0.503569
0.509431
0.513956
0.516914
0.518367
0.518563
0.517794
0.516261
0.514029
0.51107
0.50735
0.502888
0.497812
0.492342
0.486773
0.481415
0.476572
0.472552
0.469671
0.468229
0.46837
0.469947
0.472473
0.475297
0.477889
0.480004
0.481755
0.483482
0.485563
0.488249
0.491583
0.495369
0.499277
0.502895
0.50582
0.507724
0.508426
0.507973
0.506665
0.505083
0.503954
0.503894
0.505142
0.507436
0.510128
0.512495
0.51402
0.514547
0.514269
0.513596
0.512992
0.512868
0.513473
0.514905
0.51708
0.519762
0.522638
0.525384
0.527717
0.529435
0.530418
0.530662
0.530231
0.529236
0.527838
0.526219
0.524613
0.523256
0.522389
0.522219
0.522886
0.524471
0.526972
0.530295
0.534224
0.538417
0.542439
0.545837
0.548246
0.549444
0.549357
0.548038
0.545615
0.54223
0.538069
0.533328
0.528263
0.523193
0.518494
0.514551
0.511702
0.510176
0.510012
0.511052
0.512958
0.515302
0.517697
0.519945
0.522104
0.524529
0.527712
0.53208
0.537723
0.5443
0.551169
0.557613
0.563091
0.56733
0.570281
0.572018
0.572676
0.572378
0.571203
0.569221
0.566522
0.563275
0.55979
0.556518
0.553984
0.552643
0.552742
0.55419
0.556537
0.559051
0.56089
0.561324
0.559878
0.556441
0.551266
0.544935
0.538183
0.531774
0.526355
0.522344
0.519916
0.519034
0.519556
0.521316
0.524172
0.528009
0.532758
0.538321
0.544566
0.551283
0.558169
0.564833
0.570858
0.575859
0.579533
0.581637
0.582037
0.580715
0.577732
0.573223
0.567388
0.560485
0.552796
0.544667
0.536541
0.528948
0.522521
0.517884
0.515494
0.515462
0.517479
0.520897
0.524969
0.529061
0.532747
0.535802
0.538145
0.539782
0.54073
0.541008
0.540641
0.539628
0.537969
0.535635
0.532594
0.528828
0.524365
0.51933
0.513984
0.50873
0.50408
0.500523
0.498422
0.497946
0.499095
0.50175
0.505711
0.510729
0.516512
0.52274
0.52906
0.53512
0.540594
0.545208
0.548765
0.551143
0.552319
0.552373
0.551465
0.549831
0.547747
0.545505
0.543373
0.541563
0.540199
0.539319
0.53887
0.53872
0.538679
0.538553
0.538168
0.537435
0.536373
0.535121
0.533933
0.533087
0.532807
0.533186
0.534182
0.535654
0.537391
0.539112
0.540475
0.541066
0.540445
0.538264
0.534438
0.529379
0.523995
0.519484
0.516856
0.51655
0.518273
0.521198
0.52433
0.526783
0.527907
0.527271
0.524668
0.520055
0.513558
0.505497
0.589786
0.577803
0.565303
0.553277
0.542567
0.533692
0.526765
0.521558
0.517718
0.514969
0.513243
0.512681
0.513506
0.515899
0.519893
0.525355
0.532065
0.539794
0.548346
0.557519
0.566973
0.576161
0.58433
0.590699
0.594671
0.595969
0.594696
0.591272
0.586311
0.580501
0.5745
0.568888
0.56412
0.560544
0.558368
0.557651
0.558265
0.559933
0.562289
0.564912
0.567395
0.569364
0.570533
0.570711
0.569806
0.567843
0.565027
0.561726
0.558416
0.555599
0.553699
0.552954
0.553337
0.554588
0.556292
0.558031
0.559524
0.560736
0.561897
0.563381
0.565608
0.568875
0.573221
0.578444
0.584173
0.589981
0.595445
0.600225
0.604073
0.606868
0.608622
0.609465
0.609562
0.609055
0.60801
0.60646
0.604452
0.602068
0.599406
0.59643
0.592838
0.588148
0.581934
0.574081
0.564853
0.554807
0.544618
0.534924
0.526308
0.519297
0.514364
0.511882
0.512068
0.514916
0.520169
0.527367
0.535938
0.545301
0.554957
0.56454
0.573818
0.582656
0.590959
0.598636
0.605571
0.611606
0.61654
0.620178
0.622375
0.623071
0.622317
0.620279
0.617255
0.613619
0.609817
0.606275
0.603324
0.601091
0.599478
0.59823
0.597051
0.595694
0.594034
0.592098
0.589998
0.587883
0.585874
0.584012
0.582253
0.58047
0.578487
0.57607
0.572986
0.569051
0.564141
0.558201
0.551242
0.54335
0.53474
0.525787
0.517051
0.509252
0.503131
0.49932
0.498173
0.499611
0.503141
0.507913
0.512968
0.517446
0.520802
0.522879
0.523875
0.524258
0.524626
0.525499
0.527231
0.529875
0.533314
0.53738
0.542034
0.547371
0.553534
0.560565
0.56826
0.57617
0.583721
0.59035
0.5957
0.599712
0.602604
0.604749
0.606489
0.607985
0.609207
0.610017
0.610279
0.609909
0.608876
0.607192
0.604859
0.601878
0.598237
0.59395
0.589066
0.583691
0.577995
0.572203
0.566522
0.561112
0.556044
0.55131
0.54686
0.542628
0.538572
0.534683
0.531023
0.527734
0.525079
0.523385
0.522962
0.524011
0.526553
0.530424
0.535299
0.540738
0.546247
0.551333
0.555565
0.558614
0.560292
0.56057
0.559582
0.557632
0.55517
0.552769
0.551041
0.550511
0.551475
0.553935
0.557624
0.562125
0.567041
0.572096
0.5772
0.582384
0.587707
0.593173
0.598675
0.603963
0.608641
0.612226
0.614239
0.614308
0.612272
0.608215
0.602465
0.595568
0.588186
0.580944
0.574331
0.568612
0.563822
0.559808
0.556334
0.553151
0.55004
0.546862
0.543572
0.540184
0.536821
0.533691
0.531057
0.52921
0.52834
0.528473
0.529435
0.530873
0.532368
0.533584
0.534362
0.534716
0.534759
0.534569
0.534161
0.533541
0.532831
0.532359
0.532608
0.534089
0.537185
0.542028
0.548396
0.555754
0.563355
0.570428
0.57632
0.580595
0.583066
0.583773
0.582928
0.580842
0.577855
0.574338
0.570649
0.567147
0.56413
0.561805
0.560245
0.559388
0.559132
0.559445
0.560448
0.562396
0.565594
0.570182
0.575968
0.582446
0.588894
0.594526
0.598708
0.601088
0.6017
0.60102
0.599921
0.599375
0.600032
0.601815
0.603938
0.605315
0.605054
0.602747
0.598452
0.59248
0.585172
0.576745
0.567285
0.556895
0.545889
0.534967
0.525195
0.517794
0.513765
0.513546
0.516827
0.522644
0.529691
0.536725
0.542913
0.547966
0.552099
0.555825
0.559692
0.564035
0.568907
0.574096
0.579221
0.583858
0.587652
0.590335
0.591745
0.591813
0.590543
0.58801
0.584325
0.579666
0.574263
0.568387
0.562353
0.556482
0.551047
0.546264
0.542303
0.539307
0.537403
0.536671
0.537134
0.538698
0.541178
0.544347
0.547941
0.55167
0.55523
0.558328
0.560763
0.562403
0.563237
0.563292
0.562559
0.560955
0.558357
0.554709
0.550128
0.544979
0.539842
0.535399
0.532262
0.53086
0.531404
0.533894
0.538163
0.543863
0.550486
0.557442
0.564127
0.570029
0.57479
0.578227
0.580305
0.58111
0.580787
0.579499
0.577416
0.574677
0.571441
0.567863
0.564149
0.560519
0.557273
0.554763
0.553385
0.553499
0.5553
0.55872
0.563385
0.568647
0.573774
0.578077
0.581028
0.582276
0.581644
0.579102
0.57477
0.568977
0.562271
0.555401
0.549236
0.544587
0.542022
0.541775
0.543731
0.547568
0.552843
0.559058
0.565655
0.572022
0.577571
0.581812
0.584428
0.585329
0.58466
0.582755
0.580034
0.576894
0.573641
0.570455
0.567401
0.564506
0.561783
0.559259
0.556926
0.554747
0.55269
0.550785
0.549207
0.548242
0.548189
0.549208
0.551187
0.55377
0.556471
0.558833
0.560563
0.561567
0.561942
0.561918
0.56181
0.561978
0.562812
0.564689
0.567946
0.572798
0.579269
0.587141
0.595995
0.605296
0.6145
0.623139
0.630843
0.63735
0.642451
0.645927
0.647534
0.647057
0.644387
0.639594
0.632996
0.625151
0.616728
0.608389
0.600607
0.593655
0.587589
0.582323
0.577739
0.573764
0.570428
0.567821
0.566014
0.565011
0.56466
0.564681
0.564764
0.564654
0.564273
0.563759
0.563429
0.563679
0.564891
0.567331
0.571066
0.575967
0.581718
0.587909
0.594141
0.600058
0.605367
0.6098
0.613163
0.615355
0.61637
0.616298
0.615217
0.61316
0.610066
0.605819
0.600334
0.593588
0.585704
0.576971
0.567871
0.559071
0.551348
0.545428
0.541823
0.540729
0.542021
0.545295
0.549931
0.555219
0.560458
0.565149
0.569057
0.572232
0.574932
0.577541
0.580441
0.583905
0.587997
0.59256
0.597267
0.601748
0.605643
0.608683
0.610669
0.611499
0.61116
0.609769
0.607628
0.605259
0.603317
0.602331
0.602375
0.602944
0.603178
0.602244
0.599665
0.595476
0.590167
0.58456
0.579605
0.57613
0.574626
0.575118
0.577195
0.580175
0.5833
0.585869
0.587342
0.587411
0.585998
0.583311
0.579815
0.576163
0.573034
0.570983
0.570309
0.571052
0.573061
0.576081
0.579828
0.584021
0.588405
0.592728
0.596779
0.600411
0.603526
0.606074
0.607997
0.609194
0.609539
0.608912
0.607221
0.604456
0.600681
0.596027
0.590668
0.584821
0.57876
0.572817
0.567345
0.562654
0.558965
0.55635
0.554733
0.553915
0.553649
0.553738
0.554138
0.555104
0.557219
0.561194
0.56744
0.575743
0.585342
0.595306
0.604903
0.613717
0.621583
0.628441
0.634217
0.638795
0.642055
0.643936
0.644465
0.643803
0.642197
0.639852
0.636886
0.633257
0.62879
0.623261
0.616445
0.608226
0.598671
0.588021
0.576683
0.565155
0.553984
0.543679
0.534728
0.527594
0.522662
0.520166
0.520145
0.522397
0.526533
0.532057
0.538407
0.545022
0.551359
0.556936
0.561329
0.564209
0.565374
0.564772
0.562536
0.558969
0.554533
0.549846
0.545647
0.542743
0.541883
0.543569
0.547964
0.554828
0.56359
0.573477
0.583668
0.593381
0.601907
0.608626
0.613059
0.614951
0.614385
0.611845
0.608184
0.604367
0.601192
0.599066
0.598005
0.597759
0.598006
0.59845
0.598844
0.598938
0.5985
0.59733
0.595327
0.592496
0.588937
0.584837
0.580401
0.575837
0.571342
0.567124
0.563415
0.560427
0.558298
0.557032
0.55648
0.556381
0.556402
0.556209
0.555482
0.553992
0.551621
0.54841
0.544594
0.540598
0.536964
0.534221
0.532723
0.532585
0.533717
0.535973
0.539271
0.543621
0.549038
0.555484
0.562802
0.570735
0.578982
0.587225
0.595158
0.602471
0.608878
0.614136
0.618066
0.620536
0.62148
0.620892
0.618843
0.615535
0.611285
0.606541
0.601837
0.597689
0.594481
0.592343
0.591129
0.590442
0.589805
0.588754
0.586989
0.584367
0.580884
0.576658
0.571948
0.567151
0.562752
0.559216
0.556857
0.555747
0.555722
0.556487
0.557745
0.559248
0.560821
0.562338
0.563696
0.56483
0.565737
0.566426
0.566935
0.567294
0.567474
0.567398
0.567014
0.566359
0.565648
0.565248
0.565623
0.567205
0.570237
0.5747
0.580378
0.586965
0.594141
0.601606
0.609035
0.616021
0.622061
0.626593
0.629082
0.629126
0.626519
0.621376
0.614188
0.605858
0.597632
0.590808
0.586371
0.584673
0.58542
0.587911
0.591362
0.595118
0.598729
0.601879
0.604354
0.606033
0.606867
0.606908
0.60628
0.605065
0.603319
0.601051
0.598223
0.594802
0.590777
0.586183
0.581123
0.575789
0.570483
0.565561
0.561428
0.558499
0.557123
0.55754
0.559834
0.563906
0.569487
0.576163
0.583393
0.590594
0.597189
0.602683
0.606675
0.608888
0.60915
0.607427
0.603839
0.598652
0.592243
0.585076
0.577633
0.570367
0.563668
0.55782
0.553036
0.549466
0.54719
0.546199
0.5464
0.54761
0.549559
0.551919
0.554348
0.556542
0.558273
0.559425
0.559971
0.559986
0.559628
0.559146
0.558847
0.559079
0.560162
0.562351
0.565776
0.570389
0.575939
0.582039
0.588228
0.594058
0.599131
0.603207
0.606201
0.608192
0.609387
0.610057
0.610423
0.610638
0.610737
0.610636
0.610202
0.609291
0.60781
0.605734
0.603085
0.599932
0.596346
0.59238
0.588087
0.583553
0.578925
0.574426
0.570345
0.567
0.564699
0.563685
0.564079
0.565863
0.568875
0.572837
0.577416
0.582259
0.587045
0.591539
0.595587
0.599057
0.601808
0.603656
0.604405
0.603859
0.601902
0.598545
0.593973
0.588585
0.582985
0.577921
0.574183
0.572402
0.572896
0.575527
0.579699
0.584498
0.588911
0.592012
0.593126
0.591905
0.588364
0.58286
0.576105
0.569111
0.563115
0.559341
0.558664
0.561243
0.566429
0.572981
0.579488
0.584815
0.588357
0.590105
0.59059
0.590712
0.591426
0.593398
0.596708
0.600768
0.604533
0.606904
0.607148
0.605214
0.601815
0.59829
0.596163
0.596489
0.599381
0.604011
0.609103
0.613483
0.616424
0.617641
0.617115
0.614945
0.611295
0.606442
0.60081
0.594965
0.589516
0.584974
0.581662
0.579675
0.578945
0.579309
0.580617
0.582757
0.58564
0.589121
0.593013
0.597097
0.601218
0.605367
0.609657
0.614287
0.619468
0.625297
0.631701
0.638419
0.645007
0.650951
0.655746
0.658992
0.660489
0.660296
0.658748
0.656401
0.653902
0.651796
0.65039
0.649726
0.649652
0.649953
0.650478
0.651086
0.65158
0.651579
0.464107
0.464016
0.463414
0.461757
0.458785
0.454539
0.449368
0.443827
0.438633
0.434584
0.432452
0.432801
0.435851
0.441391
0.448833
0.457328
0.465944
0.473802
0.480162
0.484508
0.486622
0.48659
0.484794
0.481854
0.478486
0.475396
0.473129
0.472017
0.472112
0.473238
0.475038
0.477038
0.47875
0.479765
0.479822
0.478887
0.477132
0.474883
0.472515
0.470398
0.468803
0.467868
0.467568
0.467715
0.468003
0.468073
0.467659
0.466615
0.464962
0.462853
0.460532
0.45826
0.45627
0.454744
0.453824
0.453643
0.454388
0.456287
0.459582
0.464435
0.470782
0.478259
0.486199
0.493731
0.499936
0.504013
0.505401
0.50387
0.499555
0.492909
0.484658
0.475709
0.467006
0.459387
0.453478
0.449596
0.447752
0.447734
0.449212
0.451771
0.454985
0.458432
0.461745
0.464694
0.467228
0.469486
0.47168
0.474018
0.476641
0.479544
0.482587
0.485555
0.488199
0.490315
0.491791
0.492622
0.492905
0.492826
0.492625
0.492519
0.492657
0.493096
0.493801
0.49465
0.495481
0.496118
0.496425
0.496315
0.495749
0.494733
0.493336
0.491627
0.489704
0.487643
0.485486
0.483241
0.480875
0.478359
0.475699
0.472981
0.470363
0.468036
0.466175
0.464894
0.464201
0.463995
0.464127
0.464422
0.464753
0.465062
0.465351
0.465656
0.465988
0.466283
0.466411
0.46623
0.465645
0.464691
0.463574
0.462625
0.462231
0.462702
0.464194
0.466661
0.469845
0.473323
0.476627
0.47936
0.481296
0.482476
0.483202
0.483965
0.485269
0.48746
0.490631
0.494591
0.498952
0.503215
0.506871
0.509469
0.510668
0.510278
0.508295
0.504914
0.500492
0.495489
0.490362
0.485487
0.481115
0.477337
0.474163
0.471621
0.469795
0.468847
0.468963
0.47028
0.472788
0.476311
0.480528
0.485021
0.48938
0.493239
0.496328
0.498473
0.499577
0.499607
0.498567
0.496518
0.493569
0.48993
0.485885
0.481789
0.47804
0.475002
0.472949
0.472025
0.472238
0.473451
0.475441
0.477936
0.480636
0.483237
0.48545
0.48702
0.487801
0.487758
0.486989
0.485653
0.483922
0.481875
0.479412
0.476249
0.471958
0.466119
0.458557
0.449543
0.439941
0.43114
0.424636
0.421502
0.421987
0.425547
0.431207
0.437918
0.44474
0.450894
0.455779
0.459015
0.460418
0.460002
0.457969
0.454672
0.450587
0.446268
0.442259
0.439015
0.436805
0.435705
0.435599
0.436287
0.437551
0.439245
0.441326
0.443825
0.446825
0.450396
0.454551
0.459216
0.464263
0.469538
0.474888
0.480165
0.485184
0.489683
0.49334
0.495769
0.496659
0.495836
0.493322
0.489356
0.484367
0.47891
0.473591
0.468956
0.465396
0.463056
0.461857
0.461524
0.461685
0.461989
0.46222
0.462295
0.462248
0.462157
0.462043
0.461805
0.461217
0.459971
0.457791
0.45457
0.450424
0.445708
0.440961
0.436776
0.433683
0.432037
0.431972
0.433377
0.43596
0.439315
0.443022
0.446734
0.45024
0.453467
0.456491
0.459473
0.462609
0.466078
0.469987
0.474361
0.479147
0.484233
0.489491
0.494783
0.499953
0.504802
0.509078
0.512502
0.514792
0.515729
0.515192
0.513174
0.509797
0.50524
0.499729
0.493512
0.486854
0.480036
0.473338
0.467042
0.461395
0.456572
0.452657
0.449599
0.447274
0.445504
0.444129
0.443044
0.442231
0.441756
0.441758
0.442375
0.443713
0.445822
0.448649
0.45205
0.455802
0.45962
0.463202
0.466296
0.468717
0.470427
0.471533
0.472266
0.472887
0.4736
0.474464
0.475379
0.476122
0.476419
0.476001
0.474694
0.472457
0.469379
0.465688
0.461713
0.457842
0.454421
0.451689
0.449734
0.448483
0.447747
0.447312
0.447064
0.447038
0.447442
0.448559
0.450585
0.453506
0.457039
0.460723
0.464072
0.46676
0.468689
0.470024
0.471102
0.472305
0.473946
0.476168
0.478967
0.482198
0.485632
0.488998
0.492036
0.4945
0.496174
0.49689
0.496551
0.495128
0.492674
0.489308
0.485201
0.480565
0.475598
0.470491
0.465406
0.460497
0.455879
0.451683
0.448034
0.445034
0.442782
0.441362
0.440829
0.441216
0.44254
0.444766
0.447792
0.451464
0.455582
0.45991
0.464215
0.46828
0.471927
0.475041
0.477557
0.479444
0.480726
0.481452
0.48169
0.481544
0.481118
0.480543
0.479958
0.4795
0.479283
0.479391
0.479854
0.480644
0.481688
0.482885
0.484118
0.485285
0.486304
0.487128
0.487724
0.488086
0.488244
0.48826
0.488203
0.488145
0.488153
0.488233
0.488334
0.488316
0.487962
0.487022
0.485245
0.482417
0.478407
0.47325
0.467172
0.460578
0.454016
0.448127
0.443513
0.440618
0.439666
0.440622
0.443239
0.447128
0.451847
0.456976
0.462151
0.467062
0.471431
0.475023
0.477642
0.479134
0.479429
0.478557
0.476633
0.47387
0.470502
0.466756
0.462836
0.458931
0.455217
0.451895
0.449173
0.447199
0.446018
0.445526
0.445469
0.445497
0.445258
0.444482
0.44302
0.440855
0.438066
0.434802
0.431261
0.427678
0.424289
0.421345
0.419093
0.417752
0.417501
0.418448
0.420609
0.423889
0.428099
0.432969
0.438194
0.443495
0.44862
0.453375
0.457633
0.461309
0.464367
0.466827
0.468758
0.470283
0.471573
0.472815
0.4742
0.475889
0.477983
0.480516
0.483457
0.486719
0.49018
0.493688
0.497084
0.500226
0.502982
0.505263
0.507015
0.508219
0.508868
0.508944
0.508411
0.507214
0.505275
0.502509
0.49884
0.494252
0.488801
0.482658
0.476103
0.469504
0.4633
0.457956
0.453912
0.451465
0.450689
0.451375
0.453051
0.455128
0.457028
0.458314
0.458747
0.458257
0.456916
0.454909
0.452492
0.449981
0.447713
0.446032
0.445231
0.445487
0.44682
0.449085
0.452052
0.455451
0.459101
0.462943
0.466999
0.471297
0.475788
0.4803
0.48451
0.488045
0.490563
0.49182
0.491724
0.490315
0.487745
0.484223
0.479983
0.475283
0.470418
0.465729
0.461554
0.458179
0.455771
0.454372
0.453918
0.454321
0.45552
0.457505
0.460293
0.463921
0.468419
0.4738
0.480048
0.487051
0.49458
0.502255
0.50964
0.516305
0.521914
0.526236
0.529123
0.530485
0.530291
0.528562
0.52541
0.521059
0.515843
0.51013
0.504244
0.498389
0.492622
0.486919
0.481245
0.475635
0.47021
0.465184
0.460811
0.457333
0.454923
0.453672
0.453574
0.454543
0.456461
0.459169
0.462474
0.466128
0.469845
0.473299
0.476153
0.478097
0.478879
0.478333
0.476428
0.473266
0.469098
0.464308
0.459345
0.45467
0.450685
0.447654
0.445656
0.444587
0.444205
0.444218
0.444368
0.444533
0.444719
0.445064
0.445743
0.446917
0.448648
0.450853
0.4533
0.455662
0.457589
0.458802
0.45918
0.458749
0.457663
0.456129
0.454361
0.452537
0.450811
0.449329
0.448297
0.447968
0.448649
0.45059
0.453868
0.458322
0.46357
0.469098
0.474377
0.478929
0.48238
0.484451
0.484995
0.483972
0.481444
0.477578
0.472636
0.466939
0.460888
0.454881
0.44933
0.44458
0.440916
0.438524
0.437477
0.437688
0.438914
0.440794
0.442894
0.444818
0.446324
0.447354
0.448049
0.448666
0.449503
0.45078
0.452603
0.454925
0.457573
0.460284
0.462767
0.464758
0.46607
0.466622
0.466424
0.465599
0.464351
0.462932
0.461633
0.460728
0.460452
0.46097
0.462344
0.464539
0.467438
0.470861
0.474622
0.478536
0.482451
0.486255
0.489815
0.492997
0.495651
0.497636
0.498841
0.499234
0.498907
0.498051
0.496918
0.495718
0.494563
0.49337
0.491913
0.48988
0.486997
0.48316
0.478555
0.473706
0.469401
0.466392
0.465042
0.465106
0.465826
0.466293
0.465774
0.463902
0.460645
0.45624
0.451076
0.445636
0.440412
0.435875
0.432432
0.430385
0.42994
0.431189
0.434094
0.438487
0.444088
0.450503
0.457255
0.46382
0.469692
0.474428
0.477712
0.479393
0.47949
0.478178
0.47578
0.472711
0.469392
0.466194
0.463391
0.461134
0.459488
0.45846
0.458022
0.458128
0.45874
0.459834
0.461401
0.463449
0.465974
0.468931
0.472239
0.475774
0.479383
0.482917
0.486262
0.489346
0.492138
0.494597
0.49668
0.498315
0.499401
0.499816
0.499482
0.498389
0.496604
0.494311
0.491769
0.489298
0.487195
0.485703
0.484953
0.484968
0.485692
0.487005
0.488758
0.490806
0.49303
0.495326
0.497617
0.49984
0.501931
0.503824
0.505467
0.506803
0.507797
0.508424
0.508651
0.508427
0.507657
0.506197
0.503885
0.500619
0.496409
0.491441
0.48608
0.480849
0.476336
0.47305
0.471323
0.471196
0.472437
0.474641
0.477353
0.480215
0.483034
0.485769
0.488472
0.491203
0.493988
0.496801
0.499594
0.50229
0.504828
0.507196
0.509392
0.511424
0.513296
0.514992
0.516475
0.517692
0.518577
0.519051
0.519043
0.518479
0.517303
0.515476
0.513006
0.509915
0.506287
0.502259
0.498029
0.493843
0.490005
0.48683
0.484611
0.483568
0.483761
0.485063
0.487191
0.48975
0.492343
0.494633
0.496427
0.497669
0.498393
0.498677
0.498589
0.498168
0.497395
0.496226
0.49462
0.492592
0.490207
0.487603
0.484952
0.482436
0.480215
0.478394
0.477028
0.476116
0.475607
0.475416
0.475432
0.475512
0.475506
0.475262
0.474665
0.473664
0.472256
0.470525
0.46858
0.466532
0.464461
0.46236
0.460159
0.457774
0.45517
0.452446
0.449824
0.447628
0.446206
0.445859
0.446782
0.449008
0.452407
0.456662
0.461329
0.465911
0.469936
0.472994
0.474801
0.475229
0.474299
0.472172
0.469097
0.465376
0.461325
0.457249
0.453427
0.450106
0.447487
0.445688
0.444737
0.444536
0.44486
0.445389
0.445798
0.445828
0.445337
0.444354
0.443097
0.441911
0.441202
0.441347
0.442602
0.445044
0.44857
0.452924
0.457738
0.46261
0.46715
0.471033
0.474028
0.47601
0.476973
0.477016
0.476296
0.475026
0.473446
0.471787
0.470301
0.469266
0.46898
0.469765
0.471927
0.475683
0.48109
0.487998
0.496067
0.504818
0.513685
0.522089
0.5295
0.535507
0.539834
0.542348
0.543056
0.54206
0.539561
0.535801
0.531045
0.525538
0.519523
0.51319
0.5067
0.500211
0.493905
0.488008
0.482823
0.621992
0.617462
0.613902
0.611686
0.610943
0.611448
0.612646
0.613773
0.614054
0.612888
0.609954
0.605286
0.599229
0.592369
0.585424
0.579072
0.573764
0.569603
0.566315
0.563375
0.560197
0.556309
0.551525
0.546026
0.540374
0.535367
0.531796
0.530205
0.530716
0.533042
0.536669
0.541081
0.545922
0.550985
0.556135
0.561166
0.565715
0.569335
0.571661
0.572624
0.572605
0.572443
0.573172
0.575584
0.579792
0.585182
0.590687
0.59522
0.598003
0.59863
0.59703
0.593395
0.588033
0.581292
0.573504
0.564946
0.555892
0.546644
0.537576
0.529159
0.521952
0.516523
0.513289
0.512401
0.513641
0.516557
0.520629
0.525442
0.530794
0.536676
0.54315
0.550252
0.557895
0.565855
0.573727
0.580995
0.587057
0.591319
0.593244
0.592439
0.588701
0.582052
0.572755
0.561308
0.548385
0.534827
0.52161
0.509787
0.500352
0.494034
0.491068
0.491132
0.493505
0.497418
0.502318
0.507945
0.514269
0.52131
0.529
0.53716
0.545476
0.553562
0.56105
0.567693
0.573401
0.578231
0.582321
0.585751
0.588482
0.590339
0.591111
0.590629
0.588867
0.585955
0.582108
0.577565
0.5725
0.567004
0.561108
0.554858
0.548402
0.542
0.536027
0.530895
0.526963
0.52446
0.523439
0.523798
0.525329
0.527765
0.530828
0.534286
0.537946
0.541664
0.545349
0.548937
0.552363
0.555524
0.558228
0.560207
0.561189
0.561041
0.559906
0.558188
0.556427
0.555084
0.554337
0.554012
0.553661
0.552784
0.551025
0.548307
0.544811
0.5409
0.536966
0.533322
0.530089
0.527188
0.524442
0.521704
0.519015
0.516644
0.515085
0.514951
0.516779
0.520866
0.527119
0.535086
0.544037
0.553131
0.561604
0.568901
0.574731
0.579024
0.581852
0.583355
0.583651
0.582846
0.581007
0.578194
0.574493
0.57004
0.565032
0.559703
0.554283
0.54896
0.543815
0.538872
0.534105
0.529511
0.525142
0.521102
0.517531
0.514556
0.512279
0.510749
0.509981
0.510006
0.510874
0.512701
0.51563
0.51978
0.525163
0.531635
0.538865
0.546361
0.55355
0.559829
0.56469
0.567739
0.568718
0.567507
0.564107
0.558666
0.551485
0.543081
0.534288
0.526217
0.520118
0.517032
0.517421
0.521024
0.527079
0.53471
0.543201
0.552077
0.560984
0.569568
0.577414
0.584059
0.589098
0.592282
0.593531
0.592884
0.590477
0.586504
0.581188
0.574803
0.567694
0.560222
0.552752
0.545563
0.538803
0.532473
0.526471
0.520679
0.515061
0.509748
0.505059
0.501487
0.499582
0.499772
0.502224
0.506724
0.512692
0.51927
0.52552
0.530572
0.533781
0.534789
0.533532
0.53021
0.525227
0.519091
0.512359
0.505568
0.499184
0.493587
0.489081
0.485904
0.484221
0.484098
0.485501
0.488308
0.492379
0.49758
0.503812
0.510967
0.518881
0.527297
0.535869
0.544172
0.551765
0.558224
0.563197
0.566463
0.567945
0.567743
0.566141
0.563543
0.560453
0.557411
0.554879
0.553149
0.552273
0.552037
0.552064
0.551934
0.55132
0.550041
0.548105
0.545714
0.543193
0.540963
0.539485
0.539143
0.540147
0.542436
0.545686
0.549374
0.552902
0.555721
0.557437
0.557864
0.557068
0.555313
0.553009
0.550615
0.548526
0.546982
0.546097
0.545868
0.546224
0.547043
0.548169
0.549438
0.550709
0.551926
0.553154
0.554608
0.556577
0.559339
0.563096
0.567892
0.573626
0.580053
0.586822
0.593493
0.599576
0.604566
0.608033
0.609699
0.609522
0.607697
0.604642
0.60092
0.597079
0.593481
0.590195
0.587021
0.583618
0.579643
0.574894
0.569346
0.563173
0.55672
0.550444
0.544854
0.540451
0.537637
0.536672
0.537669
0.540629
0.545487
0.552131
0.560396
0.570041
0.580694
0.59181
0.602685
0.61251
0.620456
0.625768
0.627827
0.626216
0.620793
0.611723
0.599544
0.58515
0.569759
0.554808
0.541703
0.531634
0.525319
0.52294
0.524207
0.528504
0.535016
0.54284
0.551043
0.558769
0.565334
0.570351
0.573756
0.575792
0.576851
0.577339
0.577523
0.57749
0.577158
0.576366
0.574991
0.573023
0.570564
0.567823
0.565078
0.562652
0.560902
0.56014
0.560612
0.562423
0.565512
0.569647
0.574443
0.57941
0.584018
0.587764
0.59024
0.591201
0.590625
0.588737
0.585988
0.582948
0.58016
0.577996
0.576559
0.575715
0.575188
0.574675
0.573956
0.572972
0.57184
0.570781
0.570014
0.569634
0.569575
0.569598
0.569336
0.568432
0.566643
0.56386
0.56018
0.555882
0.551377
0.547187
0.543869
0.541939
0.541814
0.543716
0.547615
0.553231
0.560111
0.567753
0.575728
0.583732
0.591595
0.599175
0.606274
0.612586
0.617721
0.62128
0.622917
0.622422
0.619742
0.615057
0.608782
0.601546
0.594121
0.587283
0.581629
0.577501
0.574983
0.573961
0.574205
0.57539
0.577121
0.578994
0.580632
0.581755
0.582212
0.58203
0.581336
0.580278
0.578977
0.577566
0.576337
0.575859
0.576852
0.579937
0.585273
0.592424
0.600501
0.608475
0.615469
0.620918
0.624565
0.62639
0.626484
0.625008
0.622115
0.617961
0.612742
0.606712
0.600201
0.593587
0.587309
0.581782
0.577341
0.574147
0.572143
0.571031
0.570357
0.569601
0.568285
0.566043
0.562685
0.558196
0.552713
0.546473
0.539763
0.532879
0.526098
0.519662
0.513819
0.508828
0.504958
0.502482
0.501601
0.502395
0.504783
0.508486
0.513062
0.517984
0.522723
0.526871
0.530198
0.532675
0.53442
0.535622
0.536444
0.536972
0.537196
0.537035
0.536428
0.535426
0.534179
0.532878
0.531713
0.530751
0.529906
0.528955
0.527635
0.525806
0.523575
0.521374
0.519902
0.519928
0.522044
0.526448
0.532879
0.540758
0.549394
0.55814
0.566485
0.574035
0.580502
0.585674
0.58938
0.591512
0.59202
0.590913
0.58828
0.584284
0.579131
0.573052
0.566267
0.558982
0.551411
0.543805
0.536453
0.529675
0.523802
0.519093
0.515711
0.513713
0.513045
0.513568
0.515099
0.517445
0.520444
0.524021
0.528209
0.533154
0.538986
0.545638
0.552675
0.559315
0.564633
0.567856
0.56861
0.567016
0.563653
0.559374
0.555008
0.551118
0.547924
0.545409
0.543481
0.542075
0.541138
0.540626
0.540425
0.540377
0.540358
0.540316
0.54031
0.540494
0.541049
0.542128
0.543833
0.546191
0.549178
0.552716
0.556688
0.560947
0.565321
0.569623
0.573639
0.577152
0.579915
0.581726
0.582453
0.582057
0.580611
0.578244
0.575132
0.571462
0.567455
0.563412
0.559731
0.556834
0.555031
0.554371
0.554614
0.555347
0.55613
0.55665
0.556767
0.556528
0.5561
0.555736
0.555759
0.556481
0.558181
0.561059
0.565164
0.570342
0.576234
0.582327
0.588039
0.592795
0.596135
0.597783
0.597666
0.595909
0.592833
0.588915
0.584766
0.581055
0.578426
0.577374
0.578129
0.580627
0.584483
0.58911
0.593854
0.598105
0.601432
0.603629
0.604709
0.604823
0.604178
0.602955
0.601301
0.599335
0.597183
0.594984
0.592887
0.59102
0.589428
0.588114
0.587037
0.58614
0.585399
0.584849
0.584598
0.58484
0.585767
0.587473
0.589864
0.592646
0.595338
0.597406
0.59834
0.597771
0.595549
0.591824
0.587064
0.581944
0.577161
0.57322
0.570318
0.56843
0.567443
0.567281
0.567915
0.569294
0.571292
0.573682
0.576131
0.578273
0.579727
0.580186
0.579417
0.577292
0.573805
0.569031
0.563151
0.556443
0.549234
0.54194
0.535029
0.528984
0.52425
0.521121
0.519662
0.519682
0.520822
0.522685
0.524929
0.527288
0.529578
0.531651
0.533364
0.534579
0.535204
0.535259
0.534851
0.534228
0.533728
0.533712
0.534514
0.536355
0.539311
0.54328
0.547993
0.553048
0.557958
0.562297
0.565807
0.568412
0.570204
0.571402
0.572256
0.573015
0.573885
0.575039
0.576611
0.57864
0.581036
0.583562
0.585845
0.58746
0.588048
0.587469
0.585878
0.583743
0.58175
0.580657
0.581071
0.583283
0.587143
0.59214
0.597534
0.602501
0.606293
0.608344
0.608359
0.606396
0.602829
0.598258
0.593288
0.588292
0.583347
0.578299
0.572962
0.567303
0.561543
0.556089
0.551439
0.548061
0.546309
0.546328
0.548054
0.551199
0.555286
0.559722
0.56388
0.567177
0.569142
0.569448
0.567963
0.564799
0.560302
0.555117
0.550157
0.546507
0.545157
0.546703
0.551098
0.557681
0.565431
0.573276
0.580403
0.586298
0.590793
0.593975
0.596114
0.597625
0.598987
0.600657
0.602988
0.606148
0.610091
0.614596
0.619285
0.623699
0.62734
0.629755
0.630589
0.629636
0.62683
0.62226
0.616156
0.608892
0.600956
0.592976
0.585688
0.57978
0.57572
0.573596
0.573093
0.573654
0.574782
0.576189
0.577867
0.580044
0.582985
0.586811
0.59139
0.596323
0.601055
0.605036
0.607873
0.609379
0.609589
0.608713
0.607092
0.605115
0.603118
0.601272
0.599529
0.597703
0.595609
0.593184
0.590529
0.587858
0.585426
0.583487
0.582233
0.581831
0.582373
0.583847
0.586099
0.588879
0.591823
0.594582
0.596828
0.598253
0.598631
0.597775
0.595594
0.592118
0.587576
0.582371
0.577049
0.572173
0.568147
0.565122
0.562966
0.561347
0.559861
0.558154
0.55601
0.553402
0.550465
0.547446
0.544653
0.542383
0.540904
0.540405
0.540948
0.542451
0.544669
0.547244
0.549793
0.552062
0.553992
0.555744
0.557634
0.560031
0.56325
0.567483
0.572776
0.579002
0.585859
0.592864
0.599381
0.604722
0.608261
0.609555
0.608408
0.604874
0.599236
0.591998
0.583846
0.575577
0.568015
0.561874
0.557627
0.555447
0.555161
0.556331
0.558343
0.560522
0.562228
0.562942
0.562344
0.560304
0.556921
0.552431
0.547196
0.541626
0.53611
0.530989
0.526514
0.522833
0.519964
0.517814
0.516208
0.514949
0.513852
0.512809
0.511851
0.511143
0.51096
0.511605
0.513332
0.516244
0.520269
0.525165
0.530595
0.536188
0.541611
0.546627
0.551107
0.555011
0.558372
0.561267
0.563778
0.565942
0.567732
0.569058
0.569768
0.569659
0.568528
0.56621
0.562662
0.558043
0.552852
0.548074
0.545165
0.545639
0.55032
0.558685
0.569023
0.579257
0.587725
0.59352
0.596441
0.507101
0.506767
0.506023
0.505237
0.504695
0.504612
0.505173
0.506541
0.508865
0.512255
0.516731
0.522193
0.528367
0.534775
0.540772
0.545642
0.548758
0.549787
0.54883
0.54651
0.543859
0.541998
0.541678
0.542925
0.545065
0.547099
0.548138
0.547665
0.545571
0.542069
0.537544
0.532509
0.527506
0.523072
0.519696
0.517722
0.517351
0.5186
0.521309
0.525189
0.529861
0.534906
0.539922
0.544565
0.548555
0.551719
0.553974
0.555334
0.555874
0.555697
0.554921
0.553643
0.551926
0.549822
0.547372
0.544657
0.5418
0.538945
0.536215
0.533649
0.5312
0.528687
0.525798
0.522173
0.517471
0.511498
0.504287
0.496205
0.487992
0.480655
0.47525
0.472598
0.473013
0.476214
0.481427
0.487658
0.493947
0.49958
0.504183
0.507694
0.510296
0.512313
0.514104
0.515952
0.518003
0.520255
0.522586
0.524829
0.52688
0.528738
0.530519
0.532391
0.534463
0.536658
0.53868
0.540074
0.540344
0.539108
0.536175
0.531564
0.525447
0.518104
0.509855
0.50106
0.492108
0.483456
0.475633
0.469196
0.464655
0.462394
0.462589
0.46514
0.469701
0.475711
0.4825
0.489372
0.49571
0.501087
0.50531
0.50842
0.510614
0.512198
0.513476
0.51469
0.515983
0.517352
0.518679
0.519701
0.520121
0.51967
0.518191
0.515698
0.512373
0.508578
0.504794
0.501569
0.499434
0.498824
0.500016
0.503092
0.507908
0.514114
0.521191
0.528517
0.535422
0.541258
0.545478
0.547657
0.547554
0.545127
0.540542
0.534139
0.526399
0.517853
0.50901
0.50035
0.492364
0.485578
0.480518
0.477617
0.477074
0.478741
0.482141
0.486635
0.491584
0.496483
0.501025
0.505061
0.508538
0.51144
0.513747
0.515407
0.516332
0.516443
0.515666
0.513968
0.511331
0.507791
0.503412
0.498311
0.492657
0.486628
0.480436
0.474325
0.468567
0.463472
0.459364
0.45653
0.455161
0.455305
0.456863
0.45961
0.463281
0.467659
0.472585
0.477898
0.483379
0.488722
0.493575
0.497573
0.500445
0.502059
0.502426
0.501711
0.5002
0.498271
0.496334
0.494763
0.493857
0.493767
0.494491
0.495877
0.497657
0.49951
0.501129
0.502285
0.502854
0.502852
0.502392
0.501657
0.50079
0.49981
0.498551
0.496712
0.493946
0.490031
0.484992
0.479198
0.473314
0.468132
0.464341
0.46238
0.462411
0.464396
0.468208
0.473645
0.480396
0.488044
0.496078
0.503949
0.511123
0.517155
0.521698
0.524498
0.525379
0.524246
0.521066
0.515898
0.508942
0.500578
0.491401
0.482192
0.473788
0.46689
0.461841
0.458596
0.456865
0.456362
0.457013
0.458982
0.46253
0.467824
0.474801
0.483145
0.492347
0.501812
0.51096
0.519288
0.526386
0.531911
0.535606
0.537294
0.536921
0.534589
0.530545
0.525166
0.518889
0.512188
0.505518
0.499252
0.493669
0.488947
0.485165
0.482326
0.480353
0.479123
0.478494
0.478303
0.478403
0.478656
0.478947
0.47918
0.479257
0.479105
0.478673
0.477938
0.476944
0.475809
0.474721
0.473929
0.473718
0.474393
0.476252
0.479541
0.484419
0.490917
0.498851
0.507821
0.517252
0.526459
0.534777
0.541655
0.546771
0.550056
0.551659
0.551841
0.550844
0.548815
0.545806
0.541847
0.53706
0.531741
0.526351
0.521445
0.517529
0.514928
0.513712
0.513744
0.514769
0.516521
0.518801
0.521473
0.524451
0.527637
0.530908
0.534096
0.536972
0.539285
0.540759
0.541187
0.540446
0.538604
0.535948
0.532963
0.530252
0.528394
0.527785
0.528596
0.530778
0.534117
0.538297
0.542926
0.547579
0.551856
0.555448
0.558203
0.560129
0.561374
0.562171
0.562772
0.563368
0.564061
0.564786
0.565309
0.565206
0.563981
0.561156
0.556401
0.549628
0.541068
0.531271
0.521029
0.511245
0.502774
0.496263
0.49204
0.490049
0.489929
0.491109
0.492974
0.49497
0.496668
0.497742
0.497978
0.497303
0.495747
0.493452
0.490662
0.48766
0.484768
0.482306
0.480572
0.479813
0.480218
0.481875
0.484765
0.488753
0.493557
0.498741
0.50377
0.50809
0.511232
0.512898
0.512991
0.511611
0.508986
0.505417
0.501222
0.496684
0.492034
0.48747
0.483134
0.479146
0.475601
0.472535
0.469961
0.467851
0.466198
0.465066
0.464617
0.465103
0.46685
0.470171
0.475292
0.482207
0.490632
0.500018
0.509669
0.518914
0.527218
0.534203
0.53962
0.543314
0.545221
0.54535
0.543789
0.540697
0.536262
0.530705
0.524269
0.517237
0.509948
0.502832
0.496407
0.491224
0.487741
0.486215
0.486608
0.488597
0.49167
0.495249
0.498809
0.501954
0.504433
0.506097
0.506905
0.506891
0.506142
0.504798
0.503045
0.501094
0.499166
0.497447
0.496055
0.495052
0.494419
0.494091
0.493985
0.494054
0.494268
0.494604
0.495023
0.495398
0.495575
0.495458
0.495053
0.494514
0.494081
0.493987
0.49436
0.495175
0.496255
0.497309
0.498039
0.498195
0.497615
0.496253
0.494182
0.491591
0.488799
0.486198
0.48424
0.483388
0.484041
0.486482
0.490817
0.496947
0.504549
0.513109
0.522001
0.530559
0.538177
0.544368
0.548824
0.551418
0.552184
0.551284
0.548988
0.545615
0.541501
0.53698
0.532335
0.52781
0.523603
0.519823
0.516525
0.513714
0.511371
0.509401
0.507677
0.506083
0.504525
0.503001
0.501637
0.500668
0.500401
0.501138
0.503067
0.506181
0.510245
0.514857
0.519503
0.523681
0.526976
0.529126
0.530019
0.529706
0.528352
0.52617
0.523425
0.520395
0.517378
0.514675
0.512588
0.511396
0.511291
0.512357
0.514512
0.517522
0.521031
0.524631
0.527929
0.530611
0.532473
0.533464
0.533676
0.533295
0.532518
0.531522
0.530393
0.529089
0.527508
0.525496
0.522926
0.519744
0.515997
0.511878
0.507708
0.503911
0.500948
0.499224
0.499024
0.500467
0.503503
0.50796
0.513581
0.520047
0.526979
0.53393
0.540449
0.546191
0.550958
0.554678
0.557371
0.559064
0.559736
0.559343
0.557825
0.555153
0.551386
0.546674
0.541259
0.535468
0.529741
0.524584
0.520495
0.51781
0.516597
0.516594
0.517364
0.518509
0.519783
0.521142
0.522652
0.524412
0.526486
0.528847
0.53139
0.533943
0.53631
0.538303
0.539803
0.540784
0.541327
0.541584
0.54166
0.541537
0.541033
0.53989
0.537864
0.534808
0.530689
0.525595
0.519691
0.513217
0.506478
0.49986
0.493792
0.488645
0.484695
0.482054
0.480673
0.480408
0.481085
0.482552
0.484723
0.487587
0.491134
0.495329
0.500045
0.505048
0.509985
0.514464
0.518136
0.520727
0.522112
0.522302
0.521423
0.519695
0.517372
0.514675
0.511742
0.508618
0.505268
0.501662
0.497833
0.493897
0.490066
0.486598
0.48375
0.481767
0.480855
0.481158
0.482735
0.485503
0.489246
0.493639
0.498308
0.502907
0.507158
0.510859
0.513863
0.516065
0.517378
0.517743
0.517102
0.515409
0.512637
0.50878
0.503883
0.498068
0.491519
0.484491
0.477293
0.470272
0.463797
0.458208
0.453747
0.450542
0.448571
0.447661
0.447487
0.447639
0.44774
0.447625
0.447531
0.448103
0.45019
0.454422
0.460894
0.469099
0.478178
0.487223
0.495517
0.502605
0.508252
0.512343
0.514845
0.515769
0.515153
0.513038
0.50951
0.504706
0.498862
0.492324
0.485545
0.479067
0.473463
0.469263
0.466849
0.466401
0.467858
0.470928
0.475148
0.479902
0.484434
0.487959
0.489806
0.48958
0.487268
0.483253
0.478137
0.472555
0.46699
0.461826
0.457441
0.454218
0.452485
0.452422
0.454043
0.457252
0.46193
0.46799
0.475357
0.483894
0.493304
0.503113
0.512701
0.521351
0.528377
0.533196
0.535396
0.534806
0.531542
0.526007
0.518866
0.510958
0.503162
0.496228
0.490658
0.486686
0.484336
0.483546
0.484274
0.486512
0.490266
0.495472
0.501914
0.509188
0.516703
0.523761
0.529627
0.533634
0.535277
0.534275
0.53065
0.524749
0.517222
0.508981
0.501052
0.494408
0.489806
0.487609
0.487752
0.489783
0.492976
0.496531
0.499742
0.502121
0.503443
0.503728
0.503193
0.502138
0.500876
0.499661
0.498677
0.498009
0.497674
0.497643
0.49789
0.49841
0.499243
0.500452
0.502087
0.504154
0.506584
0.509221
0.51186
0.514294
0.516357
0.517956
0.519091
0.51982
0.520216
0.520324
0.520079
0.519294
0.517666
0.514795
0.510294
0.503886
0.495519
0.485504
0.474641
0.464209
0.45573
0.450453
0.448829
0.450372
0.453994
0.45851
0.463008
0.466945
0.470069
0.472337
0.473845
0.474778
0.475404
0.476067
0.477202
0.479288
0.48279
0.487976
0.494792
0.502768
0.511141
0.51906
0.52583
0.531043
0.534612
0.536696
0.537613
0.53772
0.537314
0.53657
0.535498
0.533937
0.531585
0.528094
0.523284
0.517479
0.51179
0.507939
0.507392
0.510272
0.515148
0.519928
0.522922
0.5233
0.520998
0.516424
0.510194
0.502974
0.495394
0.488005
0.481246
0.475446
0.470852
0.467646
0.465921
0.465679
0.466816
0.469135
0.472346
0.476093
0.479986
0.483638
0.486705
0.488934
0.490172
0.490394
0.489702
0.488263
0.486254
0.483837
0.481171
0.478448
0.475918
0.473856
0.472489
0.471913
0.472056
0.472668
0.473383
0.473796
0.473621
0.472803
0.471586
0.470458
0.469949
0.470413
0.471881
0.474085
0.476651
0.479272
0.481756
0.483988
0.485876
0.487306
0.488155
0.488284
0.487593
0.486031
0.483653
0.480628
0.477264
0.474023
0.471433
0.470012
0.470146
0.471984
0.475428
0.480158
0.485672
0.491392
0.496747
0.501242
0.504518
0.506353
0.506676
0.505559
0.50319
0.499866
0.495931
0.49176
0.487704
0.484068
0.481089
0.478955
0.477848
0.477943
0.479406
0.482314
0.486562
0.491799
0.497444
0.502791
0.50712
0.509838
0.510515
0.508937
0.505112
0.499263
0.491842
0.483503
0.475019
0.467166
0.460613
0.455808
0.452931
0.451895
0.452445
0.45425
0.456993
0.460438
0.464421
0.468822
0.473493
0.478237
0.482797
0.486867
0.490132
0.492356
0.493405
0.493249
0.491981
0.489832
0.487092
0.484098
0.481169
0.478546
0.476343
0.474552
0.473097
0.471882
0.470825
0.469909
0.469195
0.46883
0.46904
0.645292
0.645632
0.646405
0.648158
0.650969
0.654323
0.657371
0.659316
0.659669
0.658328
0.655492
0.651533
0.646884
0.64194
0.637005
0.632279
0.627841
0.623686
0.619738
0.615884
0.61201
0.608073
0.604136
0.600404
0.597202
0.594874
0.593761
0.594141
0.596223
0.600049
0.605403
0.611743
0.618218
0.623819
0.627581
0.628709
0.62672
0.621482
0.613257
0.60271
0.590856
0.578975
0.568444
0.560551
0.556259
0.556038
0.559726
0.566551
0.575282
0.584499
0.59289
0.599469
0.603708
0.605549
0.605364
0.603858
0.601934
0.600472
0.600103
0.601055
0.603157
0.605971
0.608966
0.611639
0.613506
0.614105
0.612974
0.609667
0.603889
0.595682
0.585665
0.575182
0.566089
0.560201
0.558488
0.560757
0.565951
0.57277
0.580149
0.587341
0.593844
0.599297
0.603411
0.605996
0.606997
0.606499
0.604739
0.602043
0.598765
0.59523
0.591702
0.58841
0.585561
0.583339
0.58191
0.581413
0.581941
0.583531
0.58616
0.58975
0.594202
0.599425
0.605278
0.611556
0.617954
0.624113
0.629687
0.634391
0.63806
0.64063
0.642135
0.642656
0.642313
0.641243
0.639643
0.637765
0.635892
0.634302
0.633155
0.632466
0.632067
0.631629
0.630733
0.629009
0.626218
0.6224
0.617914
0.613382
0.609476
0.60669
0.605212
0.604952
0.605661
0.607036
0.608747
0.610395
0.611497
0.611593
0.610361
0.607752
0.604006
0.599647
0.595356
0.591821
0.589588
0.589006
0.590226
0.593264
0.598038
0.604393
0.612102
0.620834
0.630161
0.639574
0.648536
0.656514
0.663032
0.667691
0.670228
0.670565
0.668808
0.66522
0.66018
0.654069
0.647194
0.63974
0.631774
0.623281
0.614228
0.604644
0.594694
0.584741
0.575358
0.567292
0.56133
0.558162
0.558169
0.561279
0.566982
0.574447
0.58267
0.590693
0.597681
0.60304
0.606451
0.607855
0.607499
0.605869
0.603692
0.601776
0.6008
0.60113
0.602738
0.605236
0.608015
0.6104
0.611775
0.611671
0.609831
0.606215
0.601015
0.594633
0.587634
0.580684
0.574449
0.569519
0.566347
0.565194
0.566095
0.568847
0.572996
0.577887
0.582754
0.586817
0.589437
0.590208
0.589015
0.586066
0.58183
0.576963
0.572241
0.568397
0.565986
0.565273
0.566266
0.568811
0.57266
0.577526
0.583078
0.588925
0.594693
0.600077
0.60497
0.609483
0.613941
0.618808
0.624537
0.631411
0.639459
0.648397
0.657661
0.666475
0.674005
0.679536
0.682577
0.682876
0.680444
0.67552
0.668502
0.659957
0.650559
0.641042
0.632121
0.624407
0.618322
0.614042
0.611509
0.610437
0.610386
0.610858
0.611434
0.61183
0.611957
0.611915
0.61187
0.611971
0.612294
0.612816
0.61344
0.614053
0.614547
0.614837
0.614835
0.614415
0.613459
0.611853
0.609554
0.606602
0.603106
0.599216
0.595076
0.590795
0.586502
0.582329
0.578436
0.574987
0.572109
0.569899
0.568445
0.567867
0.568317
0.569913
0.572639
0.576247
0.580285
0.584192
0.587446
0.589684
0.590763
0.590696
0.589627
0.587778
0.585437
0.582917
0.580572
0.578704
0.577564
0.577335
0.578105
0.579898
0.582689
0.586402
0.59089
0.595914
0.601164
0.606279
0.61089
0.614647
0.617313
0.61885
0.619504
0.619825
0.620539
0.622255
0.625154
0.628877
0.632658
0.635718
0.637591
0.638282
0.638193
0.637884
0.637804
0.638104
0.638562
0.638734
0.638129
0.636389
0.633344
0.629041
0.62373
0.617818
0.611855
0.606458
0.602242
0.599705
0.599079
0.600269
0.602875
0.6063
0.609911
0.613178
0.615739
0.617413
0.618173
0.618084
0.617264
0.615891
0.614169
0.612319
0.610578
0.60918
0.608332
0.608167
0.608681
0.609701
0.610908
0.611911
0.612345
0.611947
0.610568
0.608185
0.604937
0.601117
0.597167
0.593551
0.590579
0.588298
0.586479
0.584787
0.582961
0.580946
0.578988
0.577536
0.577136
0.578286
0.581297
0.586188
0.592682
0.600273
0.608315
0.616187
0.623382
0.629582
0.634663
0.638641
0.641584
0.643547
0.644509
0.644364
0.642955
0.640151
0.635894
0.630281
0.6236
0.616333
0.609067
0.602373
0.596689
0.592228
0.588953
0.58665
0.585052
0.583947
0.583304
0.583301
0.58432
0.586767
0.590815
0.596168
0.602085
0.607628
0.611959
0.6145
0.614962
0.61328
0.60952
0.603872
0.596689
0.588579
0.580474
0.573558
0.569074
0.567906
0.570203
0.575305
0.582036
0.58913
0.595678
0.601282
0.606011
0.610231
0.614403
0.618911
0.623934
0.629393
0.634993
0.640295
0.644836
0.64817
0.6499
0.649698
0.647358
0.6429
0.636632
0.629182
0.621352
0.613957
0.60761
0.60262
0.598969
0.596406
0.594589
0.593205
0.59201
0.590869
0.589728
0.588598
0.58753
0.586573
0.585738
0.584988
0.584227
0.583379
0.582467
0.581678
0.581371
0.581983
0.58388
0.587221
0.591919
0.597668
0.604039
0.610554
0.616775
0.622341
0.626997
0.630577
0.632987
0.634215
0.634339
0.633516
0.631947
0.629855
0.627448
0.624921
0.622414
0.620008
0.617747
0.615622
0.613625
0.611775
0.610166
0.609012
0.608589
0.609159
0.610739
0.612997
0.615327
0.617125
0.618058
0.618194
0.617954
0.61792
0.61855
0.619921
0.62165
0.62306
0.623424
0.622201
0.619164
0.614423
0.608328
0.60139
0.594194
0.587353
0.581476
0.577128
0.574797
0.574874
0.577606
0.582999
0.590753
0.600213
0.610439
0.620346
0.62895
0.63547
0.639436
0.640691
0.63939
0.635949
0.630972
0.62513
0.619077
0.613315
0.60812
0.603557
0.599545
0.595963
0.592794
0.590138
0.588163
0.586998
0.586697
0.58731
0.588996
0.592079
0.596883
0.603489
0.611619
0.620701
0.630048
0.638985
0.646912
0.653294
0.657685
0.65974
0.659232
0.656063
0.650231
0.64179
0.630836
0.617561
0.602408
0.586315
0.570898
0.558302
0.550672
0.549355
0.554306
0.564145
0.576724
0.589878
0.601893
0.611637
0.618507
0.622295
0.623099
0.621236
0.617201
0.611626
0.60525
0.598806
0.59297
0.588334
0.585384
0.584496
0.58591
0.589718
0.595855
0.604079
0.614
0.625088
0.636697
0.64814
0.65874
0.667889
0.675126
0.680172
0.682896
0.683298
0.681489
0.677716
0.67236
0.66592
0.658993
0.652189
0.646057
0.640979
0.637113
0.63443
0.632763
0.631895
0.631598
0.631617
0.631658
0.631372
0.630387
0.628392
0.62523
0.620947
0.615845
0.610487
0.605685
0.602402
0.601582
0.6039
0.609509
0.617952
0.628193
0.638892
0.648668
0.656366
0.661162
0.66258
0.660442
0.654821
0.646048
0.634696
0.62158
0.607739
0.594335
0.582495
0.573091
0.566595
0.562977
0.56179
0.562329
0.563801
0.565498
0.56691
0.567791
0.568205
0.568433
0.568908
0.570074
0.572262
0.575634
0.580195
0.585864
0.592496
0.599948
0.608073
0.616693
0.625555
0.634302
0.642508
0.649712
0.655487
0.659514
0.661601
0.6617
0.659926
0.656488
0.651678
0.645798
0.639127
0.631874
0.624168
0.616118
0.607838
0.599443
0.591092
0.582967
0.575264
0.568212
0.562072
0.557139
0.553722
0.552086
0.552397
0.554721
0.559027
0.565194
0.573036
0.582309
0.592706
0.603841
0.615226
0.62627
0.636322
0.644761
0.651021
0.654651
0.65531
0.652799
0.647179
0.63887
0.628741
0.618091
0.608448
0.601174
0.597087
0.596208
0.597813
0.600758
0.603875
0.606285
0.607508
0.607407
0.606059
0.603679
0.600578
0.59722
0.594255
0.592441
0.592484
0.5948
0.599425
0.605971
0.613716
0.621749
0.629129
0.635032
0.638952
0.640802
0.640889
0.63981
0.638269
0.636908
0.636156
0.636211
0.637049
0.638502
0.640335
0.642318
0.6443
0.646178
0.647864
0.649249
0.650191
0.650566
0.650383
0.649784
0.648976
0.648129
0.647263
0.646271
0.644994
0.643359
0.641401
0.639288
0.637251
0.635511
0.634218
0.633441
0.633178
0.63331
0.633597
0.63369
0.633152
0.631612
0.628855
0.624909
0.620066
0.614849
0.609851
0.605575
0.602262
0.599829
0.597965
0.596288
0.594504
0.592469
0.590169
0.587636
0.584884
0.581865
0.578523
0.574861
0.570973
0.567051
0.563398
0.560403
0.558487
0.558001
0.559076
0.561508
0.564769
0.568184
0.571169
0.573424
0.57503
0.576408
0.578182
0.580969
0.585163
0.590802
0.5975
0.604563
0.611168
0.616549
0.620202
0.621921
0.621816
0.620251
0.617755
0.614932
0.612331
0.610378
0.609374
0.609494
0.610806
0.613281
0.616805
0.621152
0.62599
0.630887
0.635394
0.639119
0.641774
0.643254
0.643599
0.642949
0.641509
0.639481
0.637062
0.634391
0.631587
0.628797
0.626273
0.624385
0.623557
0.624117
0.626136
0.629431
0.633617
0.638196
0.642683
0.646679
0.649868
0.651955
0.652699
0.651896
0.649442
0.645409
0.640091
0.633993
0.62778
0.622143
0.617684
0.614789
0.613548
0.61367
0.614504
0.615183
0.614799
0.612612
0.608251
0.601838
0.594009
0.585869
0.578814
0.574321
0.573616
0.577391
0.585643
0.597636
0.612096
0.627504
0.642386
0.655523
0.666046
0.673437
0.677475
0.678209
0.675869
0.67082
0.663528
0.654522
0.64436
0.633641
0.622958
0.612919
0.604129
0.597141
0.592359
0.589977
0.589954
0.592033
0.595779
0.600645
0.60604
0.611349
0.61599
0.61954
0.621784
0.62276
0.622726
0.622035
0.62098
0.619697
0.618189
0.616448
0.614555
0.612691
0.611094
0.609921
0.609198
0.608784
0.608395
0.607748
0.606659
0.605141
0.603393
0.601752
0.600582
0.600122
0.600411
0.601251
0.602242
0.602903
0.602781
0.601547
0.599009
0.595136
0.590073
0.58408
0.5775
0.570678
0.563961
0.557723
0.55241
0.54853
0.546542
0.546769
0.549261
0.553814
0.56004
0.56748
0.575692
0.584261
0.592794
0.600887
0.608146
0.6142
0.618758
0.621668
0.622949
0.622815
0.621647
0.619945
0.618259
0.617094
0.616817
0.617629
0.619537
0.622368
0.62584
0.629623
0.633389
0.636809
0.639535
0.641213
0.64149
0.640055
0.6367
0.63137
0.624189
0.615494
0.605844
0.59599
0.586817
0.579174
0.573697
0.570599
0.569569
0.569903
0.570721
0.530818
0.531215
0.531137
0.530686
0.530215
0.530282
0.531521
0.534486
0.539481
0.546419
0.554816
0.563887
0.572724
0.580484
0.586544
0.59064
0.592851
0.593503
0.593001
0.591678
0.589791
0.587602
0.585449
0.583699
0.582615
0.58224
0.582332
0.582505
0.582404
0.581851
0.580914
0.579873
0.579115
0.579015
0.57982
0.581585
0.584134
0.587143
0.590193
0.592863
0.594816
0.595849
0.595936
0.595243
0.594142
0.593147
0.5928
0.593531
0.595443
0.598239
0.601266
0.603732
0.604902
0.604253
0.601498
0.596607
0.589752
0.581299
0.57177
0.561791
0.552026
0.543156
0.535764
0.530293
0.52702
0.526021
0.52715
0.530075
0.534349
0.539477
0.545014
0.550642
0.55621
0.561679
0.567049
0.572241
0.577045
0.581122
0.584083
0.585622
0.585635
0.584244
0.58179
0.57875
0.575602
0.572682
0.570106
0.567747
0.565321
0.56252
0.55908
0.554851
0.549788
0.543895
0.537216
0.529877
0.522163
0.514519
0.507545
0.501888
0.498141
0.496751
0.497949
0.50176
0.508088
0.516812
0.527791
0.540774
0.555318
0.570759
0.586287
0.60106
0.614294
0.625376
0.633885
0.639604
0.642484
0.642674
0.640507
0.63653
0.631484
0.626218
0.621579
0.618285
0.616755
0.61704
0.618824
0.621513
0.624371
0.626659
0.627772
0.627319
0.625128
0.621245
0.615874
0.60932
0.601948
0.594179
0.586483
0.579346
0.573265
0.568715
0.566093
0.565702
0.567681
0.571987
0.578354
0.586298
0.595154
0.604194
0.612692
0.62003
0.62578
0.629744
0.631965
0.632742
0.632555
0.631942
0.631374
0.631152
0.631354
0.631868
0.632438
0.63273
0.632398
0.631156
0.628808
0.625298
0.620684
0.6151
0.608706
0.601686
0.594261
0.586731
0.579473
0.572897
0.567391
0.563277
0.560741
0.559832
0.56052
0.562714
0.566292
0.571087
0.576897
0.583508
0.590687
0.598169
0.60565
0.612724
0.61892
0.623755
0.626848
0.628014
0.62734
0.625171
0.62205
0.618583
0.615279
0.61243
0.610064
0.60795
0.605658
0.602648
0.598414
0.592592
0.585092
0.576138
0.566226
0.556016
0.546213
0.537465
0.530306
0.525081
0.521926
0.520736
0.521225
0.523032
0.525855
0.529514
0.533905
0.538887
0.54416
0.549226
0.55352
0.556557
0.558059
0.558028
0.556729
0.554621
0.552276
0.55025
0.548966
0.548677
0.549468
0.551289
0.554049
0.557644
0.562005
0.567063
0.572705
0.578733
0.584841
0.590621
0.595672
0.599656
0.602418
0.604017
0.604702
0.604819
0.60468
0.60447
0.604233
0.603958
0.603644
0.603355
0.603216
0.603323
0.603659
0.604052
0.604185
0.603669
0.602134
0.599322
0.595102
0.589482
0.58259
0.574652
0.565997
0.557039
0.548302
0.540463
0.534343
0.530822
0.530615
0.533992
0.540547
0.549258
0.558817
0.568054
0.576215
0.583014
0.588515
0.59298
0.596782
0.600329
0.604017
0.608119
0.61273
0.617712
0.622756
0.627444
0.63136
0.634173
0.635702
0.6359
0.634856
0.63272
0.629682
0.625912
0.621577
0.616857
0.611935
0.607013
0.602239
0.597681
0.593278
0.588815
0.583997
0.578531
0.572327
0.565669
0.559291
0.554279
0.551765
0.552454
0.556252
0.562316
0.569433
0.576501
0.582809
0.588114
0.592483
0.596139
0.599296
0.602049
0.604355
0.60607
0.607042
0.607199
0.606594
0.60544
0.604076
0.602912
0.602359
0.602742
0.604228
0.606773
0.610143
0.613927
0.617586
0.620561
0.622343
0.622555
0.621037
0.617921
0.613628
0.60879
0.604097
0.600075
0.596923
0.594464
0.592218
0.589581
0.585989
0.581052
0.574604
0.566756
0.557859
0.548501
0.539435
0.531519
0.52555
0.52216
0.521662
0.523965
0.528575
0.534703
0.541453
0.548022
0.553894
0.558939
0.563364
0.567526
0.571729
0.576023
0.580256
0.584193
0.587675
0.590704
0.593408
0.595968
0.598574
0.601393
0.604565
0.608163
0.612216
0.616722
0.621621
0.626809
0.632139
0.637394
0.642313
0.646595
0.649913
0.651977
0.65257
0.651593
0.649064
0.645087
0.639866
0.633668
0.626847
0.61987
0.613346
0.607933
0.604215
0.60251
0.602754
0.6045
0.607073
0.609757
0.611957
0.613294
0.613608
0.612933
0.611448
0.609418
0.607113
0.60473
0.602351
0.599876
0.597049
0.593513
0.58892
0.583086
0.576106
0.568379
0.560558
0.553485
0.548079
0.545136
0.545211
0.548449
0.554544
0.562854
0.572554
0.582791
0.59276
0.601719
0.609
0.614082
0.616659
0.616716
0.6145
0.610489
0.605295
0.599579
0.593961
0.588952
0.58491
0.582063
0.580544
0.580445
0.581801
0.584618
0.588779
0.594012
0.5999
0.605858
0.611231
0.615402
0.617871
0.61834
0.616753
0.613281
0.60832
0.602432
0.596242
0.590311
0.585065
0.580771
0.577529
0.575274
0.573867
0.573102
0.572766
0.572677
0.572684
0.572658
0.572494
0.572115
0.571502
0.570712
0.56989
0.569248
0.56904
0.569545
0.571033
0.573718
0.577681
0.582752
0.588508
0.594328
0.599507
0.60339
0.605518
0.605695
0.604013
0.600792
0.596491
0.591598
0.586526
0.581607
0.577109
0.573275
0.57041
0.568863
0.568961
0.570891
0.574593
0.5798
0.586055
0.592841
0.599695
0.606258
0.612322
0.617799
0.622653
0.626843
0.630235
0.632603
0.633639
0.633039
0.630552
0.626022
0.619438
0.610981
0.601078
0.590339
0.579547
0.569544
0.561132
0.55494
0.551353
0.550442
0.551977
0.555506
0.56047
0.566269
0.572361
0.578267
0.583503
0.587535
0.589848
0.590103
0.588291
0.584789
0.580292
0.575585
0.571363
0.568087
0.565956
0.564974
0.565015
0.565901
0.567467
0.569552
0.572004
0.574693
0.577462
0.580138
0.582596
0.584793
0.586818
0.588887
0.591286
0.594281
0.598005
0.602394
0.607225
0.612147
0.616769
0.62071
0.623563
0.624928
0.624501
0.622132
0.617949
0.612402
0.60628
0.600609
0.596487
0.594775
0.595836
0.599358
0.60445
0.609913
0.614555
0.617431
0.617923
0.615753
0.610946
0.603724
0.594453
0.583601
0.571672
0.559175
0.546607
0.534497
0.523472
0.514308
0.507893
0.505031
0.506196
0.511296
0.519642
0.530162
0.541752
0.553557
0.565038
0.575907
0.585934
0.594847
0.602338
0.608152
0.612188
0.61453
0.615415
0.615158
0.614052
0.61231
0.610011
0.607122
0.603529
0.599106
0.593764
0.587523
0.580541
0.573179
0.565948
0.559418
0.554103
0.550325
0.548104
0.547171
0.547055
0.547225
0.547299
0.547175
0.5471
0.547693
0.549764
0.553979
0.560522
0.568899
0.578036
0.586645
0.593603
0.598189
0.600162
0.599694
0.597316
0.593781
0.589934
0.586547
0.584207
0.583209
0.583536
0.58496
0.587133
0.589687
0.592302
0.594739
0.596859
0.598608
0.60001
0.60114
0.602137
0.60321
0.604604
0.606534
0.609096
0.612227
0.615685
0.61908
0.621994
0.624067
0.625103
0.625076
0.624137
0.622519
0.620419
0.617927
0.614983
0.611375
0.606828
0.601136
0.594266
0.586423
0.578045
0.569714
0.562014
0.555416
0.550255
0.54675
0.54507
0.545354
0.54769
0.552025
0.558122
0.565527
0.573652
0.581854
0.589528
0.596169
0.60138
0.604897
0.606554
0.606289
0.604143
0.600228
0.59471
0.587776
0.57966
0.570693
0.56134
0.552238
0.544149
0.537857
0.534073
0.533238
0.535462
0.540469
0.547646
0.556167
0.565161
0.57384
0.581605
0.588084
0.593114
0.596715
0.599037
0.600293
0.600711
0.600464
0.599594
0.598044
0.595713
0.592503
0.58845
0.58375
0.578785
0.574088
0.570223
0.567635
0.566566
0.566991
0.568619
0.570972
0.573482
0.575636
0.57705
0.577549
0.577134
0.575983
0.574382
0.572607
0.570829
0.569016
0.566971
0.564453
0.561343
0.557765
0.554113
0.550936
0.548744
0.547819
0.54816
0.549508
0.55148
0.553696
0.555892
0.557967
0.55996
0.561986
0.564172
0.566656
0.569581
0.573132
0.577512
0.582892
0.589336
0.59671
0.604635
0.61254
0.61978
0.625728
0.62992
0.632068
0.632076
0.63001
0.626089
0.620675
0.614235
0.607299
0.600378
0.593872
0.588016
0.58283
0.578186
0.573876
0.569691
0.565527
0.561461
0.55775
0.554817
0.553127
0.553014
0.554556
0.557502
0.561317
0.565314
0.568805
0.57124
0.572312
0.572
0.570572
0.568495
0.566305
0.564498
0.563423
0.563248
0.564005
0.565647
0.5681
0.571256
0.575
0.579189
0.583666
0.588273
0.592824
0.597118
0.600971
0.604295
0.607106
0.609519
0.611636
0.613476
0.614901
0.615669
0.615502
0.614141
0.61141
0.607268
0.601842
0.595456
0.588643
0.582102
0.576597
0.572765
0.570986
0.571285
0.573379
0.576808
0.581171
0.586293
0.592278
0.599367
0.607684
0.617023
0.62677
0.636071
0.644068
0.650131
0.653954
0.655521
0.655059
0.652908
0.649483
0.645188
0.64035
0.635222
0.629962
0.624638
0.619249
0.61375
0.608115
0.602382
0.596717
0.59144
0.58703
0.584001
0.582735
0.583292
0.585305
0.588035
0.590534
0.591883
0.591412
0.588827
0.584256
0.578248
0.571676
0.565577
0.560981
0.558714
0.559301
0.562963
0.569663
0.579195
0.591158
0.604895
0.619404
0.633411
0.645566
0.654653
0.659838
0.660749
0.657538
0.650785
0.641403
0.630493
0.619178
0.608487
0.599251
0.592068
0.587294
0.585097
0.585429
0.588047
0.592514
0.598276
0.604797
0.611659
0.618608
0.625503
0.63218
0.638366
0.643673
0.647658
0.649908
0.650176
0.648376
0.644622
0.639215
0.63258
0.62519
0.617523
0.610039
0.603092
0.596922
0.591631
0.587176
0.583415
0.580185
0.577386
0.57497
0.572902
0.571099
0.569354
0.567392
0.564933
0.561779
0.557915
0.553515
0.548933
0.54469
0.541349
0.539439
0.539378
0.541407
0.545583
0.551786
0.559722
0.568983
0.579081
0.589527
0.599897
0.609844
0.619098
0.627453
0.634742
0.6408
0.64546
0.648559
0.649954
0.649547
0.647279
0.643142
0.637209
0.629629
0.620617
0.61047
0.59958
0.588383
0.577361
0.566985
0.557683
0.549811
0.543654
0.539409
0.537157
0.536858
0.538334
0.541284
0.545282
0.549799
0.554292
0.558277
0.544498
0.546859
0.548512
0.549622
0.550425
0.551139
0.551955
0.553014
0.554438
0.556332
0.55876
0.561746
0.565247
0.569126
0.573159
0.57704
0.580418
0.582918
0.584198
0.584024
0.582334
0.579262
0.575172
0.57063
0.566328
0.563022
0.561443
0.5622
0.565664
0.571829
0.580254
0.590088
0.600193
0.609396
0.616715
0.621513
0.623542
0.622917
0.620018
0.615419
0.609764
0.603705
0.597802
0.592458
0.587884
0.584108
0.581036
0.578563
0.576642
0.575308
0.574602
0.574461
0.574661
0.574814
0.57445
0.573188
0.570849
0.567534
0.563609
0.55957
0.555876
0.552823
0.550534
0.549052
0.548451
0.548838
0.550314
0.552845
0.556193
0.5599
0.563381
0.566061
0.567528
0.567633
0.566512
0.564583
0.562418
0.560623
0.559737
0.560128
0.561982
0.565284
0.56985
0.575309
0.581184
0.586979
0.59224
0.596583
0.599688
0.60134
0.601407
0.59991
0.597057
0.593246
0.589048
0.585087
0.581945
0.580057
0.579647
0.580674
0.582911
0.585969
0.589341
0.592488
0.594923
0.596295
0.596458
0.595511
0.593765
0.591618
0.589427
0.587344
0.585326
0.583197
0.580805
0.578126
0.575292
0.572587
0.570384
0.569068
0.568965
0.570251
0.572916
0.57673
0.581332
0.586301
0.591255
0.595933
0.600231
0.604183
0.607927
0.611621
0.615405
0.619336
0.623366
0.627358
0.631101
0.634375
0.636958
0.63864
0.639206
0.638436
0.636167
0.632312
0.626889
0.620014
0.611881
0.60276
0.593018
0.583181
0.573922
0.565986
0.560015
0.556382
0.555083
0.555738
0.557713
0.560324
0.562969
0.565212
0.566786
0.567589
0.567677
0.567287
0.566802
0.566675
0.567347
0.569127
0.572093
0.576015
0.580379
0.584492
0.587645
0.589275
0.589073
0.587008
0.583268
0.578231
0.572385
0.566268
0.560448
0.555397
0.551447
0.548731
0.54723
0.546855
0.547579
0.54952
0.552914
0.557948
0.564612
0.572633
0.581521
0.590655
0.599376
0.607066
0.613219
0.617459
0.619616
0.619816
0.618419
0.615968
0.613062
0.610212
0.607803
0.606116
0.605326
0.605554
0.606809
0.608966
0.611753
0.614763
0.617541
0.619644
0.620753
0.620665
0.619311
0.61673
0.613029
0.608385
0.603087
0.597488
0.592033
0.587242
0.583626
0.581632
0.581533
0.583377
0.58693
0.591759
0.59729
0.602903
0.608031
0.612216
0.615153
0.616688
0.616806
0.61561
0.613255
0.609909
0.605767
0.601047
0.595954
0.590661
0.585325
0.58013
0.575327
0.571325
0.568612
0.567643
0.568642
0.571538
0.575948
0.581284
0.586909
0.592232
0.596755
0.600086
0.601943
0.602131
0.600532
0.597128
0.591994
0.585332
0.577453
0.568767
0.559721
0.550786
0.542376
0.534837
0.528459
0.523479
0.520091
0.518457
0.518698
0.520905
0.525094
0.531107
0.538585
0.546986
0.555672
0.564007
0.571435
0.577534
0.581998
0.58464
0.585451
0.584595
0.582424
0.579453
0.576306
0.573615
0.571939
0.571702
0.573121
0.576176
0.580571
0.585757
0.591009
0.595526
0.598583
0.599719
0.598886
0.596545
0.593549
0.590803
0.588761
0.587207
0.585391
0.582466
0.57789
0.571694
0.564524
0.557467
0.551808
0.548676
0.548723
0.552004
0.558027
0.565945
0.57482
0.583821
0.592274
0.599699
0.605747
0.610149
0.612756
0.613572
0.612794
0.610774
0.607934
0.604695
0.601374
0.598177
0.595225
0.592642
0.590564
0.589143
0.58853
0.588814
0.590028
0.59211
0.594905
0.598148
0.60148
0.604496
0.606769
0.607934
0.607718
0.606003
0.602852
0.59851
0.593418
0.588186
0.583604
0.580592
0.580062
0.58262
0.588278
0.59628
0.605297
0.613842
0.62064
0.624834
0.626066
0.624405
0.620351
0.614759
0.608689
0.603113
0.598646
0.595461
0.593418
0.592308
0.591968
0.592309
0.593254
0.594678
0.596386
0.598095
0.599461
0.600101
0.599632
0.59776
0.594382
0.589645
0.583989
0.578099
0.572776
0.568735
0.566419
0.565927
0.567036
0.569309
0.572248
0.575449
0.578622
0.58158
0.584211
0.586437
0.58821
0.589511
0.590336
0.590696
0.590595
0.590002
0.588871
0.587118
0.584619
0.581203
0.576687
0.570918
0.563853
0.555723
0.547111
0.538959
0.532436
0.528628
0.528203
0.531129
0.536666
0.543571
0.55041
0.555869
0.558887
0.558746
0.555127
0.548143
0.53842
0.527179
0.51617
0.507363
0.502437
0.502226
0.506528
0.514322
0.524252
0.535055
0.545799
0.555913
0.565114
0.573322
0.580531
0.586753
0.591945
0.595978
0.598701
0.599995
0.599841
0.598349
0.595731
0.592296
0.588403
0.584419
0.580692
0.577483
0.574904
0.572863
0.571062
0.56908
0.566523
0.56314
0.55895
0.554208
0.549365
0.544942
0.541414
0.539108
0.538196
0.538714
0.540589
0.543735
0.548035
0.553293
0.55919
0.565294
0.571147
0.576369
0.580713
0.584113
0.586612
0.588285
0.589168
0.589269
0.588556
0.586986
0.584515
0.581103
0.576722
0.571351
0.564961
0.557536
0.54912
0.53986
0.530053
0.520162
0.510807
0.502676
0.496439
0.492575
0.491327
0.492629
0.496157
0.50142
0.507869
0.514972
0.522244
0.529285
0.535795
0.541566
0.546496
0.550568
0.553813
0.556288
0.558059
0.559223
0.559941
0.560445
0.561059
0.562174
0.564204
0.567425
0.57182
0.576981
0.582184
0.586625
0.589687
0.591084
0.590858
0.58929
0.586775
0.583703
0.580384
0.577028
0.573786
0.570743
0.567937
0.565367
0.562996
0.560735
0.558474
0.556089
0.553472
0.550544
0.547276
0.5437
0.539945
0.536268
0.533023
0.530647
0.529585
0.530176
0.532573
0.536668
0.542137
0.548515
0.555328
0.562214
0.568996
0.575666
0.582323
0.589029
0.595731
0.602207
0.608102
0.613022
0.616693
0.619028
0.620085
0.61994
0.618596
0.615952
0.611895
0.606383
0.599535
0.591651
0.583206
0.574791
0.567056
0.560595
0.555881
0.553167
0.552432
0.553384
0.555572
0.558533
0.561904
0.565442
0.568905
0.57193
0.573932
0.574192
0.572058
0.567166
0.559612
0.550038
0.539554
0.52956
0.521537
0.51681
0.516343
0.520546
0.529147
0.541195
0.555219
0.569536
0.582584
0.593096
0.600184
0.603335
0.602368
0.597547
0.589715
0.580365
0.571409
0.564633
0.561035
0.560519
0.562157
0.564814
0.567659
0.570335
0.572834
0.575278
0.577797
0.580525
0.583571
0.587037
0.590982
0.595368
0.60005
0.604783
0.609246
0.613127
0.616175
0.6183
0.619584
0.620284
0.620783
0.621471
0.622624
0.624318
0.626348
0.628303
0.629626
0.629727
0.628136
0.624581
0.619082
0.612011
0.604085
0.59625
0.589474
0.58454
0.581844
0.581355
0.582663
0.58514
0.588077
0.590836
0.592962
0.594199
0.59443
0.59363
0.591802
0.588999
0.585422
0.581476
0.577743
0.574868
0.573399
0.573648
0.575646
0.579179
0.583806
0.58898
0.594131
0.598774
0.602626
0.605625
0.607898
0.609642
0.611032
0.612181
0.613159
0.614059
0.61506
0.616428
0.618418
0.62113
0.624428
0.627909
0.631004
0.633115
0.633767
0.632747
0.630181
0.626582
0.622875
0.620272
0.619887
0.622266
0.627102
0.633372
0.639762
0.645155
0.648829
0.650476
0.650121
0.648034
0.644686
0.640666
0.636602
0.633041
0.630335
0.628644
0.627919
0.627967
0.628537
0.629374
0.630237
0.630925
0.631293
0.63125
0.630745
0.629746
0.628222
0.626144
0.623474
0.620176
0.616243
0.611734
0.606808
0.601683
0.596597
0.591765
0.587316
0.583276
0.579592
0.576217
0.573161
0.570515
0.568479
0.567304
0.567247
0.568534
0.571278
0.575433
0.58077
0.586859
0.593167
0.599167
0.604452
0.608821
0.612293
0.615046
0.617284
0.619125
0.620601
0.621666
0.622255
0.622324
0.621836
0.620758
0.619083
0.616878
0.614262
0.611367
0.608304
0.605175
0.602062
0.599073
0.596323
0.593971
0.592205
0.591238
0.591302
0.592595
0.595268
0.599381
0.604852
0.61142
0.618648
0.625953
0.632728
0.638405
0.642544
0.644905
0.645427
0.644222
0.641489
0.637468
0.63241
0.626568
0.620223
0.613702
0.607361
0.601539
0.59656
0.592702
0.590172
0.589121
0.589599
0.591536
0.594757
0.598994
0.603944
0.609285
0.614664
0.61966
0.623776
0.62648
0.627276
0.625813
0.621981
0.61597
0.608261
0.599556
0.590655
0.582308
0.575198
0.569904
0.566797
0.565951
0.567057
0.569495
0.572491
0.575308
0.577407
0.578532
0.578704
0.578099
0.576891
0.575125
0.572745
0.569681
0.566005
0.561997
0.558082
0.554662
0.551957
0.54989
0.54816
0.546348
0.54407
0.541096
0.537428
0.533321
0.52925
0.525836
0.523711
0.523427
0.525372
0.529723
0.536415
0.545127
0.555336
0.566346
0.577355
0.587543
0.596164
0.602607
0.606462
0.607538
0.605861
0.601641
0.595246
0.587165
0.577962
0.568215
0.558507
0.549347
0.541177
0.534335
0.528994
0.525137
0.522529
0.520773
0.519451
0.518311
0.517408
0.51714
0.518089
0.520702
0.524985
0.530397
0.536046
0.541072
0.544889
0.54728
0.548365
0.548478
0.547996
0.547211
0.546278
0.545274
0.544252
0.543306
0.542598
0.542309
0.542619
0.543655
0.545489
0.548156
0.551641
0.555892
0.560811
0.566239
0.571917
0.577517
0.582655
0.586948
0.590084
0.591862
0.592286
0.591606
0.590339
0.589194
0.588866
0.589816
0.592108
0.595424
0.599184
0.602718
0.605422
0.606817
0.606551
0.604396
0.600244
0.594157
0.586447
0.577772
0.569118
0.561605
0.556153
0.553192
0.552596
0.553849
0.556328
0.559481
0.562917
0.566355
0.569615
0.572559
0.575093
0.577173
0.578853
0.580253
0.581544
0.582902
0.584491
0.586417
0.588694
0.591227
0.593815
0.596154
0.597899
0.598721
0.598352
0.596644
0.593618
0.589451
0.584483
0.57915
0.573895
0.569054
0.564785
0.561083
0.557824
0.554867
0.552148
0.549712
0.54772
0.546416
0.54604
0.546758
0.548597
0.551406
0.554892
0.558644
0.562215
0.565229
0.567443
0.568817
0.569487
0.569725
0.569854
0.570109
0.570613
0.571398
0.572424
0.573663
0.575142
0.576943
0.579153
0.581783
0.584734
0.58776
0.590499
0.592575
0.511137
0.512164
0.513001
0.513859
0.515076
0.517059
0.52021
0.524802
0.530862
0.538095
0.545877
0.553337
0.559513
0.563568
0.564968
0.563701
0.560401
0.556282
0.552727
0.550635
0.550022
0.550235
0.550505
0.550405
0.549929
0.549364
0.549082
0.54947
0.550871
0.553571
0.557706
0.563175
0.569617
0.576474
0.583088
0.58884
0.593212
0.595809
0.596389
0.594863
0.591373
0.586393
0.580731
0.575403
0.571309
0.568877
0.567929
0.567849
0.567955
0.567738
0.566953
0.565507
0.563446
0.560872
0.557912
0.554694
0.551332
0.547893
0.544358
0.540674
0.536783
0.532717
0.528637
0.524894
0.521998
0.520535
0.52102
0.52376
0.528739
0.535606
0.543763
0.552541
0.561311
0.569592
0.577076
0.583593
0.58905
0.59338
0.596545
0.598551
0.599467
0.599443
0.598687
0.597448
0.595942
0.594288
0.592478
0.590382
0.587812
0.584583
0.580553
0.575679
0.570052
0.563893
0.557598
0.551693
0.546766
0.543302
0.541568
0.541571
0.543104
0.545848
0.549454
0.553559
0.557741
0.561526
0.564397
0.565871
0.565578
0.563297
0.558989
0.552799
0.54502
0.536116
0.526713
0.517558
0.50949
0.503303
0.499623
0.498797
0.500814
0.505346
0.511827
0.519548
0.527763
0.535772
0.542976
0.548926
0.553324
0.556049
0.557137
0.556802
0.555382
0.553265
0.550805
0.548226
0.545604
0.5429
0.540043
0.536986
0.53375
0.530421
0.527117
0.523976
0.52114
0.518753
0.516965
0.515936
0.515798
0.516626
0.518425
0.521129
0.524606
0.528661
0.533068
0.537508
0.541658
0.545205
0.547906
0.549561
0.550043
0.549283
0.547291
0.544176
0.540189
0.535724
0.531312
0.527511
0.524743
0.523126
0.522428
0.522191
0.521925
0.5213
0.520213
0.518763
0.517179
0.515709
0.514561
0.513867
0.513684
0.514023
0.514866
0.51617
0.517813
0.519573
0.521142
0.522155
0.52226
0.521202
0.518859
0.515266
0.510628
0.505299
0.499722
0.494372
0.489679
0.485993
0.483542
0.482451
0.482727
0.48428
0.486965
0.490584
0.494932
0.499809
0.505016
0.51036
0.515672
0.520805
0.525638
0.530028
0.533795
0.536728
0.538599
0.539201
0.538392
0.536164
0.532686
0.528306
0.523525
0.518924
0.51504
0.512276
0.510807
0.510602
0.511447
0.513062
0.515167
0.517505
0.519896
0.522201
0.524295
0.52604
0.527267
0.527808
0.527527
0.526378
0.524483
0.522139
0.519828
0.518131
0.517613
0.51863
0.521177
0.524868
0.52904
0.53301
0.536289
0.538696
0.54035
0.541502
0.542386
0.543152
0.543858
0.544507
0.545111
0.545688
0.546231
0.546718
0.547103
0.547355
0.547444
0.547367
0.547124
0.546724
0.546177
0.545512
0.544842
0.544394
0.544445
0.54531
0.547257
0.550431
0.554842
0.560318
0.566571
0.573198
0.57972
0.585611
0.590363
0.593585
0.595044
0.594651
0.592479
0.588706
0.583561
0.577314
0.570226
0.562513
0.554389
0.546063
0.537763
0.529764
0.522391
0.515984
0.510857
0.507234
0.50517
0.504512
0.504884
0.505761
0.506542
0.506669
0.505723
0.503499
0.500014
0.495526
0.490497
0.485538
0.481327
0.478474
0.47738
0.478157
0.480585
0.48422
0.488536
0.493064
0.497451
0.501485
0.505086
0.508278
0.511164
0.513906
0.5167
0.519747
0.523221
0.527221
0.531777
0.536805
0.542106
0.547381
0.552258
0.556328
0.559196
0.560539
0.560159
0.558005
0.554197
0.549044
0.543036
0.536797
0.53102
0.526362
0.523302
0.522038
0.522416
0.523966
0.526041
0.527992
0.529316
0.529743
0.529221
0.527882
0.525977
0.52382
0.521699
0.519839
0.518356
0.51727
0.516518
0.515959
0.515353
0.514386
0.512717
0.510074
0.506332
0.501556
0.496032
0.490231
0.484799
0.48041
0.477639
0.476845
0.478111
0.481331
0.486258
0.492558
0.499761
0.507256
0.514312
0.520207
0.524341
0.526405
0.526444
0.524882
0.522454
0.520079
0.518662
0.518887
0.521108
0.525284
0.531065
0.537896
0.5451
0.551943
0.557739
0.561954
0.564279
0.564649
0.563208
0.560212
0.555949
0.550671
0.544641
0.538169
0.531714
0.525934
0.521594
0.51939
0.519696
0.522403
0.526946
0.532427
0.537802
0.542119
0.544673
0.545116
0.54346
0.540008
0.535226
0.529588
0.523493
0.51722
0.510893
0.504541
0.498156
0.491763
0.48552
0.479779
0.475095
0.472179
0.471717
0.474155
0.479433
0.486945
0.495647
0.504341
0.511953
0.517705
0.521164
0.522233
0.521069
0.518042
0.513628
0.508336
0.502614
0.496774
0.491019
0.485512
0.480467
0.476172
0.472951
0.471076
0.470641
0.471497
0.473283
0.475543
0.477825
0.479849
0.481607
0.483442
0.486012
0.490073
0.496174
0.504405
0.514302
0.525019
0.53558
0.545145
0.553119
0.559193
0.563297
0.565575
0.566305
0.565794
0.564351
0.562259
0.55974
0.556992
0.55423
0.5517
0.549642
0.548228
0.547487
0.547285
0.547392
0.547544
0.547554
0.547339
0.546937
0.546464
0.54604
0.545748
0.545638
0.545717
0.545961
0.546322
0.546707
0.546967
0.546919
0.546373
0.545202
0.543336
0.540774
0.537594
0.533965
0.530139
0.526473
0.523364
0.52118
0.52013
0.520193
0.521124
0.522507
0.523894
0.524926
0.525366
0.5251
0.524055
0.522194
0.519548
0.516282
0.512722
0.509289
0.506366
0.504176
0.502751
0.502019
0.501887
0.502272
0.503062
0.504064
0.504991
0.505577
0.505671
0.505309
0.504704
0.504163
0.503965
0.504278
0.50511
0.506348
0.50784
0.509464
0.511165
0.512926
0.514685
0.516284
0.517547
0.518488
0.519502
0.521311
0.524596
0.529554
0.535689
0.542071
0.547771
0.552147
0.55488
0.555918
0.555358
0.553437
0.550539
0.547154
0.543844
0.541132
0.539427
0.538954
0.53974
0.541616
0.544262
0.547248
0.550122
0.552496
0.554086
0.554729
0.554419
0.553288
0.551564
0.549561
0.547624
0.546086
0.545249
0.545331
0.546436
0.548523
0.551393
0.554701
0.557968
0.560663
0.56226
0.562319
0.560557
0.55686
0.551284
0.544036
0.53546
0.52606
0.516503
0.507604
0.500263
0.495336
0.493462
0.494843
0.499142
0.505608
0.513266
0.521187
0.528609
0.53502
0.54008
0.543609
0.545534
0.545886
0.544797
0.542456
0.539102
0.535016
0.530481
0.525794
0.521263
0.517198
0.513881
0.511493
0.510096
0.509597
0.509764
0.510322
0.511022
0.511698
0.51227
0.512709
0.512999
0.513111
0.512968
0.512492
0.511602
0.510282
0.508621
0.506836
0.505262
0.504278
0.504207
0.505236
0.507345
0.510338
0.513925
0.517786
0.521626
0.525206
0.528342
0.530881
0.532699
0.533711
0.533886
0.533276
0.532013
0.530329
0.528529
0.526943
0.525866
0.525507
0.525931
0.527058
0.528659
0.530413
0.531979
0.533093
0.533621
0.533582
0.533088
0.532236
0.531048
0.529444
0.527283
0.524439
0.520882
0.516701
0.512107
0.507389
0.502854
0.4988
0.495489
0.49315
0.49193
0.49194
0.493224
0.495739
0.499322
0.503713
0.508575
0.513566
0.518412
0.522935
0.52705
0.530709
0.533853
0.536342
0.537953
0.538418
0.537497
0.535042
0.531056
0.525742
0.519485
0.512819
0.506351
0.500688
0.496329
0.493583
0.492501
0.492834
0.49411
0.495727
0.49711
0.497849
0.497854
0.497414
0.497122
0.497725
0.499896
0.504017
0.510084
0.517726
0.526365
0.53537
0.544166
0.552308
0.559472
0.565457
0.570154
0.573508
0.575502
0.576108
0.575308
0.573048
0.569298
0.564088
0.557533
0.549888
0.54153
0.532949
0.524705
0.517325
0.511217
0.506652
0.503729
0.502464
0.502779
0.504417
0.506882
0.509483
0.511521
0.512533
0.51249
0.511763
0.510948
0.510604
0.511053
0.512285
0.514015
0.515812
0.517299
0.51827
0.518732
0.518876
0.518958
0.519212
0.519742
0.520488
0.521259
0.521794
0.521875
0.52142
0.52052
0.519431
0.518501
0.518127
0.518711
0.520665
0.52444
0.530446
0.538832
0.549205
0.560525
0.571367
0.580365
0.586534
0.589335
0.588622
0.584518
0.577339
0.567552
0.555796
0.542889
0.529831
0.517742
0.507681
0.500448
0.496426
0.495549
0.497364
0.501204
0.506376
0.512229
0.518243
0.524012
0.529224
0.533638
0.537092
0.539506
0.540926
0.541538
0.541662
0.541664
0.541838
0.54231
0.542958
0.543452
0.543369
0.542293
0.539924
0.536157
0.531129
0.52519
0.518869
0.512796
0.507544
0.503471
0.500651
0.498886
0.497792
0.496954
0.49605
0.494944
0.493736
0.492729
0.49237
0.493167
0.495538
0.49963
0.505218
0.511709
0.518302
0.524255
0.529104
0.532714
0.53522
0.536872
0.537897
0.538388
0.538332
0.53771
0.536636
0.535484
0.534886
0.535601
0.538243
0.543059
0.549794
0.557741
0.565926
0.573381
0.579314
0.583219
0.584904
0.584493
0.582357
0.579019
0.575094
0.571186
0.567806
0.565278
0.563698
0.562938
0.56269
0.562552
0.562114
0.561019
0.559025
0.556054
0.552158
0.547532
0.542539
0.53767
0.533499
0.530583
0.529302
0.529705
0.531457
0.533936
0.536429
0.538354
0.539371
0.539411
0.538636
0.537352
0.535924
0.534667
0.533807
0.533441
0.533544
0.533971
0.534519
0.534933
0.534952
0.534338
0.532873
0.530393
0.526832
0.522281
0.517026
0.511559
0.506509
0.502533
0.500171
0.49975
0.501324
0.504702
0.509489
0.515191
0.521286
0.527286
0.5328
0.537522
0.541253
0.543863
0.545263
0.545399
0.544243
0.541801
0.538142
0.533435
0.527976
0.522231
0.516818
0.512384
0.509498
0.508479
0.509261
0.511392
0.514158
0.516819
0.518806
0.51986
0.520029
0.519632
0.519103
0.518879
0.519305
0.52058
0.522734
0.525662
0.529125
0.532785
0.536215
0.53893
0.540418
0.540204
0.537931
0.533422
0.526769
0.518409
0.509114
0.499939
0.492067
0.486539
0.484013
0.484619
0.488004
0.493546
0.500535
0.508357
0.516534
0.524705
0.532591
0.53996
0.546619
0.552434
0.557334
0.561319
0.564438
0.566767
0.568396
0.569415
0.56991
0.569943
0.569563
0.568784
0.567581
0.565901
0.563683
0.56086
0.55741
0.553359
0.548788
0.543814
0.538563
0.533157
