1.2
1.20001
1.20002
1.20003
1.20005
1.20007
1.2001
1.20013
1.20017
1.20021
1.20025
1.2003
1.20035
1.20041
1.20047
1.20054
1.20061
1.20068
1.20076
1.20085
1.20094
1.20103
1.20113
1.20123
1.20134
1.20146
1.20158
1.20171
1.20184
1.20198
1.20212
1.20227
1.20243
1.20259
1.20276
1.20293
1.20311
1.2033
1.2035
1.2037
1.20391
1.20413
1.20435
1.20458
1.20483
1.20508
1.20534
1.20561
1.20589
1.20617
1.20647
1.20678
1.20711
1.20744
1.20778
1.20814
1.20851
1.2089
1.2093
1.20971
1.21014
1.21059
1.21105
1.21153
1.21203
1.21255
1.2131
1.21366
1.21424
1.21485
1.21549
1.21615
1.21684
1.21756
1.21832
1.2191
1.21992
1.22078
1.22168
1.22262
1.2236
1.22463
1.22571
1.22684
1.22802
1.22926
1.23057
1.23194
1.23337
1.23487
1.23645
1.2381
1.23982
1.24163
1.24351
1.24546
1.24748
1.24956
1.2517
1.25386
1.25604
1.25819
1.26026
1.26221
1.26395
1.26538
1.2664
1.26687
1.26666
1.26568
1.26387
1.26129
1.25815
1.25485
1.25196
1.25007
1.24968
1.25102
1.25401
1.25828
1.26329
1.26842
1.2731
1.2769
1.2796
1.28125
1.2822
1.28305
1.28449
1.28708
1.29107
1.29624
1.30205
1.30779
1.31284
1.31677
1.31935
1.32058
1.32062
1.31974
1.31825
1.31648
1.31469
1.31304
1.31158
1.31029
1.30909
1.30793
1.30672
1.30541
1.30392
1.30233
1.30084
1.29985
1.2998
1.30108
1.30383
1.30795
1.31312
1.3189
1.32485
1.33052
1.33555
1.33968
1.34274
1.34466
1.34552
1.34546
1.34472
1.34358
1.34235
1.34133
1.34078
1.34088
1.34168
1.34315
1.34515
1.34749
1.34996
1.35236
1.35452
1.35634
1.35778
1.35885
1.35964
1.36022
1.36071
1.36115
1.36158
1.36201
1.36241
1.36278
1.36313
1.36347
1.36385
1.3643
1.36483
1.36543
1.36608
1.36674
1.36738
1.36799
1.36858
1.36918
1.36983
1.37058
1.37146
1.3725
1.37372
1.3751
1.3766
1.37819
1.3798
1.38137
1.38283
1.3841
1.38514
1.38588
1.38628
1.38631
1.38595
1.38523
1.38419
1.38293
1.38158
1.38026
1.3791
1.37815
1.37738
1.37668
1.37587
1.37475
1.37316
1.37102
1.3684
1.3655
1.36273
1.36063
1.35978
1.36063
1.36331
1.36759
1.37293
1.37861
1.38389
1.38815
1.3909
1.39176
1.39056
1.38735
1.38255
1.37712
1.37244
1.36991
1.37041
1.37381
1.37913
1.38505
1.3904
1.39429
1.3962
1.39581
1.39302
1.38788
1.38064
1.37187
1.36248
1.35369
1.34688
1.34324
1.34343
1.34733
1.35409
1.36248
1.37119
1.37921
1.38594
1.39113
1.39481
1.39721
1.39861
1.39933
1.39962
1.39971
1.39976
1.39984
1.39999
1.40022
1.40051
1.40083
1.40118
1.40155
1.40191
1.40229
1.40267
1.40307
1.40345
1.40381
1.4041
1.40427
1.40424
1.40388
1.40306
1.40161
1.39937
1.39618
1.39202
1.38699
1.38151
1.37626
1.37206
1.3696
1.36917
1.37046
1.37284
1.37556
1.37806
1.38002
1.38135
1.38212
1.38248
1.38261
1.38267
1.38279
1.38304
1.38342
1.38388
1.38436
1.38474
1.38495
1.38496
1.38477
1.38446
1.38414
1.3839
1.38385
1.38402
1.38438
1.38484
1.3853
1.38565
1.38581
1.38574
1.38544
1.38495
1.38434
1.38371
1.38312
1.38264
1.38231
1.38216
1.38215
1.38227
1.38248
1.38275
1.38305
1.38338
1.38374
1.38413
1.38457
1.38504
1.38555
1.38606
1.38653
1.3869
1.38707
1.38695
1.38642
1.38534
1.38357
1.38096
1.37741
1.37284
1.36734
1.36115
1.35477
1.34894
1.34455
1.34242
1.34306
1.34647
1.35215
1.35926
1.36689
1.37428
1.38088
1.38641
1.39072
1.39381
1.39571
1.39644
1.39605
1.39455
1.392
1.38852
1.38432
1.37976
1.37528
1.37132
1.36822
1.36609
1.36481
1.36417
1.36395
1.364
1.3643
1.36489
1.3658
1.36699
1.3684
1.3699
1.37138
1.37275
1.37397
1.37503
1.37597
1.37681
1.37759
1.37832
1.37902
1.37969
1.38033
1.38092
1.38146
1.38195
1.38238
1.38275
1.38306
1.38333
1.38356
1.38374
1.3839
1.38403
1.38414
1.38422
1.38428
1.3843
1.38428
1.38421
1.38408
1.38386
1.38355
1.38312
1.38256
1.38185
1.38098
1.37995
1.37878
1.3775
1.37616
1.37483
1.3736
1.37256
1.37177
1.37125
1.37101
1.37097
1.37105
1.37115
1.37117
1.37104
1.37071
1.3702
1.36954
1.36881
1.36811
1.36755
1.36723
1.36723
1.36759
1.3683
1.36933
1.37058
1.37194
1.37327
1.37446
1.37544
1.37614
1.37656
1.37672
1.37669
1.37653
1.3763
1.37601
1.37567
1.37523
1.37464
1.37383
1.37278
1.37149
1.37004
1.36852
1.36705
1.36577
1.36479
1.36417
1.36393
1.36402
1.36433
1.36474
1.36512
1.36539
1.36553
1.36561
1.36576
1.36614
1.36685
1.36791
1.36924
1.37072
1.3722
1.37354
1.37465
1.37545
1.37589
1.37595
1.37563
1.37498
1.37412
1.37316
1.37229
1.37162
1.37127
1.37128
1.37168
1.37248
1.37373
1.37548
1.37775
1.3805
1.3836
1.38684
1.39001
1.39291
1.39536
1.39726
1.39854
1.39917
1.39912
1.39842
1.3971
1.39525
1.393
1.39052
1.38799
1.38562
1.38356
1.38191
1.38074
1.38006
1.37985
1.38004
1.38051
1.38104
1.3814
1.38132
1.38061
1.37918
1.37708
1.37452
1.37182
1.36936
1.36748
1.36639
1.36611
1.3665
1.36728
1.36816
1.3689
1.36939
1.36964
1.3698
1.37007
1.37064
1.3716
1.37294
1.37453
1.37621
1.37791
1.37965
1.3815
1.38354
1.3858
1.38818
1.39052
1.39265
1.39439
1.39564
1.39634
1.39648
1.39607
1.39512
1.39368
1.39175
1.38938
1.38661
1.38351
1.3802
1.37688
1.37378
1.37119
1.36937
1.36851
1.36869
1.36982
1.37169
1.37404
1.37661
1.37918
1.38161
1.3838
1.38571
1.38734
1.3887
1.38981
1.3907
1.39138
1.39187
1.39218
1.39231
1.39228
1.39207
1.39173
1.39129
1.39081
1.3904
1.39016
1.39023
1.39069
1.39162
1.39301
1.39476
1.39673
1.39872
1.40049
1.40179
1.40238
1.40199
1.40037
1.39733
1.39278
1.38685
1.37994
1.37274
1.36611
1.36091
1.35798
1.35801
1.36132
1.36747
1.37523
1.38301
1.38946
1.39376
1.39556
1.39476
1.39142
1.38572
1.37817
1.36993
1.36292
1.35935
1.3606
1.3663
1.37457
1.38319
1.39058
1.39607
1.39964
1.40158
1.40224
1.40199
1.4011
1.39978
1.39822
1.39657
1.39499
1.39365
1.39274
1.39241
1.39274
1.39371
1.39519
1.39695
1.39878
1.40043
1.40175
1.40261
1.40293
1.40263
1.40162
1.39979
1.39704
1.39327
1.3885
1.38292
1.37699
1.37148
1.36728
1.3652
1.36557
1.36813
1.37218
1.37684
1.38137
1.3853
1.38841
1.39069
1.39224
1.39321
1.39377
1.39403
1.39411
1.39405
1.39386
1.39352
1.39299
1.39223
1.39124
1.39008
1.38886
1.38774
1.38689
1.38645
1.38647
1.38693
1.38775
1.3888
1.39001
1.39131
1.3926
1.39381
1.3948
1.39541
1.39551
1.39499
1.39384
1.39214
1.39008
1.38792
1.38597
1.38449
1.38364
1.38347
1.38394
1.3849
1.38623
1.38774
1.38926
1.39064
1.39176
1.39255
1.39301
1.39319
1.39318
1.3931
1.39305
1.39314
1.39345
1.39403
1.39488
1.39595
1.39712
1.39825
1.3992
1.39985
1.4001
1.39989
1.39923
1.39814
1.3967
1.39506
1.39336
1.3918
1.39055
1.38976
1.38947
1.38968
1.39034
1.39135
1.39262
1.39407
1.39563
1.39722
1.39876
1.40018
1.4014
1.40235
1.40297
1.40322
1.40306
1.40249
1.40149
1.40007
1.39826
1.3961
1.39364
1.39098
1.3882
1.38541
1.38274
1.38028
1.37814
1.37635
1.37495
1.3739
1.37315
1.37266
1.37242
1.37243
1.37279
1.37356
1.37479
1.37647
1.37848
1.38065
1.38279
1.38474
1.38638
1.38765
1.38854
1.3891
1.38938
1.38945
1.38939
1.38924
1.38908
1.38892
1.38881
1.38875
1.38874
1.38876
1.3888
1.38882
1.38878
1.38866
1.38842
1.38801
1.38741
1.38661
1.38559
1.38438
1.38302
1.38161
1.38027
1.37913
1.37835
1.37806
1.37831
1.3791
1.38032
1.38177
1.38321
1.38433
1.3848
1.38428
1.38246
1.37906
1.37396
1.36729
1.35957
1.35183
1.34549
1.34203
1.34238
1.3464
1.35279
1.35965
1.36521
1.3683
1.36851
1.36617
1.36221
1.35798
1.35491
1.35401
1.35551
1.35886
1.36308
1.36725
1.37075
1.37341
1.37539
1.37705
1.37876
1.38078
1.38317
1.38583
1.3886
1.39132
1.39386
1.39614
1.39813
1.39985
1.40129
1.40246
1.40334
1.40392
1.40415
1.40398
1.40331
1.40206
1.40013
1.39747
1.39406
1.39001
1.38558
1.38111
1.37693
1.37322
1.36983
1.36629
1.36205
1.35684
1.35106
1.34599
1.34341
1.34472
1.35002
1.35806
1.36701
1.37536
1.38225
1.38742
1.39098
1.39316
1.39429
1.39463
1.39446
1.394
1.39349
1.39314
1.39311
1.39352
1.39439
1.39565
1.39716
1.39873
1.4002
1.40142
1.4023
1.40279
1.40284
1.40244
1.40159
1.40024
1.39837
1.39592
1.39282
1.38904
1.38455
1.37943
1.37384
1.36808
1.36255
1.35766
1.3538
1.35114
1.34971
1.34935
1.34985
1.35092
1.35231
1.35375
1.35506
1.35609
1.35682
1.3573
1.35766
1.35808
1.3587
1.35964
1.36092
1.36253
1.36435
1.36627
1.36816
1.36992
1.37146
1.37276
1.37379
1.37456
1.37509
1.37541
1.37555
1.37556
1.37544
1.37524
1.37496
1.37463
1.37423
1.37378
1.37326
1.37265
1.37192
1.37103
1.36995
1.36861
1.36698
1.36502
0.262779
0.261874
0.261056
0.260361
0.259821
0.259461
0.259297
0.259329
0.259548
0.259933
0.260456
0.261086
0.261789
0.262535
0.263295
0.264048
0.264776
0.265468
0.266117
0.266723
0.267286
0.267812
0.268306
0.268777
0.269231
0.269677
0.270118
0.270561
0.271008
0.27146
0.271918
0.272382
0.272851
0.273328
0.273814
0.274315
0.274838
0.275392
0.275989
0.276639
0.277352
0.278134
0.278985
0.279903
0.280876
0.281888
0.282917
0.283942
0.284939
0.285886
0.28677
0.287578
0.288308
0.288965
0.289559
0.290103
0.290614
0.29111
0.291605
0.292115
0.292654
0.293241
0.293902
0.294669
0.295584
0.296692
0.298035
0.299647
0.301543
0.303717
0.306138
0.308754
0.311501
0.314306
0.3171
0.319818
0.322406
0.324823
0.327035
0.32902
0.330762
0.332251
0.333478
0.334439
0.335131
0.33555
0.335696
0.335569
0.335174
0.334515
0.333603
0.332454
0.331093
0.329556
0.327894
0.326174
0.32448
0.322911
0.32158
0.320606
0.320109
0.320193
0.320935
0.322371
0.324481
0.327191
0.330372
0.333861
0.337478
0.341051
0.344434
0.347517
0.350233
0.352552
0.354475
0.356023
0.35723
0.358132
0.358763
0.359151
0.35932
0.359287
0.359069
0.358682
0.358151
0.357502
0.356773
0.356008
0.35526
0.354586
0.354048
0.353709
0.353623
0.353837
0.354376
0.355247
0.356428
0.357876
0.359526
0.361298
0.363109
0.364874
0.366514
0.367963
0.369169
0.3701
0.370742
0.371108
0.37123
0.371162
0.37097
0.370724
0.370486
0.370297
0.370174
0.370106
0.37006
0.369991
0.369851
0.3696
0.369214
0.368684
0.368024
0.367263
0.366448
0.365635
0.364887
0.364269
0.363842
0.363664
0.363782
0.364224
0.364996
0.36607
0.367385
0.368844
0.370331
0.371713
0.372866
0.373679
0.374068
0.373986
0.373427
0.372427
0.371066
0.369468
0.367784
0.366188
0.364854
0.363937
0.363551
0.363762
0.364575
0.365938
0.367747
0.369869
0.372148
0.374436
0.3766
0.378539
0.38019
0.381532
0.382585
0.383402
0.38406
0.384644
0.385227
0.38586
0.386559
0.387304
0.388049
0.388729
0.389281
0.389645
0.389779
0.389657
0.389271
0.388623
0.387727
0.386605
0.385278
0.383769
0.3821
0.380291
0.37836
0.376334
0.374249
0.37216
0.370142
0.368298
0.366742
0.365593
0.364948
0.364864
0.365341
0.366313
0.367659
0.369221
0.370825
0.372309
0.373537
0.374413
0.374881
0.374931
0.374594
0.373944
0.373085
0.372151
0.371282
0.37061
0.370237
0.370223
0.370578
0.371267
0.372224
0.373367
0.374612
0.375886
0.377129
0.378297
0.379365
0.380316
0.381144
0.381846
0.382422
0.382871
0.383194
0.383392
0.383473
0.383453
0.383362
0.383244
0.383158
0.383169
0.383347
0.38375
0.384417
0.385358
0.386559
0.387974
0.389541
0.39119
0.392846
0.394442
0.39592
0.397233
0.398349
0.399245
0.39991
0.400347
0.400565
0.400589
0.400451
0.400191
0.399853
0.399483
0.39912
0.398795
0.398522
0.398302
0.398118
0.397942
0.397739
0.397473
0.397113
0.39664
0.396045
0.395342
0.394557
0.393739
0.392947
0.392251
0.391722
0.391419
0.391382
0.391621
0.39211
0.392792
0.393592
0.394434
0.395255
0.396015
0.396698
0.397304
0.397845
0.398338
0.398795
0.399227
0.39964
0.400038
0.400421
0.400791
0.401151
0.401511
0.401885
0.402295
0.402765
0.403312
0.403939
0.404632
0.405357
0.40607
0.406718
0.407256
0.407644
0.407856
0.407876
0.407693
0.407307
0.40672
0.405946
0.40501
0.403954
0.40284
0.401746
0.400765
0.39999
0.3995
0.399347
0.399543
0.400059
0.40083
0.401771
0.40279
0.403801
0.404737
0.405548
0.406203
0.406689
0.407001
0.407145
0.407128
0.406962
0.406657
0.406225
0.405675
0.405021
0.404274
0.403452
0.402574
0.401666
0.400759
0.399889
0.399098
0.398428
0.397917
0.397599
0.397496
0.397616
0.397955
0.398494
0.399204
0.400049
0.400991
0.401992
0.403016
0.404033
0.405018
0.405952
0.406823
0.407629
0.408378
0.409086
0.409782
0.410502
0.411286
0.412172
0.413189
0.41435
0.415648
0.417053
0.418516
0.419976
0.421368
0.422627
0.423696
0.424529
0.425093
0.425369
0.42535
0.425043
0.424469
0.423663
0.422679
0.421586
0.420468
0.419421
0.418541
0.41792
0.417629
0.417711
0.418171
0.41897
0.420029
0.421236
0.422465
0.423593
0.424525
0.425205
0.425627
0.425829
0.425881
0.425865
0.425856
0.425895
0.42599
0.426108
0.426199
0.426215
0.426135
0.425983
0.425837
0.425817
0.426066
0.426716
0.427856
0.429508
0.431618
0.434062
0.436674
0.439271
0.441682
0.443775
0.445465
0.446719
0.447551
0.448014
0.448187
0.448155
0.448003
0.447792
0.447561
0.447316
0.447034
0.446671
0.446171
0.445474
0.444526
0.443288
0.441736
0.439869
0.437709
0.435306
0.432737
0.430101
0.42752
0.425126
0.423047
0.421394
0.420236
0.419595
0.419441
0.419695
0.420252
0.420997
0.421831
0.422683
0.423516
0.424328
0.425141
0.425989
0.426907
0.427918
0.429026
0.430214
0.431452
0.432697
0.433901
0.435021
0.43602
0.436868
0.437543
0.438032
0.438324
0.438412
0.438288
0.437945
0.437374
0.436561
0.435495
0.434161
0.43255
0.430664
0.428524
0.42618
0.423729
0.421315
0.419131
0.417395
0.416311
0.416017
0.416548
0.41782
0.419656
0.421834
0.424134
0.426377
0.428438
0.430245
0.431765
0.432996
0.433944
0.434623
0.435043
0.435208
0.435115
0.43476
0.434141
0.433268
0.432173
0.430919
0.429603
0.428346
0.427275
0.426491
0.42604
0.425896
0.425975
0.426163
0.426364
0.426528
0.426675
0.42688
0.427252
0.427892
0.428866
0.430182
0.431797
0.433627
0.435578
0.437561
0.439507
0.441371
0.443132
0.444783
0.446326
0.447767
0.449107
0.450342
0.451464
0.452454
0.453289
0.453944
0.454388
0.45459
0.454518
0.454141
0.453429
0.452356
0.4509
0.449051
0.446818
0.444235
0.441382
0.438389
0.435446
0.432796
0.430698
0.429384
0.428996
0.42955
0.430932
0.43293
0.435294
0.437784
0.440214
0.442456
0.444443
0.446156
0.447609
0.448839
0.449892
0.450817
0.451656
0.452442
0.453191
0.453906
0.454576
0.45518
0.455693
0.456089
0.456348
0.456458
0.456419
0.456245
0.455964
0.455617
0.455254
0.454935
0.454719
0.454662
0.454805
0.455172
0.455765
0.456562
0.457517
0.458572
0.459653
0.460682
0.461583
0.462281
0.462715
0.462832
0.462598
0.462
0.461045
0.459773
0.45825
0.456575
0.454868
0.453269
0.451913
0.450924
0.450393
0.450372
0.450862
0.451825
0.453183
0.454838
0.456676
0.458588
0.460476
0.462256
0.46387
0.465279
0.466468
0.467439
0.468211
0.468816
0.469295
0.469694
0.470064
0.470451
0.470902
0.471454
0.47214
0.472985
0.474006
0.475215
0.476619
0.478218
0.480003
0.481953
0.484037
0.486211
0.488421
0.490613
0.492734
0.494736
0.496587
0.498267
0.499776
0.501127
0.502347
0.503474
0.504549
0.505612
0.506695
0.507818
0.508984
0.510179
0.511375
0.512532
0.513608
0.514561
0.515354
0.51596
0.516365
0.516568
0.516579
0.516427
0.516147
0.515788
0.515405
0.515054
0.514794
0.514676
0.514744
0.515028
0.515543
0.516291
0.51726
0.51843
0.519775
0.521269
0.522889
0.524616
0.526437
0.528343
0.530329
0.532389
0.534518
0.536707
0.538945
0.541216
0.543506
0.545797
0.54807
0.550303
0.552468
0.554531
0.556449
0.558167
0.559624
0.560751
0.561481
0.561758
0.56154
0.560808
0.559573
0.557872
0.555779
0.553405
0.550914
0.548517
0.546454
0.544944
0.54411
0.543919
0.544182
0.544612
0.544923
0.544927
0.544592
0.544049
0.543564
0.543456
0.544012
0.545404
0.547656
0.550654
0.554197
0.558044
0.561942
0.56564
0.568908
0.571554
0.573453
0.574564
0.574947
0.574754
0.574207
0.573559
0.573052
0.57286
0.573065
0.573645
0.574492
0.575454
0.576373
0.577113
0.577567
0.577662
0.577349
0.576597
0.575398
0.573772
0.571781
0.569534
0.567188
0.564936
0.562976
0.561476
0.560541
0.560189
0.560356
0.560915
0.561713
0.562606
0.563488
0.564299
0.565026
0.565699
0.566371
0.567107
0.567967
0.568997
0.570216
0.571615
0.57316
0.574792
0.576445
0.578049
0.579536
0.580849
0.581939
0.582765
0.583295
0.583503
0.58337
0.582883
0.582044
0.580866
0.579378
0.577629
0.575679
0.573598
0.571462
0.569342
0.567317
0.565473
0.563913
0.562747
0.562077
0.561958
0.56237
0.563194
0.564218
0.565166
0.565751
0.565738
0.565013
0.563642
0.561901
0.560237
0.559132
0.558925
0.559667
0.561118
0.562892
0.564633
0.566134
0.567338
0.568269
0.568948
0.569338
0.56935
0.568882
0.567865
0.566297
0.564256
0.561876
0.559316
0.556725
0.554216
0.551859
0.549693
0.547746
0.546052
0.544658
0.543612
0.542949
0.542678
0.54277
0.543157
0.543748
0.544438
0.545134
0.545761
0.546277
0.546675
0.546977
0.547227
0.547474
0.547767
0.548135
0.548591
0.549128
0.549718
0.550325
0.550908
0.551424
0.551839
0.552129
0.552283
0.552305
0.552213
0.552035
0.551801
0.551545
0.551292
0.551061
0.550858
0.550681
0.550516
0.550346
0.550146
0.549894
0.549564
0.549138
0.548599
0.547939
0.547157
0.54626
0.545261
0.544182
0.543046
0.541877
0.540698
0.539524
0.53836
0.537203
0.536042
0.534869
0.533683
0.532506
0.531385
0.530392
0.529613
0.52913
0.528997
0.529228
0.529796
0.530644
0.531701
0.532907
0.53422
0.535619
0.537095
0.538647
0.540266
0.541932
0.543611
0.545258
0.546819
0.548241
0.549475
0.550484
0.551243
0.551743
0.551996
0.552032
0.5519
0.55167
0.551426
0.551257
0.551253
0.551486
0.552005
0.552824
0.553926
0.555263
0.556761
0.558331
0.559871
0.561269
0.562403
0.563143
0.563354
0.56291
0.561713
0.559728
0.557011
0.553752
0.550286
0.54708
0.544667
0.543543
0.544049
0.546277
0.550042
0.554923
0.560357
0.56576
0.570629
0.574602
0.577471
0.579173
0.579757
0.579351
0.62115
0.619133
0.616742
0.614247
0.6119
0.609913
0.608439
0.607563
0.607299
0.607611
0.608432
0.609686
0.61131
0.613264
0.615528
0.618098
0.620964
0.624086
0.627383
0.630723
0.633935
0.636833
0.639242
0.641021
0.642079
0.642385
0.641962
0.640885
0.639266
0.637236
0.634928
0.632464
0.629948
0.627459
0.625058
0.622798
0.620723
0.618881
0.617327
0.616132
0.615378
0.615151
0.615518
0.616499
0.618034
0.619975
0.622102
0.624166
0.625942
0.627268
0.62808
0.628401
0.628332
0.628018
0.62763
0.627336
0.627284
0.627577
0.628264
0.629325
0.630681
0.632206
0.633745
0.635137
0.636224
0.636858
0.6369
0.636229
0.634753
0.632443
0.629389
0.625871
0.622388
0.61961
0.618193
0.618517
0.620506
0.623664
0.627302
0.630786
0.633687
0.635804
0.637103
0.637647
0.637542
0.636896
0.635809
0.634367
0.632636
0.630674
0.628531
0.626257
0.623912
0.621568
0.619322
0.617291
0.615606
0.614394
0.613759
0.613753
0.61437
0.615536
0.617128
0.618993
0.620975
0.622938
0.624773
0.626402
0.627774
0.628851
0.6296
0.629988
0.629985
0.62957
0.628749
0.627565
0.626105
0.624485
0.62281
0.621141
0.619466
0.61771
0.615786
0.613652
0.611366
0.609106
0.607139
0.605762
0.605219
0.605632
0.606958
0.608984
0.611368
0.613724
0.615704
0.617083
0.61779
0.617906
0.617631
0.617221
0.616923
0.616909
0.617234
0.617838
0.618574
0.619263
0.619745
0.61992
0.619753
0.619271
0.618536
0.617626
0.616603
0.615504
0.614332
0.613072
0.611701
0.610213
0.608635
0.607037
0.60552
0.604208
0.603218
0.602639
0.602514
0.602832
0.603537
0.604535
0.605718
0.606971
0.608193
0.609291
0.610195
0.610851
0.611222
0.611291
0.611056
0.610534
0.60975
0.60874
0.607541
0.606188
0.604711
0.603134
0.601478
0.599766
0.598028
0.596314
0.594692
0.593255
0.592114
0.591392
0.591208
0.591653
0.592772
0.594548
0.596897
0.599673
0.602693
0.605757
0.608677
0.611299
0.613512
0.615261
0.616544
0.617406
0.617934
0.618237
0.618432
0.618619
0.618865
0.619193
0.619578
0.619958
0.620247
0.620357
0.620217
0.619784
0.619059
0.618083
0.616941
0.61575
0.614644
0.613751
0.613171
0.612945
0.613052
0.613404
0.613873
0.614315
0.614601
0.614634
0.614358
0.613753
0.612827
0.6116
0.610098
0.608344
0.606363
0.604202
0.601951
0.599778
0.597938
0.596734
0.59644
0.59719
0.598916
0.601347
0.604101
0.606785
0.60908
0.610777
0.611786
0.61213
0.611934
0.611396
0.610743
0.610176
0.609807
0.609632
0.609541
0.609362
0.608912
0.60804
0.606649
0.604694
0.602181
0.599162
0.59575
0.592139
0.58864
0.585684
0.58378
0.583385
0.58473
0.587694
0.591817
0.596453
0.600974
0.604911
0.608001
0.61016
0.611425
0.6119
0.611711
0.610987
0.609842
0.608373
0.606658
0.604758
0.602718
0.60057
0.598341
0.59605
0.593712
0.591343
0.588957
0.586571
0.584201
0.58186
0.579563
0.577316
0.575122
0.572974
0.570858
0.568748
0.566612
0.564414
0.562115
0.559687
0.55712
0.554437
0.551705
0.549041
0.546604
0.544567
0.543083
0.542237
0.542031
0.542384
0.543159
0.544206
0.545388
0.546603
0.547778
0.548867
0.549845
0.550695
0.551413
0.551999
0.552462
0.552815
0.553075
0.553256
0.553373
0.553434
0.553441
0.553391
0.553273
0.553075
0.552779
0.552372
0.551845
0.5512
0.550452
0.549633
0.548793
0.547996
0.547309
0.546793
0.546489
0.54641
0.546538
0.546836
0.547255
0.547758
0.548325
0.548959
0.549674
0.550486
0.551389
0.552347
0.553283
0.554087
0.554627
0.554757
0.554337
0.553244
0.551382
0.54869
0.545147
0.540771
0.535615
0.529771
0.523385
0.516697
0.510075
0.504013
0.499056
0.495679
0.494192
0.494708
0.497175
0.501398
0.50704
0.513622
0.52058
0.527362
0.533526
0.538787
0.543019
0.546224
0.548483
0.549927
0.550704
0.55097
0.550876
0.550564
0.550165
0.549789
0.549516
0.549393
0.549421
0.549555
0.549716
0.5498
0.549702
0.549331
0.548622
0.547544
0.546094
0.544291
0.542168
0.539763
0.537125
0.534326
0.53147
0.528711
0.526246
0.524297
0.523075
0.522741
0.523364
0.524912
0.527252
0.530179
0.533452
0.536826
0.540078
0.543023
0.545525
0.547493
0.54888
0.549683
0.549933
0.549698
0.549072
0.548178
0.547153
0.546145
0.545293
0.544709
0.544464
0.544576
0.545006
0.54567
0.54645
0.547214
0.547831
0.548178
0.548148
0.547643
0.546583
0.5449
0.542551
0.539533
0.535909
0.53184
0.527605
0.523605
0.52031
0.518152
0.517404
0.518092
0.519991
0.522722
0.525871
0.529092
0.532162
0.534974
0.537507
0.539788
0.541849
0.543706
0.545347
0.546744
0.547861
0.548681
0.549221
0.549543
0.549758
0.550012
0.550461
0.551238
0.552423
0.554022
0.555973
0.558164
0.560462
0.562743
0.564909
0.566896
0.568671
0.570226
0.571571
0.572724
0.573707
0.574534
0.575214
0.57574
0.576094
0.576242
0.576143
0.575754
0.575041
0.573985
0.572597
0.570912
0.568993
0.566923
0.564792
0.56269
0.560708
0.558948
0.557537
0.556635
0.556426
0.557075
0.558675
0.561195
0.564464
0.568196
0.572044
0.575669
0.57879
0.581206
0.582803
0.583541
0.583445
0.582596
0.581123
0.579197
0.577031
0.574872
0.572983
0.571625
0.571029
0.571364
0.572701
0.574991
0.578061
0.581635
0.585378
0.588945
0.592026
0.594378
0.595834
0.596318
0.595843
0.594526
0.592589
0.590347
0.588177
0.586448
0.585435
0.585255
0.585853
0.587047
0.5886
0.590291
0.591954
0.593484
0.594825
0.595953
0.596859
0.597541
0.597997
0.598228
0.598234
0.598018
0.597583
0.596932
0.596068
0.594988
0.593691
0.592173
0.59043
0.588465
0.586285
0.583908
0.581366
0.578705
0.575986
0.573292
0.570719
0.568379
0.566392
0.56487
0.563909
0.563565
0.563844
0.564694
0.56601
0.567649
0.569454
0.571278
0.573002
0.574543
0.575849
0.576899
0.577687
0.578212
0.578477
0.578485
0.578239
0.577749
0.577032
0.576117
0.575042
0.573854
0.572602
0.571333
0.570083
0.568874
0.567703
0.566545
0.565352
0.564064
0.562622
0.56099
0.559172
0.557232
0.555298
0.553555
0.552212
0.551459
0.551416
0.552101
0.553432
0.555251
0.557364
0.559578
0.561732
0.563699
0.565392
0.566762
0.567785
0.568467
0.568832
0.568924
0.568801
0.568525
0.568161
0.567759
0.567349
0.566935
0.566491
0.565971
0.565314
0.564459
0.563355
0.56197
0.560298
0.558362
0.556219
0.553962
0.551716
0.549642
0.547917
0.546719
0.546203
0.54647
0.547549
0.549387
0.551852
0.554754
0.557871
0.560976
0.563859
0.566343
0.568293
0.569615
0.570265
0.570238
0.569577
0.568362
0.56671
0.564763
0.562678
0.56062
0.558765
0.55729
0.556369
0.556144
0.55668
0.55793
0.559722
0.561795
0.563865
0.565698
0.567161
0.568245
0.56905
0.569755
0.570562
0.571647
0.573118
0.574996
0.577227
0.579714
0.582351
0.585045
0.587727
0.590348
0.592866
0.595236
0.597399
0.599283
0.600802
0.601865
0.602382
0.602277
0.601494
0.600018
0.597875
0.595155
0.592009
0.588658
0.585375
0.582465
0.58022
0.578873
0.578555
0.579268
0.580894
0.583224
0.586018
0.589056
0.592176
0.59529
0.598373
0.601441
0.604523
0.607632
0.610756
0.613852
0.616852
0.619678
0.622256
0.624525
0.626443
0.627989
0.629167
0.629994
0.630504
0.630739
0.630748
0.630584
0.6303
0.629948
0.629576
0.629225
0.628929
0.628706
0.628565
0.628497
0.628482
0.628489
0.62848
0.628419
0.62827
0.628011
0.627628
0.627124
0.626517
0.625839
0.625142
0.624494
0.623978
0.623689
0.623729
0.624188
0.625132
0.626591
0.628545
0.630923
0.633612
0.636469
0.639335
0.642056
0.644495
0.646543
0.648129
0.649222
0.649816
0.649921
0.649529
0.648599
0.647045
0.644753
0.641642
0.637741
0.633283
0.628764
0.624887
0.62239
0.621783
0.623145
0.626118
0.630071
0.634336
0.638382
0.641887
0.644727
0.646915
0.648536
0.649691
0.65046
0.650891
0.651011
0.650843
0.65044
0.64989
0.649313
0.648836
0.648559
0.648521
0.648694
0.648983
0.649247
0.64933
0.649084
0.648392
0.64718
0.645423
0.643147
0.640427
0.637391
0.634215
0.631124
0.628375
0.626226
0.624895
0.624509
0.625068
0.626437
0.628373
0.630579
0.632759
0.634673
0.636159
0.637148
0.637653
0.637757
0.637585
0.637282
0.63699
0.636827
0.636876
0.637176
0.637725
0.638484
0.639396
0.640395
0.641422
0.642439
0.643435
0.644423
0.64544
0.646537
0.647763
0.649154
0.650724
0.652456
0.654306
0.65621
0.658086
0.65985
0.661422
0.662727
0.663704
0.664303
0.664488
0.664236
0.663538
0.662401
0.660852
0.658934
0.656715
0.654279
0.651729
0.649178
0.646749
0.64456
0.642717
0.641298
0.640343
0.639843
0.639744
0.639961
0.640394
0.640958
0.641591
0.642265
0.642977
0.643742
0.644578
0.645496
0.646493
0.647551
0.648636
0.6497
0.650678
0.651494
0.652067
0.652328
0.652247
0.651857
0.65129
0.650776
0.650626
0.651171
0.652679
0.655276
0.658905
0.663337
0.668236
0.67324
0.678042
0.682428
0.686293
0.689622
0.692462
0.69489
0.696982
0.69879
0.700328
0.701564
0.702425
0.702805
0.702576
0.701605
0.699767
0.696969
0.693163
0.68837
0.682708
0.676423
0.66991
0.663721
0.658526
0.655005
0.653698
0.654851
0.658355
0.663785
0.670532
0.677946
0.685431
0.692491
0.698742
0.703897
0.707764
0.710229
0.71125
0.710845
0.70908
0.706061
0.70193
0.696856
0.691039
0.684708
0.67812
0.671563
0.665357
0.659867
0.655517
0.652765
0.652026
0.65353
0.657183
0.66255
0.66897
0.675737
0.682255
0.688099
0.693009
0.696837
0.699512
0.701
0.701294
0.700415
0.698414
0.695388
0.691491
0.686928
0.681954
0.676833
0.671798
0.667003
0.662498
0.658249
0.6542
0.65035
0.646815
0.643845
0.641779
0.640943
0.641522
0.643453
0.56244
0.565973
0.569549
0.572676
0.575017
0.576385
0.576719
0.576028
0.574364
0.571808
0.568491
0.56461
0.56045
0.556371
0.552778
0.550049
0.548465
0.548149
0.549042
0.550934
0.553515
0.556442
0.559387
0.562066
0.564256
0.565787
0.566538
0.566433
0.56544
0.56358
0.560934
0.557648
0.553928
0.550019
0.546187
0.542699
0.539813
0.537769
0.536747
0.536815
0.537872
0.539659
0.541815
0.543975
0.545859
0.547311
0.548301
0.548896
0.549216
0.549391
0.549524
0.549657
0.549761
0.549738
0.549444
0.548721
0.547438
0.545535
0.54306
0.540201
0.53729
0.534765
0.533068
0.532516
0.53319
0.53491
0.537302
0.539928
0.542396
0.544432
0.545883
0.546702
0.546918
0.54661
0.545883
0.544857
0.543652
0.542378
0.541122
0.539944
0.538863
0.537856
0.536864
0.535798
0.534557
0.533042
0.531172
0.528896
0.526201
0.523108
0.519668
0.515954
0.512054
0.508061
0.504078
0.500227
0.49666
0.493566
0.491162
0.489663
0.489241
0.489974
0.491818
0.494611
0.498109
0.502037
0.506138
0.510202
0.514079
0.517671
0.520918
0.523787
0.526256
0.528312
0.529947
0.531154
0.53193
0.532277
0.532202
0.531721
0.530858
0.529643
0.52812
0.526342
0.524372
0.522283
0.520157
0.518073
0.516107
0.514318
0.512739
0.511378
0.510213
0.509202
0.508292
0.507426
0.506561
0.505668
0.504738
0.503779
0.502816
0.501879
0.501003
0.500211
0.499518
0.49892
0.498394
0.497905
0.497407
0.496858
0.49623
0.495516
0.49474
0.493951
0.493214
0.492597
0.492154
0.491908
0.491852
0.491947
0.492138
0.492359
0.492559
0.4927
0.492772
0.492787
0.492777
0.492789
0.492874
0.49308
0.493444
0.493983
0.494698
0.495566
0.496551
0.497608
0.498688
0.499747
0.500749
0.50167
0.502496
0.503219
0.503843
0.504372
0.504815
0.505183
0.505491
0.505754
0.505992
0.506228
0.50649
0.506806
0.507204
0.507706
0.508328
0.509073
0.509932
0.510877
0.511864
0.512825
0.513675
0.514301
0.514572
0.514338
0.513451
0.511786
0.509296
0.506065
0.502371
0.498694
0.495639
0.493757
0.493337
0.494295
0.496246
0.498694
0.501219
0.503577
0.505706
0.507672
0.509611
0.511672
0.513981
0.516611
0.519577
0.522832
0.526277
0.529787
0.533226
0.536469
0.53942
0.542014
0.544222
0.546047
0.547518
0.548685
0.549613
0.550378
0.55107
0.551785
0.552625
0.553688
0.555053
0.556757
0.558789
0.561073
0.563478
0.565829
0.567932
0.569594
0.570657
0.571022
0.57068
0.569734
0.568403
0.567004
0.565887
0.565349
0.565556
0.566503
0.568035
0.569899
0.571809
0.573487
0.574688
0.575205
0.574884
0.573625
0.571399
0.568261
0.564356
0.559908
0.555198
0.550523
0.546157
0.542338
0.53927
0.537146
0.536161
0.536502
0.538314
0.541646
0.54641
0.552362
0.559125
0.56625
0.573288
0.579857
0.585692
0.590662
0.594761
0.598081
0.600764
0.602962
0.604797
0.606339
0.607605
0.608576
0.60922
0.609514
0.609465
0.609109
0.608515
0.607767
0.606951
0.606135
0.605364
0.604653
0.60399
0.603348
0.60269
0.601975
0.601162
0.600213
0.599098
0.597813
0.596397
0.594948
0.593633
0.592666
0.592263
0.592575
0.593632
0.595326
0.597443
0.599721
0.601914
0.603834
0.605363
0.60645
0.607093
0.607329
0.607217
0.606837
0.606279
0.605641
0.605023
0.604518
0.604202
0.604128
0.604315
0.604753
0.6054
0.606193
0.607061
0.607936
0.608765
0.609517
0.610189
0.610798
0.611382
0.611993
0.612688
0.613524
0.614555
0.615827
0.617369
0.619186
0.621251
0.6235
0.625834
0.628118
0.630195
0.6319
0.633074
0.633579
0.633326
0.632282
0.630497
0.628107
0.625337
0.622479
0.619849
0.617739
0.616357
0.615793
0.616014
0.616883
0.618204
0.61977
0.621392
0.622926
0.624279
0.625405
0.626301
0.627003
0.627576
0.628104
0.628673
0.629343
0.63013
0.630983
0.631792
0.632412
0.632707
0.632587
0.63204
0.631126
0.629963
0.628684
0.627409
0.62622
0.625153
0.624204
0.623336
0.622486
0.621588
0.620588
0.619494
0.618418
0.617615
0.617469
0.618398
0.620693
0.624364
0.629094
0.634322
0.639421
0.643863
0.647303
0.649604
0.650801
0.651055
0.650603
0.649705
0.648602
0.647469
0.646395
0.645383
0.644377
0.643298
0.642087
0.640735
0.639291
0.637865
0.6366
0.635643
0.635107
0.635035
0.635385
0.636032
0.636798
0.63748
0.637886
0.637861
0.637303
0.63617
0.634489
0.632343
0.62987
0.627232
0.624592
0.622075
0.619749
0.617624
0.615664
0.613818
0.612047
0.610333
0.608687
0.607132
0.605695
0.604396
0.603242
0.602235
0.601383
0.600713
0.600276
0.600138
0.600364
0.60098
0.601947
0.603147
0.604387
0.605435
0.606056
0.606055
0.605314
0.603825
0.601728
0.599333
0.597118
0.595638
0.595368
0.596513
0.598915
0.602125
0.605586
0.60882
0.611525
0.613584
0.61502
0.615933
0.61645
0.616699
0.616783
0.616781
0.616735
0.616659
0.616529
0.616288
0.615847
0.615099
0.613941
0.612309
0.610224
0.607831
0.605416
0.603371
0.602099
0.601879
0.60276
0.604543
0.606869
0.609339
0.611629
0.613528
0.614942
0.615863
0.616327
0.616395
0.616127
0.615575
0.614778
0.613761
0.612535
0.611108
0.609482
0.607659
0.60565
0.603475
0.601164
0.598765
0.596337
0.593952
0.591686
0.589619
0.58782
0.586353
0.585264
0.584581
0.584317
0.584464
0.585001
0.585891
0.587084
0.588523
0.590136
0.591843
0.593556
0.595183
0.596637
0.597843
0.598747
0.599328
0.599602
0.599632
0.599518
0.599392
0.599385
0.599591
0.600041
0.600689
0.60143
0.602136
0.602701
0.60307
0.603254
0.603317
0.603353
0.603456
0.60369
0.604077
0.604594
0.605187
0.605794
0.60636
0.606863
0.60731
0.607739
0.608197
0.608705
0.609235
0.609705
0.61001
0.610074
0.609902
0.609599
0.609344
0.609336
0.609729
0.610582
0.611856
0.613434
0.615164
0.616903
0.618535
0.619986
0.621208
0.622178
0.622882
0.623316
0.623482
0.623389
0.623062
0.622541
0.621879
0.621147
0.620419
0.619771
0.619268
0.618958
0.618865
0.618987
0.619299
0.619759
0.620309
0.620882
0.621404
0.621788
0.621934
0.621727
0.621039
0.619742
0.617731
0.61496
0.611482
0.607502
0.603396
0.5997
0.597025
0.595916
0.596682
0.599282
0.60334
0.60826
0.613408
0.618252
0.622437
0.625799
0.628323
0.630106
0.631297
0.632063
0.632551
0.632866
0.633062
0.63315
0.63311
0.632913
0.632534
0.631974
0.631262
0.630465
0.629681
0.629029
0.628628
0.628567
0.628876
0.629503
0.63032
0.631139
0.63174
0.631913
0.631484
0.630343
0.628466
0.625952
0.623043
0.620138
0.617743
0.616355
0.616304
0.61762
0.620028
0.623057
0.626208
0.629072
0.631384
0.633012
0.633926
0.634168
0.633822
0.632996
0.631807
0.630366
0.628769
0.627103
0.625459
0.62395
0.622715
0.621914
0.621688
0.622127
0.623238
0.624934
0.627057
0.629412
0.631801
0.634055
0.636045
0.63768
0.638903
0.639674
0.639963
0.639743
0.638983
0.637659
0.63576
0.633308
0.630381
0.627136
0.623807
0.620689
0.618076
0.616182
0.615082
0.614693
0.614816
0.615211
0.615671
0.616068
0.616361
0.61658
0.6168
0.617104
0.617562
0.618212
0.619055
0.620053
0.621141
0.622232
0.623221
0.623999
0.624457
0.624494
0.624032
0.623027
0.621477
0.619437
0.617015
0.614368
0.611693
0.609201
0.607091
0.60553
0.604627
0.604428
0.60491
0.605991
0.60754
0.609394
0.611381
0.613335
0.615123
0.616654
0.617888
0.618834
0.619544
0.620091
0.620553
0.620984
0.621398
0.621764
0.622008
0.622033
0.621738
0.621044
0.619907
0.618326
0.616341
0.614032
0.611501
0.608864
0.606234
0.603714
0.601381
0.599294
0.597493
0.596008
0.59487
0.594115
0.593778
0.593882
0.594417
0.59533
0.596513
0.597815
0.599062
0.600081
0.600732
0.60092
0.60061
0.599821
0.598627
0.597139
0.595495
0.593837
0.592301
0.590999
0.590007
0.589357
0.58904
0.589011
0.589195
0.589506
0.589856
0.590171
0.590395
0.590499
0.590475
0.590335
0.590098
0.589781
0.589387
0.588896
0.588268
0.587442
0.586361
0.584984
0.583318
0.581436
0.579488
0.577699
0.576332
0.575633
0.575764
0.576746
0.578451
0.580642
0.583039
0.585388
0.587508
0.589298
0.590728
0.591813
0.59259
0.593093
0.593346
0.593352
0.593099
0.59257
0.591756
0.590674
0.589381
0.587978
0.586608
0.585429
0.584595
0.584219
0.584362
0.585024
0.586152
0.587658
0.589434
0.591361
0.593318
0.59519
0.596869
0.598261
0.599287
0.599886
0.600016
0.599648
0.59876
0.597335
0.595354
0.592787
0.589601
0.58577
0.581303
0.576289
0.570939
0.565616
0.56081
0.557052
0.554784
0.554254
0.555472
0.55825
0.562264
0.567116
0.572392
0.577716
0.582782
0.587382
0.591397
0.594786
0.597559
0.599762
0.601461
0.602727
0.603631
0.604236
0.604589
0.604723
0.604648
0.604356
0.603821
0.603007
0.60187
0.600373
0.598486
0.596201
0.593534
0.590525
0.587243
0.583777
0.580235
0.576741
0.573423
0.570412
0.567824
0.565751
0.564243
0.563307
0.562904
0.56296
0.563381
0.564058
0.564885
0.565759
0.566597
0.567341
0.567964
0.568472
0.568897
0.569288
0.569699
0.57018
0.570765
0.571471
0.572295
0.573218
0.574209
0.575236
0.576263
0.577262
0.578208
0.57908
0.579857
0.580512
0.58101
0.581305
0.581346
0.581083
0.580481
0.579527
0.578253
0.576732
0.575077
0.573427
0.571918
0.570658
0.569708
0.569077
0.568739
0.568646
0.568747
0.568992
0.569332
0.56972
0.570108
0.57045
0.57071
0.570863
0.570899
0.570827
0.570672
0.570474
0.570289
0.570179
0.570205
0.570415
0.570827
0.571424
0.572153
0.572928
0.573651
0.574224
0.574563
0.574612
0.574343
0.573759
0.572892
0.571793
0.570537
0.569207
0.567897
0.566699
0.565701
0.564974
0.564566
0.564495
0.564745
0.565266
0.565986
0.566823
0.567698
0.568549
0.633191
0.633917
0.634546
0.635131
0.635724
0.636369
0.637086
0.63787
0.638698
0.639535
0.640345
0.6411
0.641783
0.642386
0.642908
0.643351
0.643721
0.644026
0.644273
0.644471
0.644626
0.644745
0.644827
0.64487
0.644867
0.644819
0.644738
0.644663
0.644658
0.644806
0.645194
0.645882
0.646879
0.648123
0.649484
0.650788
0.65185
0.65252
0.652713
0.652424
0.651728
0.650758
0.649684
0.648683
0.647914
0.647496
0.647492
0.647899
0.648652
0.649631
0.650686
0.651657
0.652401
0.652805
0.652803
0.65237
0.651524
0.650317
0.648825
0.647139
0.645366
0.643623
0.642038
0.640741
0.639845
0.639431
0.63952
0.640064
0.640957
0.642054
0.643201
0.64426
0.645128
0.645741
0.646073
0.646129
0.645934
0.645522
0.644925
0.644172
0.643288
0.642303
0.641251
0.640177
0.639123
0.638119
0.637176
0.636292
0.635466
0.63472
0.634113
0.633735
0.633686
0.634041
0.634813
0.635941
0.637302
0.63874
0.640104
0.641274
0.642181
0.642809
0.643183
0.643362
0.643423
0.643445
0.643494
0.64362
0.643843
0.644157
0.644532
0.64492
0.645264
0.645508
0.645602
0.645511
0.645216
0.644722
0.644059
0.643288
0.642499
0.641799
0.641302
0.641103
0.641258
0.641772
0.642588
0.643602
0.644682
0.645688
0.6465
0.647034
0.647258
0.647195
0.646924
0.646574
0.646304
0.646268
0.646581
0.647274
0.648281
0.649441
0.650535
0.651336
0.651651
0.651362
0.650442
0.648958
0.647063
0.64497
0.642926
0.641171
0.639896
0.639214
0.639143
0.639613
0.640493
0.641615
0.642816
0.643958
0.644944
0.645724
0.646291
0.646673
0.646916
0.647076
0.647202
0.647337
0.647514
0.647763
0.648119
0.648626
0.649331
0.650275
0.651483
0.652949
0.654642
0.656506
0.65847
0.660459
0.662391
0.664187
0.665764
0.667042
0.667944
0.668406
0.668376
0.667828
0.666767
0.66524
0.663349
0.661257
0.659174
0.657337
0.65596
0.655192
0.655078
0.655558
0.656489
0.657692
0.658989
0.660241
0.661356
0.662288
0.66304
0.663646
0.664166
0.664679
0.665272
0.666032
0.667034
0.66832
0.669887
0.671682
0.673609
0.675548
0.677379
0.679001
0.680342
0.681364
0.682053
0.682412
0.682454
0.682194
0.681642
0.680811
0.679724
0.678419
0.676961
0.675447
0.673996
0.672737
0.671784
0.671226
0.671119
0.671495
0.672375
0.673778
0.675723
0.678214
0.681226
0.684693
0.688506
0.692516
0.696554
0.70044
0.704007
0.70711
0.709636
0.711505
0.712675
0.713139
0.712919
0.712066
0.710657
0.70879
0.706585
0.704187
0.701773
0.699549
0.697746
0.696593
0.696267
0.696856
0.69832
0.700503
0.70317
0.706051
0.708885
0.711443
0.713539
0.715033
0.715841
0.715937
0.715362
0.714214
0.712635
0.710774
0.708761
0.706682
0.70458
0.702484
0.700445
0.698567
0.697001
0.695913
0.695431
0.695598
0.696356
0.697556
0.69899
0.700421
0.701604
0.702312
0.70235
0.701574
0.699919
0.697425
0.694252
0.690698
0.687173
0.684146
0.682065
0.681251
0.681837
0.683747
0.686727
0.690427
0.694465
0.698499
0.702256
0.705549
0.708273
0.710393
0.711925
0.71292
0.713447
0.713581
0.713395
0.712955
0.712321
0.711543
0.710665
0.709722
0.708745
0.707754
0.706763
0.705776
0.704789
0.7038
0.70281
0.701829
0.700877
0.699981
0.699165
0.698438
0.697789
0.697183
0.696561
0.695852
0.694986
0.693907
0.692579
0.690995
0.689172
0.687156
0.685015
0.682843
0.680755
0.678882
0.67736
0.676307
0.675802
0.675865
0.676456
0.67748
0.678814
0.680328
0.681905
0.68345
0.684889
0.686166
0.687235
0.688051
0.688565
0.688721
0.688468
0.687774
0.686668
0.685273
0.683824
0.682633
0.681973
0.681951
0.682412
0.682996
0.683296
0.683085
0.682468
0.681913
0.682095
0.683602
0.686638
0.690921
0.69583
0.700684
0.704975
0.708452
0.711096
0.713044
0.714509
0.715713
0.71685
0.718058
0.719413
0.720928
0.722566
0.724254
0.725899
0.727405
0.72868
0.729646
0.730246
0.730442
0.730221
0.729588
0.728574
0.727227
0.725615
0.723819
0.721935
0.720064
0.718307
0.716757
0.715483
0.714515
0.713832
0.713357
0.71297
0.712531
0.711909
0.71101
0.709799
0.708309
0.706638
0.704931
0.703357
0.702074
0.701193
0.700742
0.700658
0.700787
0.700912
0.700789
0.70018
0.698885
0.69678
0.693847
0.690227
0.686258
0.68249
0.679603
0.678222
0.678691
0.680937
0.68454
0.688936
0.693625
0.69826
0.702633
0.706621
0.71014
0.713125
0.715529
0.717324
0.718504
0.719085
0.719113
0.718662
0.717844
0.716797
0.715676
0.714626
0.713758
0.713131
0.712737
0.712519
0.712383
0.712233
0.711992
0.711631
0.711172
0.710699
0.710341
0.710253
0.710583
0.711442
0.712866
0.71481
0.717147
0.719692
0.722235
0.724576
0.726551
0.728046
0.728998
0.729395
0.729269
0.728686
0.72774
0.726546
0.725233
0.723935
0.722782
0.721886
0.721333
0.72117
0.721402
0.721987
0.722844
0.72386
0.724904
0.72584
0.726541
0.726902
0.726843
0.726326
0.725349
0.723956
0.722233
0.720298
0.718296
0.716374
0.714667
0.713279
0.712267
0.711642
0.711371
0.711384
0.711591
0.711893
0.712198
0.712434
0.712557
0.71256
0.712469
0.712345
0.712271
0.712336
0.71263
0.713222
0.71416
0.715459
0.717102
0.719041
0.721191
0.72344
0.725649
0.727668
0.729353
0.730582
0.731281
0.731438
0.731111
0.730434
0.729597
0.72882
0.72831
0.728214
0.728583
0.729365
0.730424
0.73158
0.732656
0.733516
0.734079
0.734324
0.734279
0.733999
0.733556
0.733019
0.732453
0.731905
0.731411
0.730994
0.730681
0.73052
0.730586
0.730979
0.731785
0.733035
0.734661
0.736502
0.738336
0.739942
0.741154
0.741891
0.742152
0.741998
0.741523
0.740821
0.739975
0.739042
0.73806
0.737059
0.736064
0.735108
0.734229
0.733469
0.732871
0.732468
0.73228
0.732305
0.732516
0.732852
0.733227
0.733536
0.733672
0.733551
0.733134
0.732443
0.731565
0.730653
0.7299
0.72952
0.729706
0.730605
0.732293
0.734761
0.737917
0.741598
0.745588
0.749642
0.753509
0.756954
0.759778
0.761834
0.763039
0.763382
0.762922
0.761786
0.760155
0.758245
0.756287
0.754499
0.753064
0.752115
0.751723
0.751899
0.752595
0.753718
0.755136
0.756691
0.758209
0.7595
0.760373
0.76064
0.760139
0.758753
0.756441
0.753259
0.749385
0.745119
0.740861
0.737065
0.734165
0.732505
0.732286
0.733535
0.736116
0.73976
0.744114
0.748791
0.753424
0.757703
0.761399
0.764368
0.766549
0.767941
0.768594
0.768586
0.768014
0.766986
0.765616
0.764016
0.762295
0.760547
0.758844
0.757232
0.755729
0.754342
0.753073
0.75195
0.751025
0.750376
0.750086
0.750205
0.750729
0.751589
0.752663
0.75381
0.754895
0.755815
0.756504
0.756925
0.757061
0.756907
0.756459
0.755721
0.754705
0.753434
0.751947
0.750293
0.748526
0.746692
0.744822
0.742919
0.740956
0.738878
0.73661
0.734074
0.731214
0.728014
0.724522
0.720858
0.7172
0.713756
0.710718
0.708218
0.7063
0.704915
0.703943
0.703223
0.702597
0.701936
0.701175
0.70033
0.699507
0.698884
0.69868
0.6991
0.700277
0.702238
0.704895
0.708066
0.71152
0.715021
0.71837
0.721414
0.724052
0.726229
0.727921
0.729124
0.729848
0.730104
0.729912
0.729294
0.728286
0.726948
0.725369
0.72368
0.722045
0.720645
0.719648
0.719175
0.719272
0.719903
0.720967
0.722324
0.723829
0.725355
0.7268
0.728095
0.729192
0.730061
0.730684
0.731053
0.731166
0.731029
0.730656
0.73007
0.729299
0.728377
0.727335
0.726198
0.724977
0.723664
0.72223
0.720629
0.718799
0.716675
0.714197
0.711327
0.708065
0.704461
0.700628
0.696743
0.693041
0.68979
0.687262
0.685701
0.685295
0.686152
0.688272
0.691547
0.695769
0.700655
0.70589
0.711162
0.716183
0.7207
0.724486
0.727334
0.729059
0.729504
0.728591
0.726389
0.72321
0.719658
0.716569
0.714765
0.714721
0.716371
0.71918
0.72244
0.725543
0.728094
0.729881
0.730783
0.730699
0.729534
0.727223
0.72381
0.719519
0.714801
0.710275
0.706552
0.703999
0.70259
0.701972
0.701693
0.701439
0.701137
0.70091
0.700935
0.701308
0.701988
0.702819
0.703611
0.704223
0.704593
0.704736
0.704694
0.704493
0.704104
0.703449
0.702442
0.70106
0.699418
0.697798
0.696587
0.696121
0.696512
0.697554
0.698795
0.699706
0.699849
0.698973
0.697018
0.694075
0.690328
0.686014
0.681388
0.676725
0.672321
0.668493
0.665549
0.663707
0.663019
0.663344
0.664423
0.666006
0.667953
0.670246
0.672927
0.676007
0.67941
0.682991
0.686574
0.690006
0.693186
0.696055
0.698591
0.700786
0.702636
0.704138
0.705289
0.706086
0.70653
0.706628
0.706388
0.705824
0.704954
0.703795
0.702372
0.70071
0.69884
0.696796
0.694621
0.692363
0.690079
0.687832
0.685694
0.68374
0.68205
0.6807
0.679755
0.679261
0.679234
0.679655
0.680471
0.681595
0.682923
0.684345
0.685755
0.687065
0.688206
0.689135
0.689831
0.690299
0.690567
0.690681
0.690706
0.690719
0.69079
0.690981
0.691324
0.691821
0.692441
0.693124
0.693794
0.69437
0.694779
0.694967
0.694908
0.694612
0.694136
0.69358
0.693083
0.692804
0.692889
0.693436
0.694464
0.695902
0.697603
0.699383
0.701064
0.702512
0.703661
0.704506
0.705095
0.705507
0.705829
0.706147
0.706529
0.707026
0.707666
0.708455
0.709373
0.710371
0.71136
0.712212
0.712757
0.712792
0.712097
0.710473
0.707785
0.704031
0.699412
0.694406
0.689775
0.686416
0.685049
0.685866
0.68843
0.691919
0.695524
0.698723
0.701324
0.703349
0.704896
0.706052
0.706874
0.707403
0.707696
0.707848
0.707983
0.70824
0.70874
0.709553
0.710683
0.712062
0.713569
0.715051
0.716355
0.717356
0.717973
0.718176
0.717989
0.717481
0.716742
0.715873
0.714959
0.714067
0.713237
0.712497
0.711865
0.71135
0.710945
0.710612
0.505744
0.505718
0.505759
0.505788
0.505757
0.505657
0.505507
0.505348
0.505223
0.505169
0.50521
0.505355
0.505599
0.505925
0.506306
0.506707
0.507091
0.507423
0.507672
0.507822
0.507868
0.507823
0.507712
0.507569
0.507426
0.507314
0.507249
0.507239
0.50728
0.507366
0.507493
0.507667
0.507902
0.508224
0.508664
0.509254
0.510015
0.510956
0.512069
0.513331
0.514705
0.516148
0.517614
0.519054
0.520423
0.521674
0.522759
0.523626
0.524226
0.524512
0.524454
0.524048
0.523339
0.522424
0.521457
0.520624
0.520102
0.520007
0.520356
0.521062
0.521963
0.522866
0.523588
0.523984
0.523947
0.523412
0.52235
0.520771
0.518728
0.516329
0.513735
0.511159
0.508845
0.507036
0.505936
0.505675
0.506283
0.5077
0.509786
0.512356
0.515207
0.518145
0.521001
0.523638
0.52596
0.52791
0.529464
0.530625
0.53142
0.531889
0.53208
0.532048
0.531849
0.531536
0.53116
0.530771
0.530413
0.530125
0.529945
0.529905
0.530033
0.530353
0.530884
0.531636
0.532614
0.533808
0.535199
0.536755
0.538436
0.540199
0.541996
0.543781
0.545511
0.547143
0.548632
0.549932
0.550994
0.551767
0.5522
0.552251
0.551893
0.551127
0.54999
0.548569
0.546994
0.54543
0.544044
0.542974
0.542295
0.542004
0.542029
0.542253
0.542547
0.542804
0.542959
0.543002
0.542985
0.543012
0.543224
0.543764
0.544747
0.546222
0.548162
0.550465
0.552987
0.555576
0.558102
0.560484
0.562692
0.564745
0.566692
0.568595
0.570503
0.572439
0.574384
0.576283
0.578042
0.579552
0.580698
0.581384
0.581537
0.581125
0.580149
0.578653
0.576713
0.574442
0.571992
0.569554
0.567333
0.565513
0.564207
0.563421
0.563057
0.562958
0.562974
0.563015
0.56308
0.563245
0.56364
0.56441
0.565684
0.567551
0.570045
0.573137
0.576738
0.580703
0.584842
0.588934
0.592753
0.59609
0.598775
0.600688
0.601765
0.601989
0.601385
0.600007
0.597926
0.595222
0.591989
0.58834
0.584418
0.580413
0.576556
0.573103
0.570312
0.568401
0.567524
0.567759
0.569095
0.571444
0.574643
0.578465
0.582642
0.586878
0.590885
0.5944
0.597224
0.599236
0.600419
0.600865
0.600772
0.600415
0.6001
0.600112
0.600656
0.601818
0.603559
0.605731
0.608119
0.610488
0.612624
0.614366
0.615611
0.616314
0.616477
0.616127
0.615299
0.61403
0.612354
0.610318
0.608008
0.605572
0.60323
0.60125
0.599887
0.599316
0.59958
0.600583
0.602133
0.604003
0.605977
0.607882
0.609596
0.611043
0.612184
0.61301
0.613533
0.613777
0.613769
0.61353
0.613069
0.612377
0.611423
0.610161
0.608531
0.606477
0.60396
0.600983
0.597608
0.593978
0.590323
0.586962
0.584264
0.582588
0.582196
0.583179
0.585425
0.588657
0.592513
0.596631
0.600706
0.604517
0.607919
0.610836
0.613236
0.615126
0.616536
0.617517
0.618126
0.618426
0.618477
0.618327
0.618012
0.617557
0.616976
0.616273
0.615445
0.614479
0.613349
0.612024
0.610467
0.608656
0.606589
0.604305
0.601888
0.599466
0.597204
0.595272
0.593819
0.592939
0.592653
0.592908
0.593602
0.594618
0.59585
0.597224
0.598703
0.600271
0.601925
0.603659
0.605455
0.607286
0.609111
0.610888
0.61257
0.614113
0.615472
0.6166
0.617448
0.617963
0.618091
0.617782
0.616996
0.615712
0.613938
0.611719
0.609141
0.606337
0.603478
0.600777
0.598473
0.59681
0.595988
0.596112
0.597149
0.598924
0.601173
0.603616
0.606015
0.608205
0.610086
0.611597
0.612696
0.613341
0.61349
0.613101
0.612145
0.610613
0.608532
0.605993
0.603162
0.600299
0.597735
0.595814
0.594801
0.594791
0.595678
0.597196
0.599011
0.600816
0.602393
0.603623
0.604467
0.604928
0.605025
0.604767
0.604152
0.603173
0.601838
0.600193
0.598337
0.596425
0.594649
0.593198
0.592208
0.591731
0.591717
0.592039
0.592532
0.593038
0.593441
0.593684
0.593769
0.593737
0.593648
0.59355
0.593464
0.593374
0.59323
0.59297
0.592532
0.591878
0.591001
0.589931
0.588736
0.587507
0.586357
0.585402
0.584749
0.584483
0.584661
0.585306
0.586408
0.587934
0.589839
0.592073
0.59459
0.597349
0.60031
0.603424
0.60663
0.609848
0.61299
0.615965
0.61869
0.621102
0.623161
0.624854
0.626189
0.627193
0.627906
0.628376
0.628657
0.628801
0.628862
0.628892
0.62894
0.629055
0.629287
0.62968
0.630278
0.631112
0.632201
0.633549
0.635136
0.636924
0.638861
0.64088
0.642915
0.644908
0.646813
0.6486
0.650256
0.651773
0.653146
0.654365
0.655408
0.656251
0.656869
0.657247
0.657389
0.65732
0.657094
0.656787
0.656497
0.65633
0.656396
0.656791
0.65759
0.658844
0.660573
0.662773
0.665416
0.668454
0.671825
0.675455
0.679256
0.683124
0.686943
0.690589
0.693947
0.696924
0.699467
0.701569
0.703265
0.704613
0.705681
0.706522
0.707168
0.707636
0.707938
0.708097
0.708147
0.708114
0.707979
0.707647
0.706946
0.705681
0.703714
0.701044
0.697853
0.694486
0.691383
0.688967
0.687547
0.687259
0.688067
0.689799
0.692201
0.694976
0.697818
0.700434
0.702579
0.704073
0.704822
0.704815
0.704125
0.702887
0.701288
0.699543
0.697871
0.696459
0.695431
0.694821
0.694563
0.694519
0.694531
0.694484
0.694353
0.694213
0.694218
0.694546
0.695346
0.696705
0.698643
0.701124
0.70407
0.707379
0.710922
0.714553
0.718114
0.721447
0.724406
0.726866
0.728735
0.72995
0.730484
0.730338
0.729538
0.728138
0.726212
0.723859
0.721189
0.718318
0.715345
0.712335
0.709309
0.706244
0.703088
0.69979
0.696322
0.692708
0.689042
0.685498
0.682328
0.67983
0.678292
0.677896
0.678645
0.680319
0.68252
0.684767
0.686613
0.687737
0.68799
0.687401
0.686159
0.684572
0.683021
0.681905
0.681589
0.682346
0.684306
0.687434
0.691531
0.696274
0.701265
0.706101
0.710424
0.713958
0.716532
0.718091
0.718689
0.718473
0.71765
0.71644
0.715032
0.713554
0.712082
0.710676
0.709429
0.708516
0.708216
0.708872
0.71079
0.71411
0.718716
0.724236
0.730142
0.735882
0.740981
0.745091
0.747998
0.749607
0.749941
0.74914
0.747462
0.745282
0.743045
0.741207
0.740142
0.740064
0.740994
0.74277
0.745119
0.747735
0.750356
0.752791
0.754929
0.756733
0.758225
0.759483
0.760622
0.761778
0.763066
0.764541
0.766173
0.767831
0.769303
0.770335
0.770672
0.770112
0.768534
0.765929
0.762407
0.758202
0.753651
0.749169
0.745193
0.742112
0.740172
0.739377
0.739429
0.739778
0.739792
0.738979
0.737187
0.734681
0.732076
0.730152
0.72964
0.731077
0.734742
0.740597
0.748222
0.756839
0.765493
0.773308
0.779676
0.784304
0.787171
0.788438
0.788377
0.787319
0.785606
0.783564
0.781463
0.779493
0.777757
0.776281
0.775036
0.773964
0.772998
0.772066
0.771092
0.769985
0.768645
0.766961
0.76484
0.762244
0.75925
0.75611
0.753252
0.751202
0.750429
0.751185
0.75343
0.75686
0.761005
0.765361
0.769501
0.773165
0.776283
0.77894
0.781296
0.783494
0.785596
0.787557
0.789252
0.790518
0.791196
0.791156
0.790303
0.788575
0.785922
0.782307
0.777714
0.772186
0.765889
0.759205
0.752802
0.74761
0.744588
0.744334
0.746746
0.751008
0.75592
0.760317
0.763326
0.764425
0.763387
0.760246
0.755315
0.74926
0.743133
0.738264
0.73596
0.737092
0.741806
0.749524
0.759215
0.769753
0.780168
0.789739
0.797999
0.804679
0.809674
0.812999
0.814778
0.81522
0.814601
0.813235
0.811438
0.809487
0.807596
0.805901
0.804457
0.803259
0.802251
0.801344
0.800427
0.79937
0.798043
0.796335
0.794184
0.791609
0.788736
0.785802
0.783132
0.781069
0.779888
0.779714
0.780492
0.78201
0.783962
0.78602
0.78789
0.789353
0.790289
0.790701
0.790724
0.79061
0.790665
0.791152
0.792187
0.793692
0.79542
0.797054
0.798312
0.799011
0.799088
0.798579
0.797584
0.796222
0.794605
0.792818
0.790912
0.788911
0.786827
0.784677
0.782501
0.780371
0.778393
0.776695
0.775407
0.774636
0.774445
0.774834
0.775733
0.777009
0.778469
0.779889
0.781026
0.781655
0.781581
0.780659
0.778792
0.775926
0.772041
0.76714
0.761266
0.754572
0.74747
0.740856
0.736226
0.735367
0.739511
0.748489
0.760715
0.774052
0.786745
0.797794
0.806839
0.813882
0.819055
0.822495
0.824287
0.824457
0.823008
0.819974
0.815503
0.809959
0.803982
0.798447
0.794258
0.792025
0.791807
0.793098
0.795065
0.796853
0.797807
0.797542
0.795926
0.793016
0.789011
0.784238
0.779157
0.77435
0.770415
0.767788
0.766582
0.766567
0.767331
0.768474
0.769718
0.770889
0.771829
0.772317
0.772061
0.770756
0.768195
0.764376
0.759556
0.754241
0.749088
0.744749
0.741697
0.740115
0.739896
0.740727
0.742207
0.743951
0.745651
0.747109
0.748244
0.749088
0.749763
0.750448
0.751344
0.752628
0.754425
0.756776
0.759635
0.762874
0.766302
0.769683
0.772762
0.775273
0.776955
0.777554
0.776826
0.774553
0.770566
0.764793
0.757339
0.748562
0.739137
0.730025
0.722314
0.716951
0.714472
0.714847
0.717513
0.721578
0.726074
0.730174
0.733297
0.735123
0.735533
0.734547
0.732281
0.72894
0.724837
0.720415
0.716221
0.712802
0.710534
0.709488
0.709416
0.709874
0.710408
0.710691
0.710563
0.710009
0.709098
0.707934
0.706618
0.705237
0.703856
0.702525
0.701282
0.70016
0.699184
0.69837
0.697724
0.697238
0.69689
0.696663
0.696547
0.696557
0.696735
0.69713
0.697775
0.698653
0.699672
0.700663
0.701408
0.701675
0.701265
0.700047
0.697991
0.695193
0.691896
0.688481
0.685424
0.683203
0.682166
0.682411
0.683739
0.685709
0.687789
0.689514
0.690601
0.690989
0.690799
0.690254
0.689612
0.689119
0.688998
0.689449
0.690643
0.692687
0.69559
0.699231
0.703376
0.707727
0.711988
0.715921
0.719375
0.722287
0.724665
0.72656
0.728046
0.729199
0.73009
0.730784
0.731338
0.731803
0.73223
0.732665
0.49319
0.49392
0.4949
0.496116
0.497546
0.499148
0.500872
0.502659
0.504444
0.506161
0.507747
0.509143
0.510304
0.511197
0.511809
0.512149
0.512249
0.512169
0.511984
0.51179
0.511685
0.511768
0.512123
0.512818
0.513895
0.515376
0.517261
0.519531
0.522146
0.525051
0.528177
0.531443
0.534771
0.538091
0.541351
0.544516
0.547568
0.550498
0.553298
0.55595
0.558427
0.560686
0.562674
0.564331
0.565595
0.566408
0.566719
0.566492
0.565709
0.564388
0.562596
0.560467
0.558216
0.556132
0.554547
0.553782
0.554079
0.555561
0.5582
0.561832
0.566185
0.570922
0.575689
0.580162
0.584074
0.587225
0.589476
0.59074
0.590967
0.590154
0.588353
0.585685
0.582355
0.57864
0.574871
0.571398
0.56856
0.56666
0.565935
0.566523
0.568424
0.571487
0.57542
0.579842
0.584352
0.588598
0.592334
0.595429
0.597852
0.599616
0.600734
0.601196
0.600998
0.6002
0.598964
0.597538
0.596161
0.594948
0.593817
0.592531
0.590809
0.58845
0.585401
0.581764
0.577762
0.573706
0.569967
0.566941
0.564999
0.564424
0.565349
0.567724
0.571328
0.575813
0.580767
0.585793
0.590555
0.59482
0.598454
0.601408
0.603681
0.605281
0.606209
0.606447
0.605972
0.604775
0.602875
0.60033
0.597235
0.593722
0.589954
0.586118
0.582419
0.579071
0.576279
0.574211
0.572984
0.572645
0.573177
0.574524
0.576618
0.579393
0.58278
0.586665
0.590846
0.595008
0.598744
0.601622
0.603281
0.603522
0.602378
0.600129
0.597277
0.594462
0.592355
0.591523
0.592333
0.594872
0.59894
0.604104
0.609811
0.61553
0.620853
0.62553
0.629459
0.632642
0.63514
0.637047
0.63846
0.639453
0.640058
0.640267
0.640039
0.639328
0.638109
0.636387
0.634202
0.631612
0.628672
0.625419
0.621862
0.617993
0.613817
0.609425
0.605075
0.601272
0.598751
0.598301
0.600434
0.605094
0.61162
0.618992
0.626193
0.632454
0.63733
0.640667
0.642542
0.643201
0.643017
0.64243
0.641867
0.641647
0.641906
0.64258
0.643449
0.644228
0.644666
0.644612
0.644043
0.64306
0.64186
0.6407
0.639864
0.639626
0.640205
0.641733
0.644228
0.647584
0.651583
0.65592
0.660247
0.664206
0.667474
0.669781
0.670939
0.670845
0.669487
0.666927
0.663271
0.658641
0.65314
0.646854
0.639898
0.632491
0.62503
0.618108
0.61244
0.608702
0.60733
0.608378
0.61149
0.616004
0.621142
0.626215
0.630759
0.634584
0.637737
0.640427
0.642939
0.645562
0.648525
0.651959
0.655866
0.660149
0.664673
0.66934
0.674125
0.679042
0.684066
0.689061
0.693765
0.697841
0.700947
0.702801
0.703198
0.702003
0.699127
0.69451
0.688127
0.680018
0.670345
0.659467
0.648007
0.636876
0.62719
0.620044
0.616222
0.615952
0.618881
0.624242
0.631094
0.638516
0.645703
0.652007
0.656959
0.660272
0.661844
0.661741
0.660175
0.657474
0.654058
0.650405
0.647023
0.644417
0.643051
0.643306
0.645422
0.649436
0.655138
0.662084
0.669693
0.677366
0.6846
0.691036
0.696463
0.700788
0.704006
0.706171
0.70738
0.707757
0.707442
0.706572
0.705271
0.703642
0.701764
0.699713
0.697578
0.695478
0.693568
0.692019
0.69099
0.690583
0.69081
0.691583
0.692724
0.694009
0.695213
0.69615
0.696701
0.696811
0.696472
0.695696
0.694493
0.692864
0.690829
0.688469
0.685979
0.683687
0.681984
0.681188
0.681385
0.682366
0.683689
0.68484
0.685378
0.68503
0.683707
0.681494
0.678634
0.675503
0.672574
0.670333
0.669175
0.669296
0.670653
0.673015
0.676078
0.679584
0.683374
0.687381
0.691563
0.695835
0.700025
0.703886
0.707131
0.709504
0.710833
0.711068
0.710288
0.708678
0.706496
0.704019
0.701497
0.699124
0.697008
0.695164
0.693505
0.691854
0.689971
0.687606
0.68456
0.68075
0.676259
0.671339
0.666358
0.661695
0.657605
0.654127
0.651075
0.648131
0.644967
0.641384
0.63741
0.633344
0.629727
0.627206
0.626342
0.627458
0.630595
0.63558
0.642126
0.649886
0.658471
0.667454
0.676395
0.684882
0.692554
0.69913
0.704404
0.708243
0.710564
0.711319
0.710487
0.708074
0.70414
0.698857
0.692587
0.685937
0.679733
0.67483
0.671813
0.670753
0.671216
0.672507
0.673975
0.675196
0.676
0.676396
0.676481
0.676357
0.676089
0.675684
0.675081
0.674171
0.672808
0.670848
0.66818
0.664763
0.660659
0.656052
0.651245
0.646623
0.64261
0.639597
0.637899
0.637715
0.639128
0.6421
0.646481
0.65202
0.658386
0.665208
0.672126
0.678828
0.685084
0.690742
0.695705
0.699904
0.703262
0.705679
0.707035
0.707221
0.706197
0.704052
0.70105
0.697633
0.694357
0.691768
0.690246
0.689877
0.690411
0.691335
0.692037
0.691977
0.690817
0.688473
0.685118
0.681154
0.677175
0.673901
0.672056
0.672173
0.674396
0.678362
0.683294
0.688257
0.692442
0.695361
0.696891
0.697225
0.696779
0.696068
0.695599
0.695751
0.696695
0.698357
0.700455
0.702584
0.704321
0.705315
0.705332
0.704263
0.702104
0.698943
0.694961
0.690449
0.685802
0.681481
0.677914
0.675383
0.673953
0.673481
0.6737
0.674328
0.675147
0.676017
0.676854
0.67758
0.678092
0.678277
0.678073
0.677556
0.677013
0.676906
0.677711
0.679678
0.682671
0.686224
0.68976
0.692831
0.695234
0.697002
0.698303
0.699333
0.700248
0.701134
0.702015
0.702871
0.703646
0.70425
0.704554
0.704397
0.703615
0.702073
0.699712
0.696575
0.692812
0.688642
0.684286
0.679884
0.675455
0.670926
0.666256
0.66157
0.657251
0.653896
0.652141
0.652394
0.65464
0.658439
0.663109
0.667987
0.672584
0.67662
0.679977
0.682623
0.684572
0.68587
0.686604
0.686898
0.686912
0.686815
0.686759
0.686854
0.687151
0.687634
0.688223
0.688774
0.689089
0.688919
0.687992
0.686055
0.682959
0.67874
0.673693
0.668369
0.66349
0.659783
0.657817
0.657894
0.66001
0.663884
0.669033
0.674876
0.680856
0.686523
0.691579
0.695864
0.69932
0.70194
0.703716
0.704606
0.704518
0.703338
0.700986
0.697496
0.693077
0.688144
0.683252
0.678964
0.675678
0.673513
0.672302
0.67171
0.671392
0.671107
0.670755
0.670347
0.669945
0.669605
0.669356
0.669194
0.669115
0.669133
0.669302
0.669712
0.670474
0.671696
0.673452
0.675751
0.678524
0.681611
0.68477
0.687694
0.690046
0.6915
0.691774
0.690676
0.688136
0.684226
0.679167
0.673309
0.667093
0.660987
0.655415
0.650685
0.646948
0.644206
0.642356
0.641261
0.640808
0.640932
0.641591
0.642727
0.644232
0.645943
0.647671
0.64924
0.650514
0.651411
0.651893
0.651959
0.651632
0.65096
0.650017
0.648906
0.647765
0.646752
0.646021
0.645677
0.64573
0.64608
0.646537
0.646885
0.646938
0.646575
0.645738
0.644406
0.642581
0.640277
0.637541
0.634468
0.631218
0.628005
0.625073
0.622636
0.620829
0.619663
0.619021
0.618711
0.618537
0.618382
0.618244
0.618231
0.618509
0.619236
0.620486
0.62222
0.624292
0.626491
0.628603
0.630452
0.631918
0.632936
0.633474
0.633524
0.633085
0.632173
0.630832
0.62915
0.627269
0.625387
0.623718
0.622455
0.621713
0.621506
0.621749
0.622287
0.622938
0.623537
0.623959
0.624123
0.623987
0.62352
0.622689
0.621456
0.619801
0.617743
0.615353
0.61274
0.610025
0.607313
0.604681
0.602194
0.599923
0.597969
0.596471
0.595588
0.595479
0.596266
0.598
0.600652
0.604104
0.608168
0.612618
0.617213
0.621728
0.62596
0.629727
0.632864
0.635216
0.636646
0.637051
0.636393
0.634746
0.632333
0.629554
0.626968
0.625207
0.624827
0.626143
0.62914
0.6335
0.63874
0.644366
0.649993
0.655391
0.660474
0.665258
0.669809
0.67419
0.678426
0.68249
0.686312
0.689789
0.692812
0.695279
0.69711
0.698251
0.69868
0.698413
0.6975
0.696037
0.694166
0.692071
0.689962
0.688048
0.686492
0.685375
0.684674
0.684267
0.683968
0.683571
0.68289
0.681792
0.680206
0.678128
0.675615
0.672769
0.669728
0.666654
0.663724
0.661127
0.659055
0.657686
0.657158
0.657515
0.658667
0.660367
0.662243
0.663874
0.664888
0.665055
0.664354
0.663005
0.661445
0.66025
0.660013
0.661196
0.664017
0.668389
0.673941
0.680096
0.686179
0.691535
0.695639
0.698174
0.69909
0.698618
0.697242
0.69562
0.694462
0.694375
0.695738
0.698619
0.702782
0.707751
0.71292
0.717666
0.721448
0.723875
0.724749
0.724068
0.722003
0.718832
0.714865
0.710363
0.705509
0.70043
0.695286
0.690391
0.686288
0.6837
0.68332
0.685535
0.690243
0.696898
0.70472
0.712925
0.72086
0.728048
0.73417
0.739036
0.742555
0.744709
0.74553
0.745081
0.743455
0.740769
0.737169
0.732843
0.728021
0.722984
0.718042
0.713504
0.709633
0.706595
0.704438
0.703095
0.702431
0.702314
0.702664
0.703488
0.704853
0.706834
0.709437
0.712555
0.715953
0.719314
0.722298
0.724611
0.726049
0.726517
0.726018
0.724631
0.722495
0.719785
0.7167
0.713453
0.710251
0.707273
0.704654
0.702473
0.700748
0.699456
0.698548
0.697959
0.697618
0.69744
0.697317
0.697109
0.696646
0.695758
0.694325
0.692325
0.689858
0.687113
0.684296
0.681557
0.678964
0.676534
0.674287
0.672283
0.670615
0.669368
0.668598
0.66832
0.668521
0.669177
0.670247
0.671661
0.673315
0.675068
0.67676
0.67824
0.679394
0.680171
0.680593
0.680744
0.680735
0.680657
0.680524
0.680247
0.679641
0.678497
0.67667
0.674182
0.671271
0.668379
0.666042
0.664745
0.664771
0.666126
0.66854
0.671548
0.674611
0.677247
0.679122
0.680092
0.680188
0.679565
0.678437
0.677019
0.675475
0.673896
0.672292
0.670614
0.66878
0.666711
0.66436
0.661735
0.658907
0.656002
0.653186
0.650641
0.648537
0.647013
0.646175
0.646082
0.646753
0.648159
0.650224
0.652821
0.655785
0.658922
0.66203
0.664924
0.667453
0.669514
0.671051
0.672054
0.672543
0.672561
0.672148
0.671336
0.670133
0.66854
0.666581
0.664352
0.66206
0.543682
0.543053
0.543662
0.545599
0.54876
0.552884
0.55764
0.562716
0.567873
0.572952
0.543682
0.543053
0.543662
0.545599
0.54876
0.552884
0.55764
0.562716
0.567873
0.572952
0.577865
0.582558
0.58699
0.591123
0.594919
0.598341
0.601364
0.603972
0.606165
0.60795
0.609338
0.610333
0.61093
0.611116
0.610877
0.610201
0.609089
0.607561
0.605662
0.603467
0.601087
0.598674
0.596418
0.594521
0.593159
0.592436
0.592369
0.592894
0.593918
0.595357
0.597161
0.59931
0.601786
0.60456
0.607577
0.610758
0.61401
0.617234
0.620328
0.623178
0.625662
0.627652
0.62903
0.629709
0.629641
0.62882
0.627282
0.625113
0.622477
0.619657
0.617071
0.615251
0.614744
0.615941
0.618917
0.62335
0.628591
0.633862
0.638463
0.641912
0.643976
0.644632
0.643994
0.642245
0.639582
0.636183
0.632193
0.627727
0.62289
0.617814
0.612676
0.607711
0.603178
0.59931
0.596241
0.593961
0.59231
0.59101
0.589734
0.588195
0.58623
0.583873
0.581371
0.579138
0.57763
0.577198
0.577971
0.579846
0.582556
0.585778
0.589214
0.592634
0.59586
0.598753
0.601174
0.60297
0.603966
0.603976
0.602826
0.600384
0.596612
0.591616
0.585703
0.579413
0.57347
0.568642
0.565528
0.564395
0.565153
0.567464
0.57089
0.575007
0.579459
0.583981
0.588395
0.592582
0.596442
0.599867
0.602744
0.604971
0.606492
0.607304
0.607458
0.607036
0.60613
0.604824
0.603186
0.601273
0.599142
0.596853
0.594484
0.592115
0.589826
0.587681
0.585716
0.58394
0.582336
0.580866
0.579492
0.578189
0.576963
0.575874
0.57503
0.574583
0.574693
0.575489
0.577025
0.579266
0.582085
0.585293
0.588675
0.592019
0.595142
0.597896
0.60017
0.601878
0.602961
0.603374
0.603085
0.602081
0.600366
0.597967
0.594937
0.591355
0.58732
0.582948
0.578366
0.573709
0.569124
0.564777
0.560847
0.557516
0.554935
0.553185
0.552263
0.552092
0.55257
0.553628
0.555243
0.557421
0.560144
0.563345
0.566907
0.570693
0.57457
0.578429
0.58218
0.585749
0.589077
0.592111
0.594812
0.597152
0.599118
0.600711
0.601933
0.602783
0.603246
0.603283
0.602836
0.601829
0.600187
0.597854
0.594822
0.591172
0.587094
0.582901
0.579012
0.57589
0.573964
0.573542
0.574757
0.577552
0.581716
0.586933
0.592831
0.599022
0.605126
0.610799
0.615755
0.619775
0.62272
0.624522
0.625176
0.624732
0.623282
0.62096
0.617942
0.614438
0.61069
0.606941
0.603411
0.600269
0.597615
0.595473
0.593795
0.59247
0.591345
0.590258
0.589078
0.587758
0.586364
0.5851
0.584276
0.584244
0.585282
0.587482
0.590686
0.594508
0.598426
0.601921
0.604604
0.606293
0.607031
0.607051
0.606715
0.606439
0.606617
0.607566
0.609485
0.612434
0.616327
0.620952
0.625999
0.631104
0.635905
0.640082
0.643391
0.645669
0.646838
0.646887
0.645866
0.643872
0.641043
0.637552
0.633594
0.62939
0.625184
0.621255
0.61791
0.61545
0.614102
0.613937
0.61482
0.61641
0.618241
0.619826
0.620765
0.620805
0.619859
0.617999
0.615413
0.612366
0.609146
0.606011
0.603156
0.600687
0.598636
0.596995
0.595751
0.594928
0.594593
0.594843
0.595766
0.597392
0.599658
0.602403
0.605388
0.608343
0.611016
0.6132
0.614745
0.615559
0.61559
0.614823
0.613267
0.610968
0.608012
0.604553
0.600819
0.597114
0.593784
0.591151
0.589433
0.588677
0.588748
0.589372
0.590212
0.590961
0.591398
0.591428
0.591085
0.590516
0.589945
0.589608
0.58969
0.59027
0.591296
0.592602
0.593961
0.595133
0.595916
0.596172
0.595836
0.594916
0.593476
0.591624
0.589489
0.587209
0.584914
0.582719
0.580722
0.578998
0.577599
0.576554
0.575864
0.575502
0.575419
0.575542
0.575786
0.576062
0.576283
0.576377
0.576297
0.57604
0.575661
0.575279
0.575076
0.575262
0.576045
0.57757
0.579892
0.582952
0.586581
0.590529
0.594492
0.598146
0.601186
0.603353
0.604472
0.604487
0.603488
0.601727
0.599592
0.597541
0.595986
0.595183
0.595173
0.595807
0.596826
0.597963
0.598999
0.59979
0.60026
0.600375
0.600138
0.599578
0.598755
0.597774
0.596805
0.596096
0.595964
0.596718
0.598553
0.601434
0.605068
0.608984
0.612674
0.61572
0.617858
0.618984
0.61912
0.618378
0.616924
0.614957
0.612686
0.610319
0.60805
0.606046
0.604447
0.603345
0.602786
0.60276
0.6032
0.603997
0.605008
0.606077
0.607048
0.60778
0.608166
0.608161
0.607804
0.607241
0.606723
0.606558
0.60703
0.608302
0.610345
0.612942
0.61574
0.61835
0.620425
0.621718
0.622111
0.621607
0.620322
0.618467
0.616319
0.614195
0.612408
0.611206
0.61073
0.610991
0.611887
0.61326
0.61495
0.61683
0.618811
0.620833
0.62285
0.62483
0.626755
0.628606
0.630333
0.631835
0.632956
0.633504
0.633283
0.632113
0.629859
0.626443
0.621874
0.616279
0.609934
0.603275
0.59687
0.591343
0.587265
0.585047
0.58486
0.586621
0.590026
0.594621
0.599881
0.605275
0.610314
0.61458
0.617739
0.619555
0.61989
0.618719
0.616137
0.612368
0.607758
0.602747
0.597828
0.59348
0.590102
0.587974
0.587228
0.587862
0.589763
0.592734
0.596526
0.600858
0.605454
0.610071
0.614532
0.618742
0.62269
0.626416
0.629984
0.633436
0.636772
0.639938
0.642837
0.645344
0.647325
0.64865
0.649206
0.64891
0.647733
0.645725
0.64304
0.639945
0.636806
0.634027
0.631968
0.630851
0.630691
0.631288
0.632279
0.633227
0.633719
0.633441
0.632224
0.630068
0.62714
0.623747
0.620298
0.617241
0.615006
0.613944
0.614275
0.616063
0.619203
0.623447
0.628453
0.633854
0.63931
0.644543
0.64935
0.653587
0.657158
0.659997
0.662067
0.663358
0.663894
0.663746
0.663037
0.661945
0.660692
0.659523
0.658675
0.658345
0.658658
0.659652
0.661281
0.663437
0.665979
0.668766
0.67168
0.674628
0.677547
0.680385
0.683095
0.685626
0.687922
0.689923
0.69157
0.692805
0.693571
0.693807
0.69344
0.692378
0.690507
0.687698
0.68382
0.67877
0.672515
0.665143
0.656923
0.648348
0.640148
0.633221
0.628454
0.626475
0.627432
0.630931
0.636166
0.642171
0.648071
0.653244
0.657393
0.660531
0.662904
0.664886
0.666858
0.669101
0.67173
0.674695
0.677826
0.680908
0.683738
0.686164
0.688079
0.68941
0.690097
0.690078
0.689285
0.687656
0.685152
0.681778
0.67762
0.672868
0.667836
0.662947
0.658661
0.655372
0.653288
0.65238
0.652413
0.653044
0.653923
0.654758
0.655336
0.655523
0.655262
0.65458
0.653592
0.652489
0.651496
0.650817
0.650582
0.65082
0.651483
0.652473
0.65369
0.655063
0.656569
0.658239
0.660149
0.662394
0.665045
0.668115
0.671541
0.675181
0.678844
0.682322
0.685426
0.688023
0.690052
0.691533
0.692552
0.693226
0.69364
0.69379
0.693545
0.692667
0.69089
0.688065
0.684313
0.680173
0.676612
0.674825
0.675777
0.679719
0.686045
0.693603
0.701197
0.707941
0.713343
0.717232
0.719639
0.720712
0.720661
0.719735
0.718204
0.716345
0.714403
0.712559
0.710885
0.709324
0.707706
0.70579
0.703341
0.700209
0.696396
0.692098
0.687701
0.683742
0.680826
0.679504
0.680136
0.682784
0.687172
0.692751
0.698849
0.704821
0.710149
0.714467
0.717543
0.719241
0.719492
0.718274
0.715604
0.71153
0.706134
0.699534
0.691897
0.68346
0.674554
0.665624
0.657223
0.649968
0.644443
0.641076
0.640031
0.641162
0.644045
0.648069
0.652551
0.656846
0.660421
0.662927
0.664229
0.66442
0.663796
0.662778
0.661809
0.661234
0.661226
0.661778
0.66276
0.663998
0.665325
0.666602
0.667711
0.668543
0.66899
0.668951
0.668339
0.667094
0.665199
0.662696
0.659703
0.65642
0.653132
0.65017
0.647868
0.646474
0.646086
0.646621
0.647845
0.649453
0.65115
0.652703
0.653957
0.654819
0.655245
0.65523
0.654817
0.65412
0.653326
0.652686
0.652472
0.65291
0.654119
0.656076
0.65863
0.661538
0.664523
0.66731
0.66966
0.671384
0.672351
0.672485
0.671757
0.670177
0.667804
0.664757
0.661235
0.657528
0.653994
0.65099
0.648786
0.647469
0.646907
0.646789
0.646706
0.646259
0.645143
0.643194
0.640417
0.63698
0.633193
0.629455
0.626173
0.623667
0.622081
0.621348
0.621217
0.621346
0.621435
0.621324
0.621053
0.620852
0.621083
0.622144
0.624363
0.627901
0.632702
0.638519
0.644981
0.651694
0.658313
0.664587
0.670364
0.675573
0.680192
0.684202
0.687564
0.690201
0.69202
0.692951
0.692983
0.692206
0.690809
0.689058
0.687252
0.685673
0.684529
0.683937
0.68391
0.684379
0.685216
0.686268
0.68737
0.688367
0.68912
0.689514
0.689486
0.689046
0.688305
0.687485
0.686879
0.686768
0.687315
0.688492
0.690092
0.691802
0.693307
0.694352
0.694757
0.694402
0.693198
0.691089
0.68807
0.684217
0.679726
0.674947
0.67043
0.666913
0.665189
0.665838
0.668949
0.674045
0.680273
0.686724
0.692679
0.697686
0.701499
0.703985
0.705054
0.704645
0.702774
0.699614
0.695579
0.691321
0.687593
0.684966
0.683573
0.683065
0.682839
0.682351
0.68133
0.679808
0.678023
0.676283
0.674862
0.673931
0.67355
0.67368
0.674213
0.674993
0.675847
0.676595
0.677077
0.677164
0.67677
0.675851
0.674407
0.672481
0.670165
0.667592
0.664916
0.662284
0.65981
0.657561
0.655578
0.6539
0.652557
0.651535
0.6507
0.649782
0.648424
0.646318
0.643368
0.639821
0.636284
0.633571
0.632397
0.633058
0.635333
0.63868
0.642573
0.646714
0.651041
0.655574
0.660249
0.664848
0.669032
0.672437
0.674763
0.675812
0.675498
0.67382
0.670843
0.666683
0.6615
0.655503
0.648957
0.642193
0.635599
0.629594
0.624569
0.620808
0.618415
0.617277
0.617087
0.617426
0.61786
0.61803
0.617701
0.616784
0.61532
0.613457
0.611411
0.609421
0.60771
0.60645
0.605735
0.605574
0.605901
0.606599
0.607543
0.608646
0.60991
0.611447
0.613463
0.616185
0.619757
0.624152
0.629141
0.63435
0.639348
0.643749
0.647272
0.649771
0.651224
0.651715
0.55201
0.55145
0.550718
0.549938
0.549215
0.548627
0.548229
0.548041
0.548037
0.548149
0.548279
0.548327
0.548234
0.54801
0.54776
0.547666
0.547948
0.548792
0.550292
0.55242
0.555047
0.557982
0.561023
0.563991
0.566739
0.569148
0.571123
0.572588
0.573482
0.57377
0.573444
0.572534
0.571106
0.569267
0.567171
0.565043
0.563185
0.561962
0.561737
0.562758
0.565053
0.568408
0.572433
0.576697
0.580848
0.584669
0.588073
0.591066
0.593698
0.596032
0.59812
0.600008
0.601731
0.60332
0.604806
0.606225
0.607617
0.609028
0.61051
0.612115
0.613896
0.615926
0.618317
0.621228
0.624826
0.629215
0.63435
0.640004
0.645801
0.651314
0.656155
0.660041
0.662805
0.664379
0.664753
0.663938
0.661943
0.658766
0.654415
0.648946
0.642533
0.635526
0.628484
0.622131
0.617228
0.614387
0.613914
0.615746
0.619523
0.624738
0.630875
0.637485
0.64419
0.650653
0.656559
0.661622
0.665628
0.668471
0.670202
0.671044
0.671375
0.671657
0.67229
0.673451
0.67499
0.676442
0.677154
0.676466
0.673862
0.669073
0.662114
0.653294
0.643189
0.632588
0.6224
0.61354
0.606804
0.602761
0.601668
0.603446
0.60769
0.613752
0.620853
0.628217
0.635179
0.64127
0.646253
0.650132
0.65312
0.655571
0.657874
0.660329
0.663072
0.666052
0.66907
0.671845
0.674074
0.675485
0.675889
0.675234
0.673646
0.671429
0.669016
0.666849
0.665248
0.664303
0.663864
0.663608
0.663162
0.662212
0.660558
0.658125
0.654945
0.651141
0.646923
0.64258
0.638453
0.634876
0.632092
0.63018
0.629033
0.628399
0.627969
0.627462
0.626697
0.625623
0.624335
0.623066
0.622136
0.62187
0.622491
0.624054
0.62645
0.629478
0.63294
0.636696
0.640656
0.644718
0.648705
0.652356
0.655358
0.65742
0.658325
0.657961
0.656307
0.653412
0.649361
0.644254
0.638197
0.631295
0.623663
0.615436
0.606792
0.597993
0.589427
0.581638
0.575292
0.571063
0.569411
0.570373
0.573481
0.577899
0.582713
0.587189
0.590907
0.593748
0.595813
0.59732
0.598515
0.599612
0.600768
0.602073
0.603568
0.605272
0.607198
0.609355
0.611734
0.614278
0.61687
0.619341
0.621489
0.623116
0.624049
0.624152
0.623334
0.62154
0.61876
0.61503
0.610453
0.605212
0.599588
0.59394
0.588657
0.584069
0.580351
0.577471
0.575214
0.573275
0.571388
0.569422
0.567424
0.565601
0.564225
0.563525
0.563598
0.564376
0.565671
0.567243
0.568864
0.570347
0.571543
0.57233
0.5726
0.572255
0.571216
0.569437
0.56692
0.563736
0.560038
0.556073
0.552179
0.54876
0.546244
0.54501
0.545317
0.547244
0.55067
0.55529
0.560672
0.566337
0.571827
0.576772
0.580916
0.584135
0.586423
0.58788
0.588683
0.589041
0.589159
0.589189
0.589212
0.589239
0.589234
0.589155
0.588982
0.588746
0.588532
0.58847
0.588699
0.589336
0.59044
0.591986
0.593869
0.595933
0.598008
0.59995
0.601667
0.603131
0.604366
0.605434
0.60641
0.607364
0.608344
0.609374
0.610444
0.611516
0.612524
0.613379
0.613982
0.614231
0.614036
0.613329
0.612074
0.61028
0.608009
0.605385
0.602592
0.599857
0.597418
0.595478
0.594169
0.593529
0.593491
0.593908
0.594587
0.595336
0.595998
0.596474
0.596707
0.596648
0.59622
0.595316
0.593823
0.591671
0.588873
0.585548
0.581904
0.578215
0.574788
0.571937
0.569959
0.569108
0.569558
0.571363
0.574435
0.578541
0.583338
0.588425
0.593404
0.597941
0.601805
0.604903
0.607268
0.60903
0.610378
0.611513
0.612621
0.613855
0.615319
0.617059
0.619046
0.62117
0.62325
0.625059
0.626369
0.626988
0.626802
0.625782
0.62398
0.621505
0.618482
0.615025
0.611212
0.60709
0.602706
0.598158
0.593652
0.589538
0.586286
0.584408
0.584326
0.586234
0.590023
0.595292
0.601447
0.607834
0.613859
0.619067
0.623178
0.626092
0.627877
0.628735
0.628944
0.628789
0.628485
0.628135
0.627719
0.627125
0.6262
0.624811
0.6229
0.620535
0.617928
0.615406
0.61332
0.611935
0.611355
0.611507
0.612205
0.613226
0.614374
0.615509
0.616544
0.617437
0.618174
0.618762
0.619225
0.619607
0.619975
0.620412
0.621007
0.621829
0.622913
0.624248
0.625777
0.627421
0.629088
0.630699
0.632201
0.633567
0.6348
0.635917
0.636932
0.637837
0.638578
0.639051
0.639105
0.638571
0.637309
0.635271
0.632554
0.629421
0.626267
0.623512
0.621469
0.620252
0.61978
0.619866
0.620344
0.62114
0.622265
0.623766
0.62564
0.627786
0.629987
0.631939
0.63332
0.633873
0.633484
0.632228
0.63037
0.628301
0.626439
0.625131
0.624595
0.624932
0.626172
0.628303
0.631274
0.634972
0.639214
0.643772
0.648428
0.65304
0.65757
0.662077
0.666653
0.671336
0.676044
0.680555
0.684537
0.68763
0.689526
0.690034
0.689106
0.686835
0.683427
0.67918
0.674472
0.669759
0.665567
0.662417
0.660682
0.660435
0.661407
0.663105
0.665019
0.666772
0.668175
0.669181
0.669821
0.670161
0.67027
0.670221
0.670083
0.669909
0.669727
0.66952
0.669234
0.668802
0.668187
0.667422
0.666626
0.665983
0.665685
0.665851
0.666474
0.667396
0.668355
0.669066
0.669326
0.669101
0.668554
0.668001
0.667803
0.668235
0.669398
0.67122
0.673523
0.67611
0.67881
0.681488
0.684026
0.686311
0.688232
0.68968
0.690552
0.690755
0.690199
0.688808
0.686521
0.683321
0.679244
0.674395
0.668946
0.663106
0.657082
0.651046
0.645119
0.639382
0.633895
0.628718
0.623921
0.619611
0.615968
0.613277
0.611931
0.612349
0.614827
0.619378
0.625655
0.633017
0.64071
0.648069
0.654649
0.660244
0.664841
0.668531
0.671434
0.673646
0.675215
0.676155
0.676462
0.676148
0.675261
0.673893
0.672175
0.670249
0.668242
0.666234
0.664244
0.662227
0.660089
0.657701
0.654914
0.651581
0.647574
0.642817
0.63732
0.631225
0.624834
0.618621
0.613189
0.609186
0.607168
0.607443
0.609955
0.614257
0.619625
0.625248
0.630426
0.634687
0.637807
0.639771
0.640704
0.640817
0.640374
0.639671
0.639028
0.63875
0.63908
0.640147
0.641928
0.644256
0.646862
0.649437
0.651694
0.653404
0.654416
0.654657
0.654123
0.65287
0.651007
0.648693
0.646129
0.643535
0.641116
0.639003
0.637213
0.635634
0.634058
0.632256
0.630053
0.627396
0.624382
0.621245
0.618317
0.615956
0.61447
0.614048
0.614723
0.616365
0.618715
0.621447
0.624225
0.626761
0.628841
0.630337
0.6312
0.631437
0.631086
0.630202
0.628835
0.627026
0.624811
0.622226
0.619326
0.616217
0.613081
0.61018
0.607812
0.606238
0.605593
0.60587
0.606972
0.608791
0.611263
0.614365
0.618068
0.622302
0.626925
0.63174
0.636512
0.641012
0.645049
0.648491
0.651271
0.653368
0.654794
0.655566
0.655692
0.655169
0.653978
0.652091
0.649465
0.646041
0.641747
0.636564
0.630684
0.624741
0.619952
0.61784
0.61946
0.62465
0.632042
0.639853
0.646689
0.651838
0.655139
0.656733
0.656883
0.655884
0.654045
0.65169
0.64916
0.646796
0.644909
0.643724
0.643333
0.643658
0.644448
0.645322
0.645856
0.645685
0.644599
0.642599
0.639906
0.636925
0.634196
0.632336
0.631968
0.633582
0.637327
0.642849
0.649318
0.655686
0.661015
0.664722
0.666652
0.667023
0.666295
0.664999
0.663586
0.662315
0.661234
0.66023
0.6591
0.657623
0.655609
0.652932
0.649562
0.645576
0.641156
0.636554
0.632042
0.627866
0.624215
0.621216
0.618961
0.617532
0.61702
0.617521
0.619096
0.621733
0.625322
0.62965
0.634424
0.639315
0.643988
0.648135
0.651499
0.653898
0.655245
0.655564
0.65497
0.653636
0.651742
0.649452
0.646928
0.644382
0.642085
0.640344
0.639404
0.63937
0.640168
0.641587
0.643357
0.645231
0.647037
0.648684
0.650146
0.651421
0.652498
0.653332
0.65384
0.653916
0.653455
0.652383
0.650672
0.64836
0.645546
0.642387
0.639091
0.635893
0.633039
0.630755
0.629221
0.628541
0.628723
0.62967
0.631196
0.63307
0.635071
0.63703
0.638852
0.640502
0.641963
0.643211
0.644197
0.644861
0.645152
0.645045
0.644532
0.643592
0.642149
0.640053
0.63712
0.633221
0.628403
0.622986
0.617571
0.612918
0.609721
0.608385
0.608912
0.610959
0.614008
0.617537
0.621138
0.624532
0.627548
0.630068
0.631999
0.633253
0.633758
0.633475
0.632431
0.630757
0.628727
0.626767
0.625384
0.62501
0.625829
0.627695
0.630221
0.632962
0.635571
0.637851
0.639725
0.641167
0.642158
0.642663
0.642638
0.642047
0.640889
0.63922
0.637178
0.634993
0.632985
0.631537
0.631033
0.631779
0.633926
0.637426
0.642036
0.647374
0.65299
0.658444
0.663355
0.667435
0.670493
0.672438
0.673267
0.673063
0.671977
0.670214
0.668018
0.665648
0.663364
0.661402
0.659943
0.659091
0.658858
0.659177
0.659917
0.660899
0.661922
0.662778
0.663282
0.663293
0.662721
0.661524
0.6597
0.657285
0.654375
0.651152
0.647903
0.645008
0.642864
0.641786
0.641896
0.64308
0.645012
0.647264
0.649443
0.651304
0.652807
0.654089
0.655399
0.657011
0.659154
0.661955
0.665409
0.669375
0.673585
0.677695
0.681346
0.684227
0.686135
0.687005
0.686911
0.686036
0.684628
0.682959
0.681284
0.679816
0.67869
0.677943
0.677514
0.677274
0.677082
0.67685
0.676578
0.676363
0.676357
0.67671
0.677498
0.678659
0.679959
0.680992
0.68123
0.680116
0.677175
0.672121
0.664947
0.655968
0.645832
0.635462
0.625924
0.61824
0.61318
0.611103
0.611889
0.614983
0.619532
0.624565
0.629168
0.632614
0.634441
0.634465
0.632753
0.629572
0.625324
0.620478
0.615509
0.610854
0.606876
0.603834
0.601878
0.601035
0.601226
0.602288
0.604019
0.606212
0.608687
0.611301
0.61395
0.616563
0.619104
0.621561
0.623938
0.626238
0.62845
0.63054
0.632446
0.634086
0.635365
0.636179
0.636422
0.635987
0.634771
0.632678
0.629636
0.625604
0.620584
0.614629
0.607863
0.600501
0.592882
0.585487
0.609072
0.603806
0.600447
0.599226
0.600069
0.602649
0.606502
0.611144
0.616132
0.621107
0.62579
0.629979
0.633533
0.636353
0.638374
0.639551
0.639865
0.639324
0.637975
0.635905
0.633243
0.630154
0.626835
0.623504
0.620394
0.617731
0.615714
0.614478
0.614064
0.614403
0.615321
0.616583
0.617948
0.619219
0.620281
0.621108
0.621747
0.622298
0.622873
0.62356
0.624403
0.625386
0.626449
0.627509
0.628493
0.629366
0.630137
0.630855
0.631585
0.632374
0.633222
0.634068
0.634794
0.635255
0.635327
0.63495
0.634161
0.633097
0.631959
0.630947
0.630199
0.629757
0.629575
0.629562
0.629621
0.629675
0.629664
0.629526
0.62918
0.62852
0.627436
0.625841
0.623713
0.62111
0.618182
0.615154
0.612308
0.609947
0.608358
0.607775
0.608348
0.61012
0.613018
0.616871
0.621435
0.626432
0.631595
0.636691
0.641538
0.646011
0.650037
0.653598
0.656716
0.659443
0.661847
0.663995
0.665934
0.667691
0.669261
0.670615
0.671699
0.672435
0.672727
0.672472
0.671576
0.669982
0.667684
0.664738
0.661249
0.657356
0.653202
0.648921
0.644638
0.640479
0.636586
0.633123
0.630276
0.628222
0.627102
0.626989
0.627873
0.629664
0.632209
0.635321
0.638795
0.642427
0.646025
0.649427
0.652507
0.655185
0.657433
0.659263
0.66072
0.661857
0.662713
0.663293
0.663549
0.663387
0.662677
0.661292
0.659144
0.656234
0.652678
0.648727
0.644738
0.641124
0.638269
0.636445
0.635756
0.636132
0.637366
0.639191
0.641346
0.643633
0.645945
0.648262
0.65063
0.653126
0.655826
0.65877
0.661942
0.665268
0.668631
0.671892
0.674913
0.677574
0.679778
0.681455
0.682568
0.683114
0.683136
0.682725
0.682016
0.681166
0.680335
0.679661
0.679259
0.679223
0.679619
0.680481
0.681783
0.683433
0.685282
0.687157
0.688894
0.690355
0.69142
0.691969
0.691857
0.690918
0.688981
0.685929
0.681767
0.67669
0.67112
0.665673
0.661033
0.657739
0.656002
0.655625
0.6561
0.6568
0.657175
0.656861
0.65572
0.653818
0.651378
0.648735
0.646282
0.644417
0.643481
0.643707
0.645177
0.647805
0.651358
0.655487
0.659778
0.663782
0.667036
0.66908
0.66949
0.667944
0.664318
0.658795
0.651954
0.644777
0.63853
0.634518
0.633777
0.636803
0.643413
0.652796
0.663721
0.674828
0.68492
0.69317
0.699209
0.703108
0.705287
0.70638
0.707071
0.707958
0.709431
0.711627
0.714444
0.717595
0.720699
0.72335
0.725183
0.725907
0.725324
0.723343
0.719993
0.715443
0.710014
0.704167
0.698449
0.693403
0.68945
0.686806
0.685454
0.685161
0.685525
0.686066
0.686348
0.686104
0.685309
0.684149
0.682907
0.681831
0.681056
0.680611
0.680476
0.68063
0.681057
0.681726
0.682552
0.683385
0.684024
0.684266
0.683994
0.68327
0.68239
0.681825
0.682043
0.683267
0.685338
0.687782
0.69004
0.691698
0.69258
0.69272
0.692247
0.691289
0.689922
0.688177
0.686083
0.683687
0.681061
0.678285
0.675428
0.672568
0.669811
0.667312
0.665252
0.663768
0.66289
0.662517
0.662459
0.662505
0.662478
0.662239
0.661677
0.660689
0.659205
0.657226
0.654867
0.652381
0.650115
0.648433
0.647605
0.64773
0.64871
0.650313
0.652278
0.654427
0.656734
0.65932
0.662358
0.665953
0.670041
0.674343
0.678419
0.681752
0.683857
0.684367
0.683082
0.68001
0.675363
0.669544
0.663097
0.656633
0.650743
0.645926
0.642549
0.640832
0.64084
0.642473
0.64547
0.649448
0.653975
0.658648
0.663151
0.667278
0.670929
0.674087
0.676793
0.679114
0.681108
0.682798
0.684149
0.68506
0.685375
0.68491
0.683493
0.681016
0.677477
0.673016
0.66793
0.662652
0.657676
0.653442
0.650191
0.64789
0.646292
0.645143
0.644407
0.644379
0.645559
0.648365
0.652872
0.658728
0.66529
0.671844
0.677788
0.682729
0.686489
0.689055
0.690504
0.690941
0.690456
0.689099
0.68689
0.683833
0.679952
0.675319
0.670089
0.664506
0.658903
0.653657
0.649139
0.645639
0.643299
0.642084
0.641782
0.642055
0.642518
0.642834
0.642816
0.642509
0.64219
0.642266
0.643069
0.644668
0.646836
0.649183
0.651364
0.653192
0.654639
0.655755
0.656585
0.657131
0.657355
0.65721
0.656676
0.655769
0.65454
0.65305
0.651344
0.649428
0.647261
0.644769
0.641858
0.638451
0.634514
0.6301
0.625385
0.620705
0.616528
0.613371
0.611651
0.611553
0.612963
0.615518
0.618724
0.622081
0.625182
0.627758
0.629696
0.631018
0.631843
0.632343
0.632695
0.633037
0.633463
0.634035
0.634826
0.635951
0.637568
0.639829
0.642793
0.646362
0.650274
0.654173
0.657704
0.660598
0.66271
0.664013
0.664572
0.66452
0.664034
0.663315
0.662573
0.662009
0.661782
0.661987
0.662639
0.66367
0.664957
0.666352
0.667714
0.668937
0.669955
0.670745
0.671325
0.671739
0.672058
0.672364
0.672739
0.673243
0.673906
0.674716
0.675626
0.676564
0.677449
0.678205
0.67877
0.679109
0.679203
0.679045
0.678621
0.677907
0.676863
0.675461
0.673715
0.671724
0.6697
0.667964
0.666898
0.666856
0.668055
0.670496
0.673956
0.678037
0.682259
0.686152
0.689316
0.691448
0.69234
0.691864
0.689957
0.686623
0.681952
0.676163
0.669644
0.66297
0.656857
0.652049
0.649154
0.648492
0.650022
0.653364
0.6579
0.662905
0.667662
0.671538
0.674045
0.674903
0.674138
0.672177
0.66989
0.668482
0.669161
0.672689
0.679043
0.68743
0.696637
0.705465
0.71303
0.718831
0.722676
0.72455
0.724514
0.722682
0.719305
0.714923
0.710478
0.707179
0.706037
0.707362
0.710733
0.715507
0.721248
0.727605
0.733937
0.739291
0.742793
0.744042
0.743227
0.740951
0.737978
0.735005
0.732533
0.730851
0.730097
0.73033
0.73157
0.733787
0.736859
0.74055
0.744508
0.748315
0.751541
0.753808
0.754834
0.754471
0.752727
0.749785
0.746007
0.741932
0.738215
0.735529
0.734404
0.735087
0.73745
0.74101
0.745039
0.748716
0.751281
0.752167
0.751089
0.74811
0.743667
0.738526
0.733635
0.729908
0.727999
0.728194
0.730457
0.734554
0.74015
0.746838
0.754125
0.761433
0.768161
0.773773
0.777892
0.780362
0.781255
0.780835
0.779477
0.777565
0.775407
0.773203
0.771093
0.769237
0.767853
0.767128
0.767054
0.767306
0.767318
0.766537
0.764704
0.762013
0.759058
0.756591
0.75519
0.755053
0.755999
0.757662
0.759688
0.76184
0.763986
0.766022
0.76781
0.769151
0.769796
0.769496
0.76804
0.765315
0.761347
0.756324
0.750594
0.744625
0.738943
0.734065
0.730429
0.728341
0.727939
0.729221
0.732094
0.736401
0.741894
0.748197
0.754832
0.761328
0.767307
0.772526
0.776838
0.780156
0.782417
0.783577
0.783617
0.782554
0.780452
0.777434
0.773702
0.769545
0.765336
0.761499
0.758424
0.756369
0.755353
0.755136
0.755268
0.755238
0.754633
0.753236
0.751043
0.748173
0.744767
0.740927
0.736765
0.732515
0.728631
0.725742
0.724454
0.725065
0.727389
0.730788
0.734423
0.737534
0.739646
0.740612
0.740537
0.739637
0.738112
0.736092
0.733672
0.730981
0.728224
0.72567
0.723564
0.722027
0.720967
0.720068
0.718845
0.716762
0.713371
0.708466
0.70221
0.695194
0.688378
0.682868
0.679586
0.678952
0.680731
0.684153
0.688223
0.692052
0.695035
0.69687
0.697482
0.696958
0.695503
0.693421
0.691088
0.688891
0.687142
0.685998
0.685437
0.685299
0.685385
0.685549
0.685753
0.686062
0.686593
0.687444
0.688643
0.690121
0.691724
0.693252
0.6945
0.695292
0.695507
0.695087
0.694043
0.692452
0.690457
0.688255
0.686089
0.684225
0.682929
0.682436
0.682919
0.684467
0.687061
0.690582
0.69482
0.699509
0.704363
0.70911
0.713519
0.717407
0.720636
0.723107
0.724745
0.725499
0.725339
0.724266
0.722326
0.719623
0.716328
0.712692
0.709039
0.705735
0.703125
0.701436
0.700684
0.70065
0.700927
0.701043
0.700585
0.699289
0.697062
0.693939
0.690009
0.685355
0.680084
0.674468
0.669085
0.664808
0.662545
0.662831
0.665554
0.669983
0.675037
0.67962
0.682883
0.684362
0.684006
0.682132
0.679334
0.676378
0.674065
0.67308
0.673859
0.676494
0.680756
0.686187
0.692241
0.698409
0.70429
0.709611
0.714205
0.717989
0.72093
0.723026
0.724295
0.724763
0.724451
0.723368
0.721501
0.718815
0.71526
0.7108
0.705448
0.699331
0.69274
0.686178
0.680337
0.67599
0.673743
0.673791
0.675803
0.679033
0.682542
0.685414
0.686909
0.686563
0.684257
0.680243
0.67514
0.669864
0.665481
0.662961
0.662883
0.665219
0.669334
0.674236
0.678957
0.682903
0.686041
0.688868
0.69214
0.696453
0.701892
0.707955
0.713802
0.718613
0.721837
0.723262
0.72297
0.721248
0.718514
0.715253
0.711961
0.709081
0.70693
0.705635
0.7051
0.705018
0.704941
0.704399
0.703036
0.700741
0.697728
0.694497
0.691682
0.689813
0.689124
0.689515
0.690676
0.692243
0.693911
0.695461
0.696744
0.697648
0.698088
0.698004
0.697376
0.696227
0.694632
0.692702
0.690571
0.68837
0.686211
0.684192
0.682415
0.68101
0.68014
0.679954
0.68051
0.681697
0.683225
0.684688
0.68565
0.685736
0.684669
0.682306
0.678657
0.673919
0.668497
0.66296
0.657921
0.653843
0.650886
0.648884
0.647491
0.646387
0.645438
0.644733
0.644513
0.645053
0.646551
0.649061
0.652495
0.656647
0.661246
0.66599
0.670576
0.674723
0.678196
0.680845
0.682642
0.683707
0.684293
0.684718
0.685251
0.686015
0.686945
0.687836
0.688426
0.688486
0.68787
0.686545
0.684597
0.682229
0.679729
0.677422
0.675598
0.674436
0.673963
0.674045
0.674442
0.67489
0.675209
0.675385
0.675588
0.676088
0.677091
0.678583
0.680298
0.681845
0.682898
0.68336
0.683394
0.683344
0.68357
0.684289
0.685482
0.686902
0.688168
0.68888
0.688711
0.687441
0.684957
0.681235
0.676319
0.67032
