-6.65046
-6.64819
-6.62941
-6.61548
-6.60641
-6.59929
-6.59248
-6.58762
-6.5847
-6.58179
-6.57952
-6.5779
-6.57596
-6.57499
-6.57532
-6.575
-6.57435
-6.57436
-6.57306
-6.57274
-6.57242
-6.57339
-6.57371
-6.57306
-6.57241
-6.57306
-6.57371
-6.57532
-6.57403
-6.57338
-6.57241
-6.57402
-6.57435
-6.57565
-6.57629
-6.57824
-6.57921
-6.57824
-6.57954
-6.58148
-6.58148
-6.58019
-6.58148
-6.58213
-6.58504
-6.58472
-6.58666
-6.58536
-6.58439
-6.58309
-6.5805
-6.58018
-6.57824
-6.58018
-6.5805
-6.57986
-6.5805
-6.58018
-6.57824
-6.57888
-6.57629
-6.57726
-6.57726
-6.57726
-6.57759
-6.57856
-6.58018
-6.57986
-6.58212
-6.58309
-6.58374
-6.58471
-6.58569
-6.58374
-6.58277
-6.58342
-6.58406
-6.58406
-6.58374
-6.58406
-6.58244
-6.5818
-6.58147
-6.58147
-6.58115
-6.58115
-6.5805
-6.57953
-6.57953
-6.58083
-6.5805
-6.57921
-6.57953
-6.57953
-6.57921
-6.58179
-6.58082
-6.57985
-6.5792
-6.57791
-6.57693
-6.57596
-6.57694
-6.57499
-6.57564
-6.57597
-6.57661
-6.57597
-6.57629
-6.57435
-6.57564
-6.57693
-6.57693
-6.57596
-6.57596
-6.57564
-6.57596
-6.57661
-6.57855
-6.58244
-6.58373
-6.58406
-6.58568
-6.58665
-6.58697
-6.58536
-6.58892
-6.58924
-6.5873
-6.586
-6.58568
-6.586
-6.58535
-6.58665
-6.5847
-6.58341
-6.58503
-6.58535
-6.58438
-6.58179
-6.58309
-6.58568
-6.586
-6.58374
-6.58309
-6.58115
-6.5805
-6.58082
-6.58147
-6.58147
-6.58082
-6.58114
-6.57985
-6.57823
-6.57953
-6.57888
-6.58147
-6.58114
-6.58114
-6.58114
-6.5805
-6.58082
-6.57953
-6.5818
-6.58147
-6.58179
-6.58179
-6.58212
-6.58212
-6.5805
-6.57985
-6.57726
-6.57855
-6.58114
-6.58179
-6.58082
-6.58276
-6.58147
-6.58308
-6.58308
-6.58406
-6.58503
-6.58794
-6.58859
-6.58438
-6.58406
-6.58406
-6.58341
-6.58212
-6.58244
-6.58179
-6.58341
-6.58308
-6.58438
-6.58567
-6.58729
-6.58632
-6.58794
-6.58697
-6.58697
-6.586
-6.58438
-6.58406
-6.58341
-6.58341
-6.58503
-6.58535
-6.58341
-6.58309
-6.58503
-6.58632
-6.58665
-6.58729
-6.58438
-6.58535
-6.58276
-6.58244
-6.58341
-6.58147
-6.58114
-6.58341
-6.5847
-6.58535
-6.58503
-6.58373
-6.58405
-6.58373
-6.58438
-6.58017
-6.57855
-6.57952
-6.58114
-6.58147
-6.58049
-6.58114
-6.58179
-6.58147
-6.58211
-6.58082
-6.58114
-6.58114
-6.58147
-6.58309
-6.58503
-6.58568
-6.58438
-6.58438
-6.58373
-6.58535
-6.586
-6.58406
-6.58406
-6.58341
-6.58471
-6.58341
-6.58244
-6.58212
-6.58179
-6.58374
-6.58309
-6.58277
-6.58147
-6.58342
-6.58406
-6.58374
-6.58601
-6.58439
-6.58471
-6.58601
-6.58536
-6.58925
-6.58892
-6.59248
-6.59054
-6.58763
-6.58763
-6.58666
-6.58698
-6.58407
-6.58504
-6.58471
-6.58504
-6.58309
-6.58406
-6.58115
-6.58115
-6.58018
-6.58018
-6.58147
-6.58083
-6.58212
-6.58115
-6.58051
-6.57921
-6.57759
-6.57889
-6.57824
-6.57856
-6.5805
-6.5818
-6.58147
-6.57953
-6.58083
-6.57985
-6.58083
-6.5818
-6.58471
-6.58407
-6.58375
-6.58213
-6.58148
-6.58083
-6.58116
-6.58083
-6.58148
-6.58213
-6.57986
-6.57824
-6.57856
-6.57662
-6.57856
-6.57921
-6.57694
-6.57532
-6.57565
-6.57532
-6.57467
-6.57727
-6.57694
-6.57759
-6.57597
-6.57792
-6.57856
-6.57889
-6.5805
-6.58083
-6.58147
-6.57985
-6.58115
-6.57985
-6.57888
-6.5792
-6.58147
-6.58083
-6.58115
-6.58342
-6.58277
-6.58212
-6.58277
-6.58439
-6.58342
-6.58342
-6.58407
-6.5818
-6.58212
-6.58018
-6.57986
-6.58083
-6.5805
-6.57824
-6.57759
-6.57597
-6.57532
-6.57758
-6.57856
-6.57888
-6.57661
-6.57791
-6.57596
-6.57661
-6.57855
-6.5792
-6.57855
-6.57856
-6.57888
-6.57758
-6.58082
-6.58082
-6.58115
-6.58309
-6.58147
-6.58212
-6.58018
-6.5805
-6.58147
-6.58082
-6.58212
-6.58341
-6.58309
-6.5847
-6.58438
-6.58503
-6.58568
-6.58438
-6.58147
-6.58276
-6.58244
-6.58244
-6.58406
-6.58341
-6.58438
-6.58503
-6.58405
-6.58276
-6.58276
-6.58114
-6.58147
-6.58082
-6.58244
-6.58341
-6.58341
-6.58179
-6.58406
-6.58406
-6.58308
-6.58049
-6.58114
-6.58049
-6.58179
-6.5847
-6.58438
-6.58341
-6.58503
-6.58341
-6.58438
-6.58536
-6.58633
-6.58535
-6.58471
-6.58341
-6.58211
-6.58244
-6.58309
-6.58244
-6.58244
-6.58373
-6.58211
-6.58049
-6.57823
-6.57952
-6.58017
-6.58146
-6.57985
-6.57952
-6.57823
-6.5792
-6.57952
-6.5792
-6.57952
-6.58211
-6.58276
-6.58049
-6.57888
-6.57855
-6.57758
-6.57887
-6.5792
-6.57823
-6.5792
-6.57888
-6.58114
-6.58309
-6.58179
-6.58309
-6.58471
-6.58438
-6.58244
-6.58114
-6.58179
-6.57985
-6.57985
-6.58049
-6.57985
-6.58179
-6.58276
-6.58438
-6.58503
-6.58309
-6.58373
-6.58179
-6.58276
-6.58244
-6.58114
-6.58179
-6.58276
-6.58179
-6.5805
-6.58147
-6.58212
-6.58309
-6.58147
-6.58147
-6.58179
-6.58147
-6.58438
-6.58438
-6.58438
-6.58567
-6.586
-6.58308
-6.58276
-6.58406
-6.58405
-6.586
-6.58761
-6.58794
-6.586
-6.5847
-6.5847
-6.58373
-6.58405
-6.58503
-6.58438
-6.58438
-6.58406
-6.58082
-6.58211
-6.58179
-6.58082
-6.58017
-6.57952
-6.58049
-6.57888
-6.57823
-6.57693
-6.57596
-6.5779
-6.57888
-6.58017
-6.58147
-6.58309
-6.58406
-6.58114
-6.57985
-6.57985
-6.57985
-6.58017
-6.57888
-6.57726
-6.57823
-6.58049
-6.57952
-6.5792
-6.5792
-6.5779
-6.57726
-6.57855
-6.58114
-6.58146
-6.58179
-6.58405
-6.58502
-6.58632
-6.58567
-6.58535
-6.5847
-6.58502
-6.58438
-6.58308
-6.58438
-6.58405
-6.58405
-6.5847
-6.58632
-6.58632
-6.58632
-6.58632
-6.58405
-6.58502
-6.58308
-6.5834
-6.58146
-6.58243
-6.58178
-6.58275
-6.58534
-6.58307
-6.58405
-6.58567
-6.58599
-6.58826
-6.58599
-6.58632
-6.58567
-6.58437
-6.58275
-6.58243
-6.58243
-6.5834
-6.58405
-6.5834
-6.58308
-6.5847
-6.5847
-6.58275
-6.58211
-6.58308
-6.58275
-6.58211
-6.58081
-6.58178
-6.58178
-6.58211
-6.58308
-6.58146
-6.58146
-6.58178
-6.58275
-6.58308
-6.58437
-6.58437
-6.58405
-6.5834
-6.58275
-6.5821
-6.58243
-6.58146
-6.58081
-6.58049
-6.58081
-6.58113
-6.58178
-6.58146
-6.58146
-6.58146
-6.58275
-6.58372
-6.58178
-6.58081
-6.58049
-6.58211
-6.58211
-6.58275
-6.58405
-6.5834
-6.58373
-6.58275
-6.58243
-6.58049
-6.58049
-6.58113
-6.58211
-6.58276
-6.58179
-6.58243
-6.58179
-6.58017
-6.58049
-6.58146
-6.58049
-6.58211
-6.58276
-6.58405
-6.58373
-6.58308
-6.58114
-6.58146
-6.58081
-6.58211
-6.58114
-6.58308
-6.58114
-6.58114
-6.57952
-6.57952
-6.57984
-6.57984
-6.57952
-6.57822
-6.57693
-6.57757
-6.5779
-6.57855
-6.57952
-6.57855
-6.58017
-6.58114
-6.58082
-6.58082
-6.58114
-6.58049
-6.58017
-6.57953
-6.5792
-6.57661
-6.57888
-6.57855
-6.5792
-6.58049
-6.58179
-6.58211
-6.58147
-6.58082
-6.5805
-6.58082
-6.58244
-6.58276
-6.58341
-6.58633
-6.58536
-6.58633
-6.58859
-6.58795
-6.58827
-6.58697
-6.58697
-6.58568
-6.58697
-6.58406
-6.58406
-6.58276
-6.58308
-6.58114
-6.58179
-6.58146
-6.58373
-6.58373
-6.58503
-6.58568
-6.58503
-6.58568
-6.58471
-6.58406
-6.58341
-6.58179
-6.58082
-6.57953
-6.5805
-6.5805
-6.57952
-6.57888
-6.57888
-6.57855
-6.57953
-6.58017
-6.58147
-6.58277
-6.5818
-6.58406
-6.58536
-6.58406
-6.58471
-6.58309
-6.58406
-6.58244
-6.58179
-6.58212
-6.58179
-6.58115
-6.58179
-6.58309
-6.58406
-6.58276
-6.58276
-6.58276
-6.58147
-6.5805
-6.58017
-6.57985
-6.58017
-6.58082
-6.58017
-6.58179
-6.58373
-6.58244
-6.58308
-6.58146
-6.58081
-6.58081
-6.58243
-6.58276
-6.58276
-6.58243
-6.58211
-6.58405
-6.58373
-6.58211
-6.58308
-6.58244
-6.58438
-6.58341
-6.58568
-6.586
-6.58567
-6.58535
-6.58535
-6.5847
-6.58664
-6.58502
-6.5847
-6.58373
-6.58373
-6.58502
-6.5834
-6.58373
-6.58081
-6.58081
-6.58114
-6.57984
-6.58049
-6.57887
-6.57984
-6.58081
-6.57951
-6.58113
-6.58016
-6.57919
-6.57854
-6.57951
-6.57951
-6.58048
-6.57887
-6.57757
-6.57627
-6.57692
-6.57757
-6.57984
-6.58146
-6.58178
-6.58372
-6.5847
-6.5847
-6.58599
-6.5834
-6.58308
-6.58469
-6.58275
-6.58372
-6.5834
-6.58437
-6.58566
-6.58469
-6.58404
-6.58242
-6.58307
-6.58372
-6.58404
-6.58178
-6.5821
-6.58372
-6.58405
-6.58437
-6.58728
-6.58696
-6.58534
-6.58502
-6.58599
-6.58469
-6.58534
-6.58405
-6.58599
-6.58826
-6.5889
-6.58728
-6.58663
-6.58599
-6.58437
-6.58339
-6.5821
-6.5821
-6.58242
-6.58178
-6.58145
-6.58081
-6.58081
-6.58048
-6.58145
-6.58113
-6.58178
-6.58243
-6.58243
-6.58308
-6.5834
-6.5834
-6.5834
-6.58405
-6.58372
-6.58146
-6.5821
-6.58243
-6.58405
-6.58372
-6.58405
-6.58405
-6.5847
-6.58437
-6.58373
-6.58373
-6.58275
-6.58178
-6.58178
-6.58211
-6.58178
-6.58081
-6.58146
-6.58146
-6.58146
-6.58178
-6.5834
-6.58243
-6.58081
-6.58016
-6.57887
-6.57725
-6.57887
-6.57757
-6.57563
-6.57693
-6.57822
-6.57919
-6.5779
-6.57919
-6.58081
-6.58114
-6.58178
-6.58146
-6.58081
-6.58405
-6.586
-6.58503
-6.58567
-6.58503
-6.58503
-6.58503
-6.58697
-6.58827
-6.58989
-6.59151
-6.59086
-6.58956
-6.58924
-6.58762
-6.58859
-6.58762
-6.58794
-6.586
-6.58665
-6.58535
-6.58568
-6.58503
-6.58568
-6.5847
-6.586
-6.586
-6.58405
-6.58373
-6.58243
-6.58082
-6.58114
-6.58049
-6.57952
-6.57855
-6.57855
-6.57758
-6.58017
-6.58146
-6.58114
-6.5834
-6.58405
-6.58211
-6.58308
-6.58373
-6.5847
-6.58697
-6.58503
-6.58762
-6.58535
-6.58665
-6.58632
-6.58567
-6.58567
-6.58664
-6.58762
-6.58826
-6.58924
-6.58956
-6.58697
-6.58438
-6.58438
-6.58211
-6.58179
-6.58438
-6.5847
-6.58762
-6.58665
-6.58632
-6.58665
-6.58568
-6.586
-6.58535
-6.58697
-6.58665
-6.58762
-6.58762
-6.58859
-6.58795
-6.58827
-6.58892
-6.586
-6.58568
-6.65606
-6.65703
-6.6593
-6.6593
-6.65768
-6.65865
-6.65606
-6.65768
-6.65865
-6.658
-6.65703
-6.65898
-6.66027
-6.65833
-6.65898
-6.66092
-6.66092
-6.65962
-6.66027
-6.65833
-6.6593
-6.65735
-6.65671
-6.65735
-6.65735
-6.65703
-6.65833
-6.65736
-6.65703
-6.65703
-6.65639
-6.65476
-6.65541
-6.65573
-6.65541
-6.65832
-6.65897
-6.65767
-6.65929
-6.65897
-6.65832
-6.65735
-6.6567
-6.65703
-6.65606
-6.65508
-6.65508
-6.65541
-6.65573
-6.65832
-6.65865
-6.65768
-6.65638
-6.65476
-6.65541
-6.65508
-6.65573
-6.65508
-6.65476
-6.65541
-6.6567
-6.65573
-6.65573
-6.65476
-6.65443
-6.65411
-6.65444
-6.6567
-6.65767
-6.65702
-6.658
-6.658
-6.65767
-6.65864
-6.65832
-6.65637
-6.65637
-6.65605
-6.65832
-6.65735
-6.65735
-6.65799
-6.6567
-6.6567
-6.65702
-6.65767
-6.65799
-6.65541
-6.65476
-6.65573
-6.65702
-6.65702
-6.65508
-6.65541
-6.65702
-6.65735
-6.65638
-6.65702
-6.65638
-6.65605
-6.6567
-6.65832
-6.65864
-6.65767
-6.66026
-6.65897
-6.65767
-6.65573
-6.65605
-6.6567
-6.65638
-6.65638
-6.65573
-6.65443
-6.65314
-6.6554
-6.65605
-6.6567
-6.65702
-6.65735
-6.6567
-6.65735
-6.65605
-6.65314
-6.65249
-6.65346
-6.65282
-6.65282
-6.65217
-6.65282
-6.65379
-6.65152
-6.6554
-6.65799
-6.658
-6.65605
-6.65476
-6.6554
-6.65443
-6.65443
-6.65605
-6.65605
-6.65605
-6.65735
-6.6567
-6.65606
-6.65509
-6.65444
-6.65476
-6.65541
-6.65508
-6.65411
-6.65508
-6.65379
-6.65378
-6.6554
-6.65605
-6.65573
-6.65508
-6.65508
-6.65606
-6.6567
-6.65897
-6.658
-6.65703
-6.65768
-6.65833
-6.65768
-6.65897
-6.65832
-6.65832
-6.65832
-6.65703
-6.65541
-6.65573
-6.65346
-6.65541
-6.65767
-6.65929
-6.65638
-6.65703
-6.65864
-6.65865
-6.65897
-6.658
-6.65703
-6.65768
-6.65833
-6.65768
-6.65638
-6.65768
-6.65703
-6.65606
-6.65735
-6.658
-6.65735
-6.65735
-6.65962
-6.65897
-6.65897
-6.65897
-6.65832
-6.65897
-6.65671
-6.65573
-6.65703
-6.65735
-6.6567
-6.65897
-6.66059
-6.66253
-6.66318
-6.66156
-6.66059
-6.65832
-6.65768
-6.65735
-6.6567
-6.65541
-6.65314
-6.65249
-6.65476
-6.65379
-6.65508
-6.65865
-6.65832
-6.65929
-6.65994
-6.66027
-6.658
-6.65865
-6.65929
-6.658
-6.65735
-6.65865
-6.65832
-6.65865
-6.65735
-6.65606
-6.65249
-6.65346
-6.65508
-6.65475
-6.65346
-6.65184
-6.65152
-6.65119
-6.65022
-6.6499
-6.65055
-6.65184
-6.65443
-6.65541
-6.6567
-6.65638
-6.65411
-6.65508
-6.65411
-6.65411
-6.65314
-6.65346
-6.65314
-6.65411
-6.65314
-6.65249
-6.65282
-6.65508
-6.65508
-6.65767
-6.65702
-6.65832
-6.65832
-6.65767
-6.65832
-6.66026
-6.65994
-6.65962
-6.65767
-6.65702
-6.65476
-6.65411
-6.65346
-6.65476
-6.65605
-6.65637
-6.65508
-6.65605
-6.65508
-6.6554
-6.65508
-6.6554
-6.65702
-6.6567
-6.65573
-6.65508
-6.6554
-6.6554
-6.65767
-6.65864
-6.66091
-6.66123
-6.66123
-6.66026
-6.65864
-6.65832
-6.65799
-6.65994
-6.65799
-6.65734
-6.65799
-6.65734
-6.6609
-6.66058
-6.65961
-6.65994
-6.66188
-6.65994
-6.66123
-6.66123
-6.66059
-6.65897
-6.65961
-6.66026
-6.66058
-6.65832
-6.65702
-6.6554
-6.6554
-6.65702
-6.65605
-6.6554
-6.65638
-6.65573
-6.65638
-6.6567
-6.6567
-6.65638
-6.65832
-6.65767
-6.65702
-6.65573
-6.65573
-6.65508
-6.65411
-6.65411
-6.65541
-6.65606
-6.65832
-6.65767
-6.65897
-6.65703
-6.65703
-6.65476
-6.65508
-6.65638
-6.65832
-6.65703
-6.65962
-6.658
-6.658
-6.65735
-6.65703
-6.65573
-6.65703
-6.65735
-6.65671
-6.65476
-6.65509
-6.65411
-6.65444
-6.65379
-6.65444
-6.65541
-6.6567
-6.65606
-6.65606
-6.65509
-6.65347
-6.65379
-6.65347
-6.6512
-6.65347
-6.65444
-6.65444
-6.65573
-6.65476
-6.65476
-6.65768
-6.65606
-6.65573
-6.65541
-6.65606
-6.65541
-6.65768
-6.65638
-6.65541
-6.65606
-6.6567
-6.65573
-6.65606
-6.65638
-6.65703
-6.658
-6.65898
-6.65768
-6.65703
-6.65865
-6.65865
-6.65638
-6.65768
-6.65897
-6.65832
-6.6567
-6.65509
-6.65411
-6.65347
-6.65347
-6.65444
-6.65541
-6.65476
-6.65476
-6.65411
-6.65509
-6.65638
-6.65541
-6.658
-6.65606
-6.65412
-6.65509
-6.65606
-6.65574
-6.65574
-6.65444
-6.65606
-6.65606
-6.65411
-6.65282
-6.65379
-6.65346
-6.65314
-6.65152
-6.6512
-6.6512
-6.6512
-6.65217
-6.65314
-6.65444
-6.65541
-6.65638
-6.65605
-6.6567
-6.65573
-6.65508
-6.65443
-6.65508
-6.65605
-6.65249
-6.65314
-6.65411
-6.65508
-6.65508
-6.65475
-6.65475
-6.6554
-6.65605
-6.65734
-6.65767
-6.65702
-6.65605
-6.6554
-6.65702
-6.65864
-6.65962
-6.65929
-6.65961
-6.65929
-6.65864
-6.65896
-6.65831
-6.65605
-6.65281
-6.65443
-6.65573
-6.65637
-6.65864
-6.65929
-6.65832
-6.65767
-6.65702
-6.65638
-6.65541
-6.65476
-6.65281
-6.65184
-6.65314
-6.65379
-6.65508
-6.65508
-6.65443
-6.65023
-6.65055
-6.65217
-6.65023
-6.65023
-6.65023
-6.64958
-6.6499
-6.65055
-6.65055
-6.65411
-6.65411
-6.65346
-6.65346
-6.65281
-6.65378
-6.65443
-6.65605
-6.65637
-6.65541
-6.65508
-6.65703
-6.65897
-6.66092
-6.65865
-6.65865
-6.65865
-6.65833
-6.65638
-6.65444
-6.65379
-6.65379
-6.65346
-6.65217
-6.65184
-6.65217
-6.65379
-6.65508
-6.65476
-6.65411
-6.65476
-6.65573
-6.65573
-6.65638
-6.65703
-6.65735
-6.65703
-6.65735
-6.65833
-6.65865
-6.65606
-6.65606
-6.65768
-6.66027
-6.66027
-6.66189
-6.66157
-6.66254
-6.66157
-6.66189
-6.66124
-6.65962
-6.65994
-6.65962
-6.65962
-6.658
-6.65897
-6.65768
-6.65638
-6.658
-6.65768
-6.65671
-6.65476
-6.65347
-6.65153
-6.65185
-6.65185
-6.64991
-6.65152
-6.65055
-6.64926
-6.64893
-6.64991
-6.6512
-6.65217
-6.65314
-6.65411
-6.65541
-6.65411
-6.6525
-6.65023
-6.6525
-6.65379
-6.65412
-6.65477
-6.65477
-6.65639
-6.65509
-6.65412
-6.65445
-6.65574
-6.65833
-6.65866
-6.65736
-6.65606
-6.65477
-6.65606
-6.65379
-6.65379
-6.65412
-6.65444
-6.65574
-6.65833
-6.65897
-6.65995
-6.65962
-6.65865
-6.65768
-6.65703
-6.65509
-6.65606
-6.65412
-6.65444
-6.65477
-6.65379
-6.65671
-6.65639
-6.65541
-6.65574
-6.65671
-6.65735
-6.65865
-6.65897
-6.65994
-6.65929
-6.65735
-6.65573
-6.65412
-6.65412
-6.65314
-6.65347
-6.65412
-6.65282
-6.65153
-6.65153
-6.6525
-6.65185
-6.65347
-6.65639
-6.65606
-6.65444
-6.65509
-6.65347
-6.65477
-6.65217
-6.6512
-6.65153
-6.65023
-6.64829
-6.64926
-6.65282
-6.65379
-6.65347
-6.65379
-6.65411
-6.65444
-6.65509
-6.65606
-6.65541
-6.65444
-6.65282
-6.65347
-6.65412
-6.65638
-6.65735
-6.65606
-6.65703
-6.65929
-6.66091
-6.65994
-6.65929
-6.65994
-6.65897
-6.65864
-6.65767
-6.65702
-6.65735
-6.6567
-6.6567
-6.65832
-6.66059
-6.66091
-6.66221
-6.66512
-6.66577
-6.66609
-6.66545
-6.66383
-6.66447
-6.66318
-6.66123
-6.66026
-6.65767
-6.65897
-6.65994
-6.65638
-6.65508
-6.65444
-6.65282
-6.65185
-6.65249
-6.65185
-6.6525
-6.65217
-6.65088
-6.6512
-6.6512
-6.65153
-6.65217
-6.65347
-6.65217
-6.6525
-6.6525
-6.65152
-6.6512
-6.6525
-6.65185
-6.65217
-6.65282
-6.6525
-6.65476
-6.65509
-6.65671
-6.65735
-6.65962
-6.658
-6.65638
-6.65638
-6.658
-6.65574
-6.65574
-6.65671
-6.65638
-6.65768
-6.658
-6.65638
-6.658
-6.65638
-6.65606
-6.65703
-6.65703
-6.65638
-6.65573
-6.65735
-6.65703
-6.6567
-6.65573
-6.65573
-6.65347
-6.65314
-6.65573
-6.65735
-6.658
-6.65897
-6.65962
-6.65832
-6.65735
-6.65767
-6.65541
-6.65508
-6.65605
-6.65767
-6.65735
-6.658
-6.65864
-6.6567
-6.65962
-6.65929
-6.658
-6.65476
-6.65443
-6.65346
-6.65282
-6.65249
-6.65087
-6.65282
-6.65249
-6.65249
-6.65249
-6.6499
-6.6499
-6.65055
-6.65249
-6.65281
-6.65346
-6.65314
-6.65119
-6.6499
-6.64893
-6.65022
-6.64925
-6.65119
-6.65022
-6.65022
-6.65087
-6.65281
-6.65346
-6.65605
-6.65411
-6.65346
-6.65314
-6.65379
-6.65346
-6.65314
-6.65573
-6.65637
-6.6567
-6.65702
-6.65767
-6.65767
-6.65799
-6.65961
-6.65896
-6.65832
-6.65605
-6.65508
-6.6554
-6.65573
-6.65508
-6.65216
-6.65314
-6.65378
-6.65443
-6.65475
-6.65508
-6.65443
-6.65378
-6.65184
-6.65379
-6.65508
-6.65346
-6.65346
-6.65411
-6.65508
-6.65638
-6.65735
-6.65637
-6.65702
-6.65605
-6.65475
-6.65313
-6.65346
-6.65475
-6.65702
-6.65767
-6.65508
-6.6554
-6.65508
-6.65605
-6.65508
-6.6567
-6.65573
-6.6567
-6.65735
-6.65735
-6.65864
-6.6567
-6.65508
-6.65443
-6.6554
-6.65573
-6.65443
-6.65573
-6.65508
-6.65605
-6.6554
-6.65605
-6.65443
-6.65443
-6.6567
-6.65702
-6.65702
-6.65767
-6.65767
-6.65637
-6.65508
-6.6567
-6.6567
-6.65637
-6.65573
-6.65831
-6.65993
-6.66187
-6.66187
-6.6622
-6.66317
-6.66123
-6.65993
-6.65864
-6.65896
-6.65961
-6.65993
-6.65961
-6.65799
-6.65831
-6.65637
-6.65669
-6.65637
-6.65443
-6.65443
-6.6541
-6.65475
-6.65702
-6.65637
-6.65572
-6.6554
-6.65475
-6.65475
-6.65248
-6.6541
-6.65475
-6.65442
-6.6541
-6.65248
-6.6541
-6.65507
-6.65669
-6.65701
-6.65798
-6.6541
-6.65313
-6.65086
-6.65248
-6.65216
-6.65086
-6.65183
-6.65183
-6.65313
-6.6541
-6.65669
-6.65766
-6.65604
-6.65863
-6.65766
-6.65701
-6.65766
-6.65734
-6.65928
-6.65993
-6.66155
-6.66155
-6.66122
-6.66057
-6.66057
-6.65928
-6.65863
-6.65734
-6.65636
-6.65604
-6.65539
-6.65474
-6.65636
-6.65572
-6.65507
-6.65604
-6.65507
-6.65475
-6.65378
-6.65442
-6.6541
-6.65345
-6.65215
-6.65118
-6.65345
-6.65312
-6.6528
-6.65344
-6.65344
-6.65506
-6.6528
-6.65442
-6.65668
-6.65571
-6.65506
-6.65539
-6.65571
-6.65312
-6.65474
-6.65506
-6.65409
-6.65377
-6.65215
-6.65182
-6.65053
-6.64988
-6.6502
-6.6502
-6.65117
-6.65117
-6.65182
-6.65117
-6.47169
-6.47234
-6.47299
-6.47104
-6.47201
-6.47234
-6.47136
-6.47104
-6.46942
-6.4678
-6.47007
-6.4691
-6.4704
-6.47137
-6.47266
-6.47331
-6.47331
-6.47525
-6.47849
-6.47881
-6.47881
-6.47654
-6.4746
-6.47363
-6.47298
-6.47266
-6.46942
-6.46812
-6.46618
-6.46424
-6.46553
-6.46521
-6.46618
-6.46618
-6.4678
-6.47007
-6.47072
-6.47201
-6.47363
-6.47298
-6.47428
-6.47201
-6.47007
-6.47071
-6.47168
-6.46942
-6.47265
-6.47395
-6.47524
-6.47654
-6.47816
-6.47816
-6.47589
-6.47686
-6.47589
-6.47427
-6.47363
-6.47557
-6.47719
-6.47687
-6.4759
-6.47525
-6.47687
-6.47428
-6.47493
-6.47654
-6.47525
-6.47395
-6.47492
-6.4733
-6.47233
-6.47233
-6.47233
-6.47039
-6.47136
-6.47007
-6.47201
-6.47007
-6.47104
-6.47072
-6.47007
-6.47201
-6.47137
-6.47137
-6.47201
-6.47298
-6.47363
-6.4746
-6.4746
-6.47331
-6.47233
-6.47201
-6.47169
-6.47201
-6.47331
-6.47266
-6.47169
-6.47233
-6.47363
-6.47104
-6.46974
-6.47136
-6.47298
-6.47201
-6.47331
-6.47428
-6.47363
-6.4733
-6.4733
-6.47492
-6.47363
-6.47395
-6.47427
-6.47622
-6.47589
-6.47687
-6.47654
-6.47492
-6.47363
-6.47589
-6.4746
-6.4746
-6.47395
-6.47265
-6.47265
-6.4733
-6.4733
-6.47233
-6.47233
-6.47039
-6.47071
-6.47136
-6.47006
-6.47233
-6.47524
-6.47621
-6.47557
-6.47622
-6.47492
-6.47589
-6.47751
-6.4746
-6.47233
-6.47201
-6.47201
-6.47169
-6.47072
-6.46942
-6.4691
-6.47007
-6.46974
-6.46651
-6.46845
-6.46909
-6.46909
-6.4678
-6.47071
-6.47039
-6.46909
-6.47007
-6.46909
-6.46909
-6.46942
-6.46974
-6.47039
-6.46909
-6.47039
-6.47071
-6.47266
-6.47427
-6.47524
-6.4746
-6.47168
-6.47039
-6.47071
-6.47104
-6.47006
-6.47168
-6.47006
-6.47104
-6.47168
-6.47363
-6.47654
-6.47589
-6.47622
-6.47363
-6.47298
-6.47427
-6.47395
-6.47265
-6.47201
-6.47071
-6.47233
-6.47363
-6.47233
-6.47298
-6.47395
-6.4746
-6.47524
-6.4746
-6.4733
-6.47265
-6.47427
-6.47297
-6.47362
-6.47395
-6.47557
-6.47686
-6.47557
-6.47589
-6.47427
-6.47395
-6.47363
-6.47265
-6.47525
-6.47524
-6.4733
-6.47265
-6.47395
-6.47265
-6.47427
-6.47071
-6.47006
-6.47136
-6.46942
-6.46844
-6.4678
-6.46683
-6.46909
-6.47039
-6.47072
-6.4678
-6.46813
-6.4678
-6.46813
-6.4691
-6.46878
-6.46975
-6.47007
-6.47169
-6.47234
-6.4746
-6.47396
-6.47266
-6.47298
-6.47331
-6.47169
-6.47007
-6.47072
-6.47136
-6.47234
-6.47136
-6.47072
-6.47234
-6.47201
-6.47007
-6.47363
-6.47331
-6.47299
-6.47266
-6.47331
-6.47266
-6.47363
-6.47233
-6.47331
-6.4746
-6.47492
-6.47589
-6.47589
-6.47492
-6.47557
-6.47525
-6.47428
-6.47363
-6.47622
-6.4759
-6.47525
-6.47492
-6.4746
-6.47363
-6.47266
-6.47233
-6.47201
-6.47136
-6.47039
-6.47039
-6.46942
-6.47006
-6.47039
-6.47168
-6.47266
-6.4746
-6.47298
-6.47136
-6.47169
-6.47201
-6.47234
-6.47201
-6.47622
-6.4746
-6.47557
-6.47427
-6.47395
-6.47168
-6.47039
-6.47039
-6.46877
-6.46747
-6.4678
-6.46941
-6.46974
-6.47071
-6.47103
-6.46909
-6.46812
-6.4678
-6.46585
-6.46585
-6.46747
-6.46747
-6.46877
-6.46845
-6.46877
-6.46942
-6.46909
-6.47071
-6.47168
-6.47395
-6.4746
-6.47395
-6.47589
-6.47654
-6.47719
-6.47978
-6.4801
-6.47816
-6.47719
-6.47589
-6.47492
-6.47524
-6.4733
-6.47104
-6.46974
-6.46715
-6.46715
-6.46845
-6.47039
-6.47039
-6.46974
-6.47201
-6.47233
-6.47201
-6.47201
-6.47168
-6.47071
-6.47071
-6.46909
-6.46845
-6.46942
-6.46845
-6.47039
-6.47104
-6.47072
-6.47169
-6.47298
-6.47298
-6.47266
-6.47233
-6.47298
-6.47233
-6.47331
-6.47233
-6.47136
-6.47201
-6.47071
-6.47298
-6.47298
-6.47265
-6.47362
-6.47265
-6.47136
-6.47233
-6.4733
-6.47266
-6.47428
-6.47428
-6.47493
-6.47557
-6.47428
-6.47363
-6.47169
-6.47136
-6.47266
-6.47363
-6.47492
-6.4746
-6.47492
-6.47395
-6.47525
-6.47525
-6.47266
-6.47039
-6.47104
-6.47136
-6.4691
-6.47007
-6.47331
-6.47136
-6.46942
-6.4746
-6.47395
-6.47363
-6.47395
-6.4733
-6.47168
-6.47201
-6.46974
-6.47039
-6.47168
-6.47104
-6.47039
-6.47233
-6.47136
-6.472
-6.47168
-6.472
-6.47103
-6.47233
-6.47298
-6.47686
-6.47687
-6.47622
-6.47557
-6.4746
-6.47427
-6.4733
-6.47395
-6.47071
-6.47168
-6.4733
-6.47103
-6.47103
-6.47039
-6.46974
-6.46942
-6.47071
-6.46909
-6.46942
-6.46909
-6.47006
-6.47201
-6.47266
-6.47395
-6.47395
-6.47363
-6.47298
-6.47428
-6.4746
-6.47298
-6.47233
-6.47298
-6.47363
-6.47428
-6.4746
-6.47589
-6.47557
-6.47557
-6.47686
-6.47395
-6.47524
-6.4746
-6.4733
-6.47363
-6.47168
-6.47006
-6.47006
-6.46974
-6.46845
-6.46877
-6.46845
-6.46813
-6.46975
-6.46845
-6.46845
-6.46975
-6.46974
-6.4691
-6.4678
-6.46521
-6.46586
-6.46748
-6.46651
-6.46683
-6.46586
-6.46683
-6.46651
-6.46618
-6.46651
-6.46813
-6.46878
-6.46683
-6.4691
-6.46877
-6.4691
-6.46877
-6.46942
-6.47039
-6.47071
-6.46974
-6.47007
-6.46877
-6.46715
-6.46683
-6.46878
-6.47007
-6.4704
-6.4691
-6.46975
-6.47234
-6.47169
-6.47363
-6.47363
-6.47557
-6.47654
-6.47784
-6.47978
-6.47849
-6.47719
-6.47655
-6.47687
-6.47557
-6.47557
-6.47395
-6.47395
-6.4746
-6.47557
-6.47298
-6.47298
-6.46942
-6.46942
-6.46942
-6.47072
-6.47007
-6.47039
-6.46974
-6.47039
-6.47039
-6.47201
-6.47331
-6.47396
-6.47331
-6.47396
-6.47428
-6.4746
-6.47395
-6.47298
-6.47169
-6.47169
-6.47136
-6.47169
-6.46942
-6.47007
-6.47104
-6.47071
-6.47007
-6.47007
-6.47072
-6.47201
-6.47266
-6.47331
-6.4746
-6.47428
-6.47331
-6.47201
-6.47331
-6.47104
-6.47007
-6.47169
-6.47104
-6.47331
-6.47007
-6.47072
-6.47104
-6.47071
-6.46845
-6.46877
-6.47007
-6.47072
-6.47169
-6.47234
-6.47395
-6.47266
-6.47136
-6.47201
-6.47201
-6.47104
-6.47007
-6.47201
-6.47331
-6.47395
-6.47201
-6.47104
-6.47136
-6.47201
-6.46974
-6.47233
-6.47071
-6.47169
-6.47234
-6.47234
-6.47363
-6.4746
-6.47428
-6.4746
-6.47233
-6.46974
-6.47039
-6.47201
-6.47298
-6.47298
-6.47266
-6.47039
-6.46942
-6.46942
-6.47136
-6.46942
-6.46845
-6.46909
-6.46715
-6.4678
-6.46942
-6.46845
-6.46812
-6.47103
-6.47006
-6.47103
-6.47395
-6.47524
-6.47848
-6.47783
-6.47686
-6.47686
-6.47751
-6.47719
-6.47881
-6.47978
-6.47945
-6.47654
-6.47524
-6.47297
-6.47233
-6.47071
-6.472
-6.47265
-6.47168
-6.47006
-6.47265
-6.47492
-6.4733
-6.47136
-6.4733
-6.47201
-6.4733
-6.47363
-6.47265
-6.47265
-6.47168
-6.47168
-6.47201
-6.47298
-6.4733
-6.47427
-6.47557
-6.47589
-6.47525
-6.47428
-6.47331
-6.47298
-6.47007
-6.46942
-6.47071
-6.47007
-6.47104
-6.47071
-6.47104
-6.46974
-6.47007
-6.46877
-6.46812
-6.46974
-6.47201
-6.46909
-6.46974
-6.47071
-6.47071
-6.47104
-6.47039
-6.47168
-6.47136
-6.472
-6.47168
-6.47071
-6.46974
-6.47071
-6.47006
-6.46877
-6.46974
-6.47103
-6.47103
-6.47265
-6.47362
-6.472
-6.47265
-6.47686
-6.48107
-6.47977
-6.48269
-6.48204
-6.48075
-6.48237
-6.48172
-6.48107
-6.4801
-6.47848
-6.47848
-6.47848
-6.47751
-6.47686
-6.47718
-6.47718
-6.47654
-6.47654
-6.47524
-6.47589
-6.47589
-6.47492
-6.47427
-6.47556
-6.47524
-6.47395
-6.47233
-6.47103
-6.47233
-6.47265
-6.47103
-6.47265
-6.47395
-6.47265
-6.47395
-6.47265
-6.4733
-6.47395
-6.47362
-6.47298
-6.47201
-6.47265
-6.47168
-6.4733
-6.4746
-6.4746
-6.47298
-6.47265
-6.47395
-6.47298
-6.47233
-6.47168
-6.4733
-6.47362
-6.47233
-6.47395
-6.47492
-6.47362
-6.4733
-6.47459
-6.47427
-6.47524
-6.47459
-6.47524
-6.47395
-6.47395
-6.47492
-6.4746
-6.4733
-6.47362
-6.47427
-6.47524
-6.47394
-6.47329
-6.472
-6.47329
-6.47491
-6.472
-6.4733
-6.47459
-6.47654
-6.47654
-6.47719
-6.47945
-6.4788
-6.47686
-6.47621
-6.47783
-6.47621
-6.47557
-6.47492
-6.47459
-6.47556
-6.47394
-6.4733
-6.47168
-6.472
-6.47135
-6.47103
-6.47232
-6.47103
-6.47135
-6.47103
-6.46941
-6.46909
-6.46973
-6.46876
-6.46876
-6.46909
-6.46876
-6.46877
-6.46812
-6.46877
-6.46909
-6.46909
-6.47168
-6.472
-6.47168
-6.47103
-6.47168
-6.47297
-6.47362
-6.4733
-6.47427
-6.47233
-6.47297
-6.47233
-6.47006
-6.46909
-6.46974
-6.47039
-6.47038
-6.47265
-6.47362
-6.47297
-6.47459
-6.47199
-6.47394
-6.4707
-6.47005
-6.47005
-6.46973
-6.47102
-6.47199
-6.47426
-6.47329
-6.47394
-6.47394
-6.47491
-6.47426
-6.47265
-6.4707
-6.472
-6.472
-6.47427
-6.47394
-6.472
-6.4707
-6.47199
-6.4707
-6.47037
-6.47167
-6.47199
-6.47167
-6.4707
-6.47005
-6.47038
-6.47167
-6.46909
-6.46941
-6.47135
-6.47232
-6.47103
-6.46909
-6.46973
-6.46973
-6.47135
-6.472
-6.47168
-6.4707
-6.47006
-6.47038
-6.46876
-6.46811
-6.46909
-6.46844
-6.47038
-6.47103
-6.47103
-6.47103
-6.47006
-6.472
-6.47232
-6.47103
-6.47168
-6.47103
-6.472
-6.46973
-6.47071
-6.47297
-6.47265
-6.47265
-6.47232
-6.472
-6.47038
-6.47102
-6.47556
-6.47556
-6.47556
-6.47524
-6.4733
-6.47492
-6.47524
-6.4733
-6.47492
-6.47459
-6.47491
-6.47394
-6.47491
-6.47394
-6.47394
-6.47459
-6.47523
-6.47459
-6.47362
-6.47297
-6.47427
-6.47167
-6.472
-6.4707
-6.4707
-6.46973
-6.47038
-6.46973
-6.47102
-6.47103
-6.47232
-6.46811
-6.46811
-6.46843
-6.46811
-6.46843
-6.46811
-6.46876
-6.47199
-6.472
-6.47264
-6.47264
-6.47167
-6.472
-6.47297
-6.47362
-6.47232
-6.47329
-6.47362
-6.47264
-6.4707
-6.46876
-6.46811
-6.46649
-6.4652
-6.46487
-6.46617
-6.46682
-6.46747
-6.46714
-6.46747
-6.46812
-6.46973
-6.46941
-6.47103
-6.47038
-6.472
-6.4733
-6.4733
-6.47265
-6.47362
-6.47459
-6.47168
-6.47135
-6.47297
-6.47265
-6.47135
-6.47362
-6.47524
-6.47394
-6.5963
-6.59533
-6.59533
-6.5963
-6.59824
-6.59695
-6.59663
-6.59792
-6.59889
-6.59889
-6.60019
-6.60245
-6.60245
-6.60245
-6.60278
-6.60051
-6.60051
-6.59986
-6.59889
-6.59824
-6.59857
-6.59792
-6.5963
-6.59824
-6.59889
-6.59953
-6.60018
-6.59986
-6.59889
-6.59727
-6.59792
-6.59857
-6.59857
-6.59856
-6.59954
-6.59889
-6.60115
-6.59921
-6.59759
-6.60018
-6.60245
-6.60342
-6.60374
-6.60374
-6.60504
-6.60536
-6.60601
-6.6031
-6.6018
-6.60212
-6.60083
-6.59921
-6.59953
-6.6005
-6.60115
-6.59953
-6.59759
-6.59791
-6.595
-6.59532
-6.59694
-6.59792
-6.59953
-6.60083
-6.60148
-6.59953
-6.59791
-6.59597
-6.59597
-6.59533
-6.59662
-6.59565
-6.59597
-6.5963
-6.59694
-6.59694
-6.5963
-6.59759
-6.59727
-6.59824
-6.59856
-6.5963
-6.59662
-6.59727
-6.59759
-6.59824
-6.59857
-6.60213
-6.60148
-6.60245
-6.60277
-6.60212
-6.60148
-6.6018
-6.59986
-6.59856
-6.59662
-6.5963
-6.59759
-6.59695
-6.59792
-6.59759
-6.59824
-6.59759
-6.59986
-6.59954
-6.60213
-6.60083
-6.6018
-6.60213
-6.60375
-6.60439
-6.60213
-6.60083
-6.59857
-6.59727
-6.59662
-6.59598
-6.59533
-6.59533
-6.59694
-6.59727
-6.59824
-6.59727
-6.59986
-6.60245
-6.60245
-6.60245
-6.60018
-6.59889
-6.59889
-6.59953
-6.59889
-6.59791
-6.59824
-6.59791
-6.59791
-6.59791
-6.59888
-6.59986
-6.6005
-6.6018
-6.60277
-6.60342
-6.60245
-6.60245
-6.60212
-6.60147
-6.60245
-6.60244
-6.6018
-6.6018
-6.60245
-6.60147
-6.6018
-6.60212
-6.60082
-6.60341
-6.60277
-6.6005
-6.60017
-6.60082
-6.60114
-6.60276
-6.60309
-6.60115
-6.6018
-6.60342
-6.6018
-6.60083
-6.59986
-6.6018
-6.60148
-6.60374
-6.60342
-6.60245
-6.6018
-6.60018
-6.60018
-6.60018
-6.59921
-6.59727
-6.59727
-6.59791
-6.59629
-6.59597
-6.59824
-6.59856
-6.59985
-6.59888
-6.59985
-6.59985
-6.5992
-6.59823
-6.59953
-6.59726
-6.59694
-6.59856
-6.59856
-6.59953
-6.59856
-6.59823
-6.59985
-6.60017
-6.60017
-6.60114
-6.60147
-6.60115
-6.59823
-6.5992
-6.5992
-6.59823
-6.59823
-6.59791
-6.59953
-6.60114
-6.60017
-6.60114
-6.60341
-6.60373
-6.60374
-6.60503
-6.60341
-6.60341
-6.60179
-6.60179
-6.60082
-6.60082
-6.59888
-6.60082
-6.60115
-6.60147
-6.60115
-6.60276
-6.60276
-6.60147
-6.60114
-6.60082
-6.6005
-6.60179
-6.60049
-6.5992
-6.5992
-6.59888
-6.59985
-6.60017
-6.60179
-6.60309
-6.60374
-6.60536
-6.60536
-6.60341
-6.60471
-6.60503
-6.60438
-6.60438
-6.60244
-6.60114
-6.59952
-6.60114
-6.60049
-6.60049
-6.59887
-6.59887
-6.59726
-6.59758
-6.59596
-6.59628
-6.59693
-6.59758
-6.59628
-6.59531
-6.59499
-6.59531
-6.59661
-6.5979
-6.59628
-6.59693
-6.59628
-6.59693
-6.59564
-6.59629
-6.59823
-6.59823
-6.5979
-6.59952
-6.59985
-6.60179
-6.60244
-6.60082
-6.60244
-6.60243
-6.6034
-6.60243
-6.60146
-6.60179
-6.60179
-6.60373
-6.60373
-6.60341
-6.60308
-6.6047
-6.60535
-6.60373
-6.6034
-6.60405
-6.6047
-6.60405
-6.60146
-6.5992
-6.60017
-6.60049
-6.59952
-6.60049
-6.60017
-6.59984
-6.60016
-6.60211
-6.60113
-6.60081
-6.59952
-6.60017
-6.60049
-6.60049
-6.60017
-6.5992
-6.59984
-6.60017
-6.60178
-6.60211
-6.60146
-6.60081
-6.60017
-6.59952
-6.59984
-6.60049
-6.60017
-6.60082
-6.59952
-6.59823
-6.59661
-6.59693
-6.59628
-6.59402
-6.59531
-6.59596
-6.59661
-6.59499
-6.59434
-6.59402
-6.59531
-6.5966
-6.59628
-6.59401
-6.59369
-6.59369
-6.59272
-6.59401
-6.59466
-6.59693
-6.59919
-6.5992
-6.60017
-6.5992
-6.59855
-6.59823
-6.5992
-6.5992
-6.59887
-6.59855
-6.59725
-6.59725
-6.59628
-6.59466
-6.59434
-6.59661
-6.59693
-6.59628
-6.59823
-6.59855
-6.59952
-6.59985
-6.60082
-6.6005
-6.60147
-6.60276
-6.60211
-6.60244
-6.60211
-6.60017
-6.59952
-6.5992
-6.59855
-6.59919
-6.59887
-6.59919
-6.60146
-6.60178
-6.60017
-6.5992
-6.59887
-6.59855
-6.59952
-6.60179
-6.60276
-6.60276
-6.59985
-6.5992
-6.59985
-6.59985
-6.60017
-6.60146
-6.60049
-6.5992
-6.59823
-6.59952
-6.5992
-6.5992
-6.59758
-6.5979
-6.59855
-6.59726
-6.59661
-6.59531
-6.59402
-6.59693
-6.59726
-6.60049
-6.5992
-6.59791
-6.59791
-6.59758
-6.59564
-6.59531
-6.59467
-6.59434
-6.59499
-6.59337
-6.59467
-6.59467
-6.59564
-6.59726
-6.59758
-6.59953
-6.6005
-6.60244
-6.60082
-6.60212
-6.60341
-6.60309
-6.60244
-6.60017
-6.60082
-6.60017
-6.60017
-6.60147
-6.60276
-6.60341
-6.60082
-6.60082
-6.60082
-6.60147
-6.60114
-6.60017
-6.60147
-6.60114
-6.60211
-6.60017
-6.59985
-6.60049
-6.59919
-6.5979
-6.59919
-6.59952
-6.60016
-6.59984
-6.59952
-6.60049
-6.5992
-6.60049
-6.60049
-6.60146
-6.60179
-6.60243
-6.60049
-6.60082
-6.60082
-6.60211
-6.60211
-6.60211
-6.60211
-6.60373
-6.60437
-6.60373
-6.60308
-6.60049
-6.60049
-6.60049
-6.59952
-6.60082
-6.60146
-6.59855
-6.59758
-6.59693
-6.59725
-6.59952
-6.5992
-6.60179
-6.60081
-6.60243
-6.60049
-6.59952
-6.60017
-6.59984
-6.60017
-6.60082
-6.59985
-6.59823
-6.59887
-6.59855
-6.5979
-6.59758
-6.59596
-6.59855
-6.59758
-6.59952
-6.59952
-6.59758
-6.59693
-6.59823
-6.59984
-6.60276
-6.60373
-6.60308
-6.60502
-6.60211
-6.60179
-6.59855
-6.59564
-6.59661
-6.59628
-6.59823
-6.59952
-6.5979
-6.59887
-6.60114
-6.60179
-6.60049
-6.60081
-6.60081
-6.59952
-6.59757
-6.59952
-6.60049
-6.60114
-6.60081
-6.59984
-6.60114
-6.60081
-6.59887
-6.59628
-6.59757
-6.5966
-6.59628
-6.59692
-6.59563
-6.5953
-6.5953
-6.59692
-6.59369
-6.59239
-6.59369
-6.59304
-6.59272
-6.59239
-6.59272
-6.59272
-6.59336
-6.59433
-6.59563
-6.59854
-6.60081
-6.60016
-6.59984
-6.59919
-6.60016
-6.60178
-6.60341
-6.60405
-6.60244
-6.60243
-6.60308
-6.60243
-6.60017
-6.60437
-6.60405
-6.60308
-6.60114
-6.5979
-6.59887
-6.5979
-6.59693
-6.5979
-6.59952
-6.59887
-6.5992
-6.59887
-6.59887
-6.59855
-6.59887
-6.5979
-6.59887
-6.59887
-6.59952
-6.59887
-6.59854
-6.59725
-6.5979
-6.59693
-6.5979
-6.59693
-6.59725
-6.59919
-6.59693
-6.59758
-6.59725
-6.5966
-6.5966
-6.59725
-6.59563
-6.59693
-6.59692
-6.5966
-6.59887
-6.59757
-6.59498
-6.59434
-6.59498
-6.59531
-6.59628
-6.59466
-6.59336
-6.59434
-6.59434
-6.59239
-6.59369
-6.59531
-6.59725
-6.59919
-6.60016
-6.60113
-6.60178
-6.60275
-6.6034
-6.60437
-6.60405
-6.60016
-6.60049
-6.60178
-6.60178
-6.60146
-6.60178
-6.60146
-6.60178
-6.60307
-6.60243
-6.60178
-6.6021
-6.60146
-6.60178
-6.59952
-6.60016
-6.60049
-6.59854
-6.5979
-6.59692
-6.59563
-6.59563
-6.59628
-6.5953
-6.59466
-6.5953
-6.5966
-6.59757
-6.59951
-6.59951
-6.59919
-6.59757
-6.59692
-6.5953
-6.59239
-6.59013
-6.59077
-6.59174
-6.59142
-6.59271
-6.59368
-6.59433
-6.5953
-6.59498
-6.5953
-6.59336
-6.59336
-6.59303
-6.59304
-6.59271
-6.59369
-6.59531
-6.59498
-6.59563
-6.59725
-6.5979
-6.5966
-6.59757
-6.59854
-6.59854
-6.5979
-6.59822
-6.59854
-6.60049
-6.5979
-6.59822
-6.60081
-6.59887
-6.5966
-6.59725
-6.59595
-6.59498
-6.59434
-6.59466
-6.59434
-6.59239
-6.59401
-6.59337
-6.59758
-6.5966
-6.59822
-6.5979
-6.59822
-6.59725
-6.59692
-6.59725
-6.60081
-6.60081
-6.6021
-6.6021
-6.60113
-6.60016
-6.59984
-6.59952
-6.59822
-6.59854
-6.59725
-6.59498
-6.59595
-6.5979
-6.59952
-6.59984
-6.5979
-6.59757
-6.59887
-6.59822
-6.59919
-6.59693
-6.59563
-6.59628
-6.59693
-6.59596
-6.59596
-6.59822
-6.60049
-6.60049
-6.60146
-6.59822
-6.5992
-6.60049
-6.60017
-6.59984
-6.59952
-6.59855
-6.5966
-6.59725
-6.59498
-6.59757
-6.59919
-6.59855
-6.5979
-6.59531
-6.59401
-6.59272
-6.5924
-6.59563
-6.59887
-6.59919
-6.60081
-6.60178
-6.60211
-6.60178
-6.60049
-6.59984
-6.59919
-6.60016
-6.60049
-6.60308
-6.60211
-6.60114
-6.60049
-6.60114
-6.60211
-6.60178
-6.60081
-6.60081
-6.59984
-6.59984
-6.59887
-6.5979
-6.59854
-6.59919
-6.59725
-6.59822
-6.59951
-6.59919
-6.59984
-6.59854
-6.59952
-6.59887
-6.59822
-6.59952
-6.60049
-6.59919
-6.5979
-6.59854
-6.59757
-6.59757
-6.59693
-6.5966
-6.59887
-6.59951
-6.59887
-6.60146
-6.60081
-6.59984
-6.60049
-6.59887
-6.59757
-6.59595
-6.59595
-6.5966
-6.59757
-6.59693
-6.5979
-6.60081
-6.60081
-6.60049
-6.59919
-6.60049
-6.59952
-6.5992
-6.59984
-6.59919
-6.59919
-6.5979
-6.5966
-6.59531
-6.59628
-6.59628
-6.59757
-6.59692
-6.59919
-6.59725
-6.59757
-6.59693
-6.59563
-6.59466
-6.59758
-6.59887
-6.60146
-6.59952
-6.60017
-6.59887
-6.59952
-6.60049
-6.60179
-6.60244
-6.60244
-6.60503
-6.60503
-6.60568
-6.60632
-6.60438
-6.60147
-6.60147
-6.60211
-6.60017
-6.60017
-6.60017
-6.59855
-6.59758
-6.59855
-6.59725
-6.59661
-6.59661
-6.59661
-6.59628
-6.59661
-6.59693
-6.5992
-6.59952
-6.59661
-6.59725
-6.59693
-6.59726
-6.59823
-6.5992
-6.59661
-6.59596
-6.59725
-6.59596
-6.59466
-6.59596
-6.5966
-6.59725
-6.59757
-6.59952
-6.59822
-6.59693
-6.59628
-6.59693
-6.59822
-6.5979
-6.59855
-6.59693
-6.59725
-6.59661
-6.5979
-6.59628
-6.59823
-6.59693
-6.59564
-6.59693
-6.59693
-6.5966
-6.59693
-6.59693
-6.59693
-6.59725
-6.59531
-6.59822
-6.59725
-6.59887
-6.60081
-6.60114
-6.60081
-6.60146
-6.60211
-6.60146
-6.60405
-6.60308
-6.60276
-6.6034
-6.60405
-6.60211
-6.60243
-6.60178
-6.60405
-6.60437
-6.60405
-6.60211
-6.60114
-6.60114
-6.60211
-6.60438
-6.60405
-6.60308
-6.60081
-6.60049
-6.60082
-6.60049
-6.59758
-6.5979
-6.59952
-6.59822
-6.59693
-6.59596
-6.59628
-6.59531
-6.59596
-6.59693
-6.59725
-6.5979
-6.59661
-6.59596
-6.59499
-6.59434
-6.59402
-6.59499
-6.59466
-6.59434
-6.59337
-6.59272
-6.51658
-6.5182
-6.52014
-6.52111
-6.52079
-6.51852
-6.51852
-6.51949
-6.51787
-6.51949
-6.51852
-6.51723
-6.51723
-6.51788
-6.5169
-6.51755
-6.5182
-6.51723
-6.51884
-6.5182
-6.52014
-6.52046
-6.52046
-6.51917
-6.51852
-6.51949
-6.5169
-6.5156
-6.51658
-6.51819
-6.51917
-6.51755
-6.51852
-6.51981
-6.52208
-6.52241
-6.51982
-6.52144
-6.52305
-6.52208
-6.52273
-6.52144
-6.52111
-6.52014
-6.52273
-6.52435
-6.52467
-6.52402
-6.52466
-6.52143
-6.51981
-6.52143
-6.51916
-6.51754
-6.51625
-6.51495
-6.51431
-6.51334
-6.51333
-6.51301
-6.51431
-6.51528
-6.5156
-6.51754
-6.51625
-6.51689
-6.51786
-6.5156
-6.51592
-6.51624
-6.51689
-6.51754
-6.51819
-6.51721
-6.51624
-6.51495
-6.51689
-6.51883
-6.52013
-6.52045
-6.52045
-6.51981
-6.52207
-6.52402
-6.52499
-6.52434
-6.52337
-6.52207
-6.52207
-6.52272
-6.52175
-6.52272
-6.52175
-6.5211
-6.5211
-6.52207
-6.52304
-6.52336
-6.52175
-6.51916
-6.51948
-6.51916
-6.51883
-6.52045
-6.52109
-6.5185
-6.52045
-6.52077
-6.52045
-6.52077
-6.5198
-6.51786
-6.51915
-6.51915
-6.51883
-6.51915
-6.51753
-6.51688
-6.51721
-6.51721
-6.51785
-6.51753
-6.51624
-6.52012
-6.51883
-6.51915
-6.5198
-6.52077
-6.52044
-6.5198
-6.51818
-6.51785
-6.51753
-6.51721
-6.51818
-6.52109
-6.52077
-6.52012
-6.52077
-6.51915
-6.52012
-6.5185
-6.51882
-6.5185
-6.51882
-6.51818
-6.5185
-6.5185
-6.51623
-6.51688
-6.51817
-6.51947
-6.52011
-6.5227
-6.52303
-6.52238
-6.5227
-6.52335
-6.52367
-6.52335
-6.52303
-6.52238
-6.52303
-6.52206
-6.52141
-6.52238
-6.52335
-6.524
-6.52303
-6.52303
-6.5227
-6.52659
-6.52562
-6.52497
-6.52497
-6.52432
-6.5227
-6.5227
-6.52335
-6.52303
-6.52141
-6.52109
-6.52109
-6.52044
-6.52206
-6.5227
-6.52109
-6.52141
-6.52141
-6.52206
-6.51979
-6.51979
-6.52141
-6.52109
-6.52076
-6.52076
-6.51817
-6.51785
-6.51688
-6.51785
-6.51785
-6.51817
-6.51946
-6.51979
-6.51947
-6.51882
-6.51979
-6.52109
-6.52238
-6.52109
-6.52077
-6.52077
-6.52141
-6.52174
-6.52012
-6.52271
-6.52335
-6.52335
-6.52141
-6.52335
-6.52271
-6.52271
-6.52238
-6.52109
-6.51979
-6.51817
-6.51817
-6.51947
-6.52012
-6.52012
-6.52012
-6.52044
-6.52141
-6.52044
-6.52271
-6.52206
-6.52174
-6.52238
-6.52238
-6.52238
-6.52141
-6.52141
-6.52044
-6.52109
-6.5185
-6.51753
-6.51753
-6.51753
-6.52012
-6.52238
-6.52335
-6.52368
-6.5253
-6.52497
-6.52659
-6.52303
-6.524
-6.52303
-6.52206
-6.52012
-6.5198
-6.52044
-6.52012
-6.51979
-6.52012
-6.51915
-6.51947
-6.51915
-6.51979
-6.51817
-6.52012
-6.5198
-6.52109
-6.52239
-6.52206
-6.52077
-6.52077
-6.52239
-6.52368
-6.524
-6.52044
-6.5172
-6.51688
-6.51721
-6.51559
-6.5172
-6.51882
-6.51818
-6.51818
-6.51979
-6.5185
-6.51818
-6.51656
-6.51688
-6.51882
-6.51817
-6.51817
-6.51817
-6.51979
-6.5185
-6.51882
-6.5185
-6.52076
-6.52206
-6.52238
-6.52368
-6.52433
-6.52401
-6.52401
-6.52368
-6.52465
-6.52401
-6.52109
-6.52336
-6.52336
-6.52239
-6.52174
-6.52303
-6.524
-6.52076
-6.52011
-6.52044
-6.52011
-6.52044
-6.52044
-6.524
-6.52271
-6.52076
-6.52012
-6.52076
-6.52011
-6.51979
-6.52141
-6.52206
-6.52206
-6.52238
-6.5227
-6.52173
-6.52335
-6.52367
-6.52108
-6.52206
-6.52173
-6.52206
-6.52141
-6.52335
-6.52238
-6.52141
-6.52173
-6.51947
-6.51785
-6.51785
-6.51785
-6.51688
-6.5159
-6.51623
-6.51558
-6.51623
-6.51526
-6.51655
-6.5172
-6.51849
-6.51914
-6.51979
-6.51914
-6.51979
-6.52044
-6.52141
-6.52076
-6.52011
-6.51882
-6.51882
-6.51914
-6.51915
-6.51915
-6.51882
-6.51979
-6.51979
-6.52141
-6.52303
-6.52303
-6.52174
-6.52174
-6.52141
-6.52173
-6.52141
-6.52238
-6.52303
-6.52335
-6.524
-6.52238
-6.52368
-6.52432
-6.52562
-6.52691
-6.52594
-6.52627
-6.524
-6.52691
-6.52432
-6.52627
-6.52529
-6.52529
-6.524
-6.5253
-6.52335
-6.52238
-6.52206
-6.52141
-6.51979
-6.51947
-6.52109
-6.52173
-6.52076
-6.52109
-6.52076
-6.52044
-6.51979
-6.51752
-6.51753
-6.51494
-6.51623
-6.51688
-6.51752
-6.51817
-6.51947
-6.52076
-6.52109
-6.51947
-6.52141
-6.524
-6.52465
-6.524
-6.52303
-6.52044
-6.52044
-6.5198
-6.51915
-6.51947
-6.51817
-6.52044
-6.51882
-6.51979
-6.51979
-6.51914
-6.51914
-6.51882
-6.51817
-6.51785
-6.51947
-6.51947
-6.51979
-6.52108
-6.52173
-6.52173
-6.52529
-6.52626
-6.52497
-6.52497
-6.5227
-6.52173
-6.5227
-6.52173
-6.52044
-6.52044
-6.51979
-6.52108
-6.52205
-6.52076
-6.51784
-6.51655
-6.51881
-6.51946
-6.52043
-6.52043
-6.52075
-6.52205
-6.52432
-6.52302
-6.52205
-6.52108
-6.52141
-6.52238
-6.52044
-6.52108
-6.52173
-6.51882
-6.51817
-6.51784
-6.51784
-6.51622
-6.51751
-6.51719
-6.51557
-6.51427
-6.5146
-6.5146
-6.51428
-6.5159
-6.51687
-6.51719
-6.51817
-6.51687
-6.51331
-6.5146
-6.51557
-6.51525
-6.5159
-6.51557
-6.51395
-6.51525
-6.51589
-6.51589
-6.51557
-6.5146
-6.51622
-6.51849
-6.52075
-6.52043
-6.51978
-6.5201
-6.52043
-6.51913
-6.52302
-6.52205
-6.52043
-6.5201
-6.52107
-6.52043
-6.51945
-6.51751
-6.51913
-6.51881
-6.52043
-6.51978
-6.5201
-6.52237
-6.52205
-6.52237
-6.5214
-6.52107
-6.5214
-6.51978
-6.51881
-6.51945
-6.52043
-6.51913
-6.51978
-6.51946
-6.51946
-6.51881
-6.51913
-6.51978
-6.52011
-6.5214
-6.52237
-6.52173
-6.52173
-6.52011
-6.51978
-6.52108
-6.5214
-6.52043
-6.5214
-6.52302
-6.5227
-6.5227
-6.52302
-6.52205
-6.52432
-6.52335
-6.52432
-6.52335
-6.524
-6.52367
-6.52237
-6.52237
-6.52205
-6.51946
-6.51816
-6.51784
-6.51881
-6.51816
-6.51816
-6.51752
-6.51687
-6.51817
-6.51817
-6.51785
-6.51752
-6.52044
-6.52141
-6.51979
-6.524
-6.52561
-6.52561
-6.52431
-6.52431
-6.52432
-6.52367
-6.52302
-6.52076
-6.52043
-6.52011
-6.52173
-6.52497
-6.52432
-6.52464
-6.52561
-6.52529
-6.52432
-6.52367
-6.52497
-6.52335
-6.52205
-6.52237
-6.52496
-6.52367
-6.52173
-6.51946
-6.52141
-6.52044
-6.52141
-6.52011
-6.52238
-6.52335
-6.52432
-6.52497
-6.524
-6.52464
-6.52464
-6.52238
-6.52205
-6.52173
-6.51947
-6.52173
-6.52205
-6.52335
-6.52335
-6.52335
-6.5227
-6.52141
-6.52205
-6.51979
-6.51849
-6.51914
-6.52044
-6.51979
-6.51882
-6.52044
-6.52011
-6.52076
-6.51849
-6.51784
-6.51849
-6.51687
-6.51752
-6.51687
-6.51719
-6.51622
-6.51914
-6.51978
-6.51784
-6.51914
-6.5214
-6.52108
-6.52173
-6.52076
-6.51849
-6.51882
-6.51946
-6.51946
-6.52141
-6.52141
-6.52108
-6.52173
-6.52108
-6.52237
-6.52302
-6.52302
-6.52367
-6.5227
-6.52496
-6.52529
-6.52367
-6.52335
-6.52529
-6.52497
-6.52464
-6.52432
-6.52432
-6.5227
-6.52367
-6.52399
-6.5214
-6.52011
-6.5201
-6.5201
-6.51881
-6.52237
-6.5214
-6.52173
-6.52529
-6.52496
-6.52561
-6.52529
-6.52658
-6.52658
-6.52432
-6.52431
-6.52302
-6.52173
-6.52108
-6.52011
-6.51946
-6.51978
-6.5201
-6.52011
-6.52075
-6.51946
-6.51914
-6.51914
-6.51816
-6.51752
-6.51816
-6.51881
-6.51849
-6.51816
-6.52043
-6.51913
-6.5201
-6.52043
-6.52075
-6.5214
-6.52075
-6.52108
-6.52108
-6.5214
-6.52205
-6.52205
-6.52107
-6.51719
-6.51816
-6.52043
-6.52108
-6.52043
-6.52075
-6.51914
-6.51946
-6.52108
-6.52237
-6.5227
-6.52464
-6.52723
-6.52691
-6.5282
-6.52723
-6.52658
-6.52334
-6.52205
-6.52108
-6.5214
-6.52237
-6.52108
-6.51784
-6.52011
-6.52075
-6.52075
-6.51978
-6.51978
-6.52011
-6.5201
-6.52075
-6.52043
-6.51945
-6.51881
-6.51978
-6.51881
-6.52043
-6.52107
-6.5214
-6.5201
-6.52237
-6.52399
-6.52496
-6.5256
-6.52722
-6.52722
-6.52593
-6.52787
-6.52463
-6.52496
-6.52301
-6.52463
-6.52399
-6.5214
-6.5214
-6.51945
-6.51816
-6.51783
-6.52042
-6.51978
-6.51945
-6.51945
-6.51913
-6.51815
-6.51848
-6.5188
-6.51977
-6.51945
-6.52042
-6.52075
-6.52236
-6.52463
-6.5256
-6.52431
-6.52399
-6.52302
-6.52367
-6.52302
-6.52334
-6.52269
-6.52204
-6.51945
-6.51945
-6.51913
-6.51945
-6.51945
-6.51945
-6.52139
-6.52236
-6.52107
-6.52204
-6.52269
-6.52139
-6.51977
-6.52139
-6.52366
-6.52204
-6.52398
-6.52398
-6.52593
-6.52625
-6.52787
-6.52593
-6.52366
-6.52204
-6.5201
-6.51848
-6.51815
-6.51815
-6.51718
-6.51653
-6.51621
-6.5175
-6.51621
-6.5175
-6.51751
-6.51686
-6.51815
-6.5188
-6.52042
-6.52269
-6.52042
-6.5188
-6.52042
-6.52204
-6.52236
-6.52495
-6.52398
-6.52463
-6.52366
-6.52398
-6.52333
-6.52107
-6.52009
-6.51847
-6.5175
-6.52042
-6.52301
-6.52139
-6.52107
-6.52139
-6.5201
-6.52204
-6.52236
-6.52236
-6.52042
-6.52236
-6.5201
-6.52042
-6.52107
-6.51977
-6.52172
-6.51913
-6.5188
-6.51848
-6.51719
-6.51654
-6.51848
-6.52075
-6.52204
-6.52399
-6.52528
-6.52755
-6.52722
-6.5269
-6.52658
-6.52399
-6.52561
-6.52593
-6.52431
-6.52366
-6.52204
-6.52043
-6.52042
-6.52172
-6.52269
-6.52139
-6.52172
-6.52074
-6.51977
-6.51945
-6.52042
-6.51945
-6.51945
-6.51945
-6.5188
-6.51978
-6.52107
-6.52172
-6.52107
-6.52204
-6.5201
-6.51913
-6.51945
-6.51945
-6.5188
-6.5201
-6.52172
-6.52236
-6.52333
-6.52431
-6.52172
-6.52204
-6.52333
-6.52528
-6.52398
-6.52333
-6.52301
-6.52301
-6.52431
-6.52399
-6.52496
-6.52561
-6.52722
-6.52755
-6.52528
-6.52399
-6.52366
-6.52237
-6.52236
-6.52334
-6.52269
-6.52204
-6.52399
-6.52204
-6.52301
-6.52463
-6.52399
-6.52237
-6.52269
-6.52431
-6.52269
-6.52075
-6.51881
-6.51784
-6.51849
-6.51784
-6.51751
-6.51751
-6.51622
-6.51687
-6.51622
-6.51654
-6.51784
-6.51817
-6.5214
-6.5214
-6.52076
-6.52367
-6.52108
-6.5214
-6.52043
-6.51979
-6.52205
-6.52011
-6.52205
-6.52108
-6.52173
-6.68369
-6.68434
-6.6824
-6.68239
-6.68401
-6.68434
-6.68499
-6.68596
-6.68596
-6.68466
-6.68369
-6.68466
-6.6866
-6.68757
-6.68822
-6.68919
-6.68952
-6.68984
-6.69081
-6.68984
-6.69114
-6.69049
-6.69211
-6.69146
-6.69211
-6.69114
-6.68758
-6.68855
-6.68887
-6.6879
-6.68758
-6.68726
-6.68661
-6.68564
-6.68564
-6.68564
-6.68466
-6.68337
-6.68337
-6.68401
-6.68434
-6.6866
-6.68822
-6.68952
-6.68919
-6.6879
-6.68855
-6.68823
-6.68661
-6.68628
-6.68855
-6.68823
-6.68758
-6.68661
-6.68985
-6.68855
-6.68952
-6.68888
-6.68661
-6.68467
-6.68531
-6.68693
-6.68726
-6.68888
-6.68855
-6.6892
-6.68628
-6.68531
-6.68563
-6.68466
-6.68434
-6.68304
-6.68272
-6.68142
-6.68304
-6.68401
-6.68337
-6.68337
-6.68207
-6.68369
-6.68466
-6.68758
-6.68758
-6.68822
-6.68758
-6.68628
-6.68595
-6.6879
-6.6879
-6.68725
-6.68692
-6.68822
-6.68822
-6.68855
-6.68887
-6.6879
-6.68725
-6.68822
-6.68628
-6.68304
-6.68174
-6.68077
-6.68207
-6.68466
-6.68336
-6.68401
-6.68466
-6.68466
-6.68466
-6.68272
-6.68239
-6.68304
-6.68304
-6.68207
-6.68369
-6.68369
-6.68207
-6.68272
-6.68077
-6.68174
-6.68174
-6.68012
-6.68077
-6.68239
-6.68207
-6.68175
-6.68142
-6.6811
-6.68239
-6.68401
-6.68304
-6.68239
-6.68401
-6.68628
-6.68466
-6.68271
-6.68207
-6.68045
-6.68109
-6.67818
-6.68077
-6.68174
-6.68142
-6.68045
-6.68109
-6.68142
-6.68174
-6.6798
-6.6798
-6.68012
-6.68239
-6.68369
-6.68433
-6.68304
-6.68271
-6.68207
-6.68401
-6.68595
-6.6866
-6.68563
-6.6866
-6.68951
-6.68789
-6.68724
-6.68627
-6.68498
-6.68627
-6.6866
-6.68595
-6.68595
-6.6853
-6.68563
-6.68789
-6.69016
-6.69016
-6.68984
-6.69081
-6.68757
-6.68692
-6.68725
-6.68693
-6.68854
-6.6879
-6.68757
-6.68789
-6.68627
-6.68368
-6.68401
-6.68466
-6.68595
-6.68401
-6.68498
-6.68336
-6.68304
-6.68142
-6.68207
-6.68272
-6.6811
-6.68272
-6.68207
-6.68369
-6.68336
-6.68272
-6.68304
-6.68175
-6.6798
-6.6811
-6.68045
-6.68174
-6.68272
-6.68272
-6.68207
-6.68369
-6.68401
-6.68369
-6.68595
-6.68628
-6.68531
-6.68466
-6.68401
-6.68401
-6.68498
-6.68466
-6.68498
-6.68563
-6.6866
-6.6879
-6.6879
-6.6879
-6.68757
-6.68725
-6.68692
-6.68693
-6.68628
-6.68596
-6.6879
-6.68887
-6.6892
-6.6879
-6.68823
-6.68693
-6.68693
-6.68596
-6.68466
-6.68563
-6.68563
-6.68628
-6.68628
-6.68563
-6.68434
-6.68175
-6.68207
-6.6824
-6.68175
-6.68272
-6.68175
-6.68337
-6.68499
-6.68272
-6.68272
-6.68304
-6.6824
-6.68207
-6.6811
-6.68175
-6.6811
-6.6824
-6.68402
-6.68434
-6.68434
-6.68369
-6.68239
-6.68142
-6.68175
-6.68175
-6.68336
-6.68272
-6.68239
-6.68207
-6.68272
-6.68077
-6.68045
-6.6811
-6.68142
-6.68304
-6.68304
-6.68369
-6.68239
-6.68336
-6.68304
-6.68369
-6.68434
-6.68498
-6.68304
-6.68272
-6.68207
-6.68401
-6.68433
-6.68401
-6.68304
-6.68207
-6.68466
-6.68207
-6.68272
-6.68207
-6.68466
-6.68466
-6.68531
-6.68531
-6.68693
-6.68758
-6.68661
-6.68984
-6.68628
-6.68855
-6.68628
-6.6866
-6.68628
-6.68596
-6.68693
-6.68304
-6.68499
-6.68401
-6.68369
-6.68013
-6.6811
-6.68175
-6.68078
-6.68045
-6.67916
-6.67851
-6.67819
-6.67722
-6.67851
-6.68078
-6.68078
-6.68045
-6.68142
-6.68077
-6.68077
-6.68239
-6.68466
-6.68499
-6.68725
-6.68596
-6.68628
-6.68499
-6.68499
-6.68596
-6.68726
-6.68596
-6.68628
-6.68725
-6.6892
-6.69081
-6.69017
-6.69017
-6.6892
-6.69049
-6.68887
-6.68693
-6.68499
-6.68402
-6.68596
-6.68369
-6.68369
-6.68207
-6.68304
-6.68045
-6.68207
-6.6824
-6.68402
-6.68499
-6.68402
-6.68369
-6.68564
-6.68337
-6.68369
-6.68531
-6.68628
-6.68693
-6.68725
-6.68628
-6.68531
-6.68369
-6.68175
-6.68337
-6.68175
-6.6811
-6.68078
-6.68175
-6.68304
-6.68369
-6.68304
-6.68142
-6.68369
-6.68207
-6.68077
-6.68239
-6.68142
-6.68142
-6.68142
-6.68175
-6.68498
-6.68563
-6.68498
-6.68304
-6.68466
-6.68531
-6.68595
-6.68369
-6.68369
-6.68401
-6.68207
-6.68272
-6.68433
-6.68466
-6.68336
-6.68434
-6.68304
-6.68142
-6.6811
-6.68142
-6.68271
-6.68207
-6.68304
-6.68336
-6.68433
-6.68498
-6.68692
-6.68692
-6.68789
-6.68595
-6.68563
-6.68563
-6.6866
-6.68887
-6.68757
-6.69016
-6.68887
-6.68693
-6.68725
-6.68757
-6.68563
-6.68758
-6.6879
-6.68725
-6.6866
-6.68531
-6.68531
-6.68466
-6.68531
-6.68401
-6.68401
-6.67981
-6.68013
-6.67916
-6.68013
-6.68143
-6.68045
-6.6811
-6.68207
-6.68175
-6.68078
-6.68045
-6.68175
-6.68402
-6.68628
-6.6866
-6.68466
-6.68401
-6.68498
-6.68239
-6.68498
-6.68498
-6.68596
-6.68336
-6.68272
-6.68239
-6.68175
-6.68272
-6.68369
-6.68563
-6.68628
-6.68596
-6.68466
-6.68499
-6.68337
-6.68531
-6.68369
-6.68466
-6.68207
-6.6824
-6.68369
-6.68531
-6.68563
-6.68498
-6.68563
-6.68142
-6.68207
-6.68401
-6.68304
-6.68207
-6.68304
-6.68401
-6.68499
-6.68466
-6.68531
-6.68596
-6.68596
-6.68693
-6.68661
-6.68628
-6.68725
-6.68466
-6.68434
-6.68434
-6.68563
-6.68757
-6.68822
-6.68984
-6.68757
-6.6879
-6.6879
-6.6879
-6.6866
-6.68725
-6.68304
-6.68207
-6.68175
-6.6811
-6.67981
-6.6811
-6.6811
-6.68013
-6.68045
-6.68175
-6.68207
-6.68336
-6.68369
-6.68369
-6.68401
-6.68498
-6.68531
-6.68466
-6.68563
-6.68304
-6.68239
-6.68401
-6.68369
-6.68304
-6.68369
-6.68823
-6.69017
-6.68952
-6.68823
-6.68855
-6.68661
-6.68628
-6.68596
-6.68563
-6.68531
-6.68564
-6.68402
-6.68628
-6.68531
-6.68531
-6.68661
-6.68726
-6.68758
-6.68661
-6.68564
-6.68661
-6.68661
-6.68823
-6.68952
-6.68758
-6.68726
-6.68596
-6.68693
-6.68725
-6.6879
-6.6879
-6.6879
-6.68596
-6.68434
-6.68402
-6.68596
-6.68434
-6.6837
-6.68434
-6.68305
-6.68337
-6.68305
-6.68175
-6.68208
-6.68078
-6.68143
-6.6811
-6.68143
-6.68175
-6.68272
-6.68369
-6.68175
-6.68272
-6.68175
-6.68175
-6.68208
-6.68272
-6.68143
-6.6824
-6.6824
-6.68208
-6.68273
-6.68499
-6.68467
-6.68467
-6.68402
-6.68402
-6.68499
-6.68402
-6.68338
-6.68435
-6.68402
-6.68402
-6.68629
-6.685
-6.68597
-6.68532
-6.68305
-6.6837
-6.68305
-6.68175
-6.68111
-6.6824
-6.68305
-6.68273
-6.68305
-6.68273
-6.68467
-6.68532
-6.68499
-6.68435
-6.68338
-6.68597
-6.685
-6.68402
-6.68338
-6.6837
-6.68273
-6.68305
-6.68402
-6.68111
-6.68176
-6.68079
-6.67982
-6.67917
-6.67852
-6.67788
-6.67852
-6.6795
-6.67917
-6.67982
-6.67917
-6.68047
-6.6837
-6.6837
-6.68338
-6.68533
-6.68565
-6.68533
-6.68662
-6.68792
-6.68824
-6.6863
-6.68759
-6.69051
-6.68791
-6.68662
-6.68565
-6.68306
-6.6837
-6.68338
-6.68176
-6.68144
-6.68111
-6.68273
-6.68176
-6.68111
-6.68241
-6.68208
-6.68435
-6.68565
-6.68629
-6.68791
-6.68662
-6.6905
-6.69115
-6.69309
-6.69245
-6.68888
-6.68791
-6.68662
-6.68694
-6.68435
-6.68403
-6.68597
-6.685
-6.68435
-6.68532
-6.68662
-6.68726
-6.68694
-6.68597
-6.685
-6.68565
-6.68403
-6.68176
-6.68079
-6.68047
-6.68079
-6.67982
-6.68111
-6.68046
-6.68208
-6.68467
-6.6837
-6.68273
-6.68176
-6.68079
-6.67691
-6.67788
-6.6795
-6.6782
-6.67885
-6.68015
-6.68079
-6.68371
-6.68274
-6.68273
-6.68176
-6.68176
-6.68273
-6.68468
-6.68694
-6.68435
-6.68436
-6.68371
-6.68403
-6.68306
-6.68468
-6.68501
-6.68695
-6.68598
-6.68856
-6.68824
-6.68727
-6.68824
-6.68468
-6.68435
-6.68468
-6.68435
-6.68436
-6.68371
-6.68306
-6.68306
-6.68144
-6.68306
-6.68274
-6.68435
-6.68468
-6.68435
-6.685
-6.68662
-6.68759
-6.68662
-6.68468
-6.68597
-6.685
-6.68565
-6.68759
-6.68532
-6.68533
-6.68824
-6.68889
-6.68921
-6.68954
-6.68792
-6.69051
-6.69019
-6.69051
-6.68922
-6.69083
-6.68921
-6.68889
-6.68824
-6.68695
-6.68695
-6.68533
-6.68565
-6.68501
-6.68501
-6.68112
-6.6808
-6.68047
-6.68047
-6.6795
-6.6808
-6.67983
-6.6808
-6.68209
-6.68145
-6.68306
-6.68436
-6.68469
-6.68598
-6.68436
-6.68436
-6.68371
-6.68436
-6.68566
-6.68566
-6.68469
-6.68469
-6.68469
-6.68663
-6.68728
-6.68857
-6.6876
-6.68469
-6.6863
-6.68566
-6.68533
-6.68566
-6.68533
-6.68663
-6.68695
-6.68598
-6.68631
-6.68696
-6.6876
-6.68987
-6.68631
-6.68663
-6.68566
-6.68339
-6.68177
-6.68242
-6.68242
-6.68372
-6.68339
-6.68404
-6.68436
-6.68274
-6.68275
-6.68372
-6.68501
-6.68469
-6.68501
-6.68372
-6.68372
-6.68469
-6.68534
-6.68599
-6.68469
-6.68566
-6.68307
-6.68307
-6.68469
-6.68469
-6.68404
-6.6821
-6.68307
-6.68469
-6.68696
-6.68825
-6.68761
-6.6889
-6.68955
-6.68825
-6.68502
-6.68469
-6.68437
-6.68469
-6.68664
-6.68696
-6.68793
-6.68858
-6.6902
-6.68923
-6.68955
-6.68955
-6.6902
-6.6915
-6.68891
-6.6902
-6.6902
-6.68923
-6.69052
-6.68923
-6.68664
-6.68761
-6.68534
-6.68664
-6.68696
-6.68599
-6.68632
-6.6847
-6.6847
-6.68535
-6.68502
-6.6847
-6.68373
-6.68405
-6.68308
-6.6834
-6.68373
-6.68275
-6.6834
-6.68308
-6.6834
-6.68275
-6.68243
-6.68243
-6.68308
-6.68437
-6.68535
-6.68534
-6.68534
-6.68696
-6.68696
-6.68761
-6.68696
-6.68308
-6.68275
-6.68308
-6.68599
-6.68858
-6.68988
-6.68858
-6.68535
-6.68664
-6.68664
-6.68859
-6.68858
-6.68858
-6.68761
-6.68696
-6.68632
-6.68373
-6.68438
-6.68891
-6.68988
-6.68956
-6.68859
-6.68956
-6.68924
-6.68956
-6.6915
-6.68956
-6.68956
-6.68794
-6.68794
-6.68503
-6.68535
-6.68341
-6.6792
-6.68114
-6.68049
-6.67887
-6.6792
-6.68082
-6.68082
-6.68179
-6.68211
-6.68114
-6.68179
-6.68212
-6.68309
-6.68179
-6.68373
-6.68665
-6.68762
-6.68827
-6.68859
-6.68956
-6.68989
-6.68891
-6.6873
-6.68794
-6.68762
-6.68664
-6.68567
-6.68567
-6.68535
-6.68535
-6.68502
-6.68438
-6.68567
-6.68664
-6.64538
-6.64636
-6.64571
-6.64506
-6.64344
-6.64312
-6.64279
-6.64215
-6.64053
-6.63923
-6.64085
-6.6415
-6.64117
-6.64247
-6.64085
-6.64118
-6.63988
-6.63794
-6.63859
-6.63729
-6.63664
-6.63729
-6.63956
-6.64118
-6.64215
-6.64312
-6.64312
-6.64377
-6.64312
-6.64312
-6.64539
-6.64604
-6.64701
-6.64636
-6.6428
-6.64247
-6.64377
-6.64442
-6.64085
-6.64053
-6.64053
-6.64053
-6.64247
-6.64215
-6.64182
-6.64279
-6.64473
-6.64441
-6.64441
-6.64312
-6.64312
-6.64215
-6.6415
-6.6415
-6.64247
-6.64215
-6.6428
-6.64215
-6.64182
-6.64312
-6.6428
-6.64344
-6.64506
-6.64473
-6.64635
-6.64571
-6.64538
-6.64538
-6.64409
-6.64571
-6.64635
-6.64571
-6.64473
-6.64538
-6.64441
-6.64603
-6.64603
-6.64376
-6.64603
-6.64441
-6.64635
-6.64797
-6.64603
-6.64344
-6.64603
-6.64279
-6.6415
-6.64052
-6.6415
-6.63988
-6.64085
-6.64279
-6.64117
-6.64085
-6.64053
-6.64085
-6.64635
-6.6457
-6.64506
-6.64376
-6.64538
-6.64505
-6.6457
-6.64667
-6.64538
-6.64603
-6.64441
-6.64376
-6.64247
-6.64376
-6.64312
-6.64376
-6.64474
-6.647
-6.64603
-6.64635
-6.64506
-6.64571
-6.64344
-6.64344
-6.64344
-6.64409
-6.64344
-6.64344
-6.64247
-6.64182
-6.63955
-6.63891
-6.63826
-6.63891
-6.63923
-6.63955
-6.63988
-6.64279
-6.64117
-6.64182
-6.6415
-6.64215
-6.6415
-6.64377
-6.64312
-6.64215
-6.6428
-6.64247
-6.6415
-6.6415
-6.64053
-6.6402
-6.64247
-6.64409
-6.64344
-6.64344
-6.64312
-6.64603
-6.64473
-6.647
-6.64733
-6.64603
-6.64247
-6.64214
-6.64247
-6.6415
-6.6415
-6.64117
-6.64117
-6.6415
-6.64247
-6.64473
-6.6457
-6.64506
-6.64571
-6.64571
-6.64635
-6.64765
-6.64668
-6.647
-6.64668
-6.64636
-6.64474
-6.64571
-6.64474
-6.64279
-6.64409
-6.64279
-6.64377
-6.64279
-6.64409
-6.64474
-6.64376
-6.64441
-6.64279
-6.64344
-6.64473
-6.64441
-6.64441
-6.64377
-6.64474
-6.64409
-6.64506
-6.64215
-6.64215
-6.64182
-6.64085
-6.64214
-6.64311
-6.64506
-6.64279
-6.6415
-6.64214
-6.63923
-6.63923
-6.64117
-6.6415
-6.64376
-6.64474
-6.64474
-6.64603
-6.647
-6.647
-6.64732
-6.64603
-6.64571
-6.64344
-6.64376
-6.64473
-6.64603
-6.64441
-6.64441
-6.64571
-6.64377
-6.64377
-6.64377
-6.64539
-6.64409
-6.64409
-6.64377
-6.64182
-6.64247
-6.64376
-6.64214
-6.64473
-6.64441
-6.64441
-6.64182
-6.64215
-6.64215
-6.6428
-6.64247
-6.64085
-6.64085
-6.64021
-6.64053
-6.63988
-6.6415
-6.64312
-6.64377
-6.64506
-6.64538
-6.64506
-6.64474
-6.64409
-6.64442
-6.64118
-6.6428
-6.64344
-6.64183
-6.64183
-6.64118
-6.64215
-6.64345
-6.64247
-6.64247
-6.64053
-6.64247
-6.6415
-6.64409
-6.64538
-6.64635
-6.64635
-6.64603
-6.64636
-6.64442
-6.64442
-6.64377
-6.64345
-6.64085
-6.6415
-6.63988
-6.64247
-6.64279
-6.64247
-6.64312
-6.64182
-6.64117
-6.64214
-6.64214
-6.64376
-6.64279
-6.64214
-6.64247
-6.64052
-6.6415
-6.64214
-6.64312
-6.64506
-6.64409
-6.64344
-6.64117
-6.64149
-6.64052
-6.64149
-6.64246
-6.64117
-6.63987
-6.63923
-6.64084
-6.64246
-6.6402
-6.64149
-6.64052
-6.64182
-6.63955
-6.63826
-6.63987
-6.64052
-6.63923
-6.6402
-6.6402
-6.63923
-6.64279
-6.64084
-6.64084
-6.64117
-6.63922
-6.64084
-6.64084
-6.6402
-6.6402
-6.64117
-6.64052
-6.63988
-6.63826
-6.63923
-6.6402
-6.63858
-6.63988
-6.63826
-6.63891
-6.63793
-6.63599
-6.63631
-6.63631
-6.63793
-6.63923
-6.64052
-6.64085
-6.64214
-6.64149
-6.63987
-6.64149
-6.64246
-6.64344
-6.64408
-6.64182
-6.64344
-6.64506
-6.64473
-6.6457
-6.64279
-6.64311
-6.64344
-6.64182
-6.64149
-6.64279
-6.64343
-6.64441
-6.64602
-6.64376
-6.64311
-6.64441
-6.64311
-6.64246
-6.64149
-6.64279
-6.64117
-6.64052
-6.64149
-6.64182
-6.64247
-6.64344
-6.64214
-6.64247
-6.64247
-6.64376
-6.64279
-6.64246
-6.64343
-6.64408
-6.6444
-6.64602
-6.64635
-6.6457
-6.64797
-6.64797
-6.64732
-6.64765
-6.64635
-6.64667
-6.64505
-6.64408
-6.6457
-6.64441
-6.64441
-6.64538
-6.64408
-6.64473
-6.64441
-6.64441
-6.64441
-6.64279
-6.64376
-6.64376
-6.64279
-6.64344
-6.64279
-6.64311
-6.64149
-6.64214
-6.64214
-6.64279
-6.64182
-6.64247
-6.64279
-6.64279
-6.64214
-6.64149
-6.63987
-6.63987
-6.64149
-6.64182
-6.64343
-6.64311
-6.64279
-6.64441
-6.6457
-6.64441
-6.64505
-6.64473
-6.64506
-6.64506
-6.64441
-6.64732
-6.64894
-6.65121
-6.65153
-6.65088
-6.64991
-6.64861
-6.64764
-6.64602
-6.64505
-6.64214
-6.64376
-6.64311
-6.64408
-6.64505
-6.64311
-6.64246
-6.64084
-6.64085
-6.63955
-6.64084
-6.63987
-6.63858
-6.63988
-6.64117
-6.64182
-6.64117
-6.6415
-6.64247
-6.64247
-6.64571
-6.64376
-6.64474
-6.64441
-6.64571
-6.647
-6.64732
-6.64571
-6.64506
-6.64538
-6.64603
-6.64668
-6.64441
-6.64636
-6.64765
-6.64797
-6.64636
-6.64603
-6.64571
-6.64279
-6.63956
-6.63826
-6.63664
-6.63599
-6.6334
-6.6347
-6.63469
-6.63502
-6.63502
-6.63372
-6.63502
-6.63567
-6.63858
-6.63955
-6.64215
-6.64506
-6.64441
-6.64312
-6.64409
-6.64344
-6.64409
-6.64441
-6.64765
-6.64927
-6.64927
-6.64829
-6.64862
-6.64765
-6.64505
-6.64473
-6.64473
-6.6457
-6.64571
-6.64603
-6.64506
-6.64409
-6.64474
-6.64603
-6.64635
-6.64635
-6.64635
-6.64538
-6.64311
-6.64214
-6.6402
-6.6389
-6.63923
-6.63955
-6.64085
-6.63955
-6.63891
-6.6402
-6.64117
-6.64149
-6.64117
-6.64279
-6.64279
-6.64344
-6.64182
-6.64409
-6.64603
-6.647
-6.64635
-6.64344
-6.64441
-6.64538
-6.64441
-6.64344
-6.64344
-6.64311
-6.64085
-6.64182
-6.64376
-6.64344
-6.64473
-6.64538
-6.64473
-6.64473
-6.64247
-6.64247
-6.64247
-6.64344
-6.64247
-6.64279
-6.6402
-6.6402
-6.64053
-6.6415
-6.64085
-6.64279
-6.64409
-6.64538
-6.64636
-6.64441
-6.64473
-6.64732
-6.64603
-6.647
-6.647
-6.64636
-6.64636
-6.64474
-6.64247
-6.64118
-6.64182
-6.64215
-6.64247
-6.64344
-6.64441
-6.64344
-6.64117
-6.64052
-6.64214
-6.64117
-6.64052
-6.64279
-6.64441
-6.64409
-6.64312
-6.64312
-6.64409
-6.64377
-6.6428
-6.64441
-6.64441
-6.64376
-6.64506
-6.64506
-6.647
-6.64667
-6.64829
-6.64894
-6.64991
-6.64959
-6.64765
-6.64862
-6.64668
-6.64603
-6.64862
-6.64732
-6.64732
-6.64732
-6.64473
-6.64441
-6.64441
-6.64441
-6.64635
-6.64506
-6.647
-6.64765
-6.64862
-6.64765
-6.64732
-6.6483
-6.64797
-6.64538
-6.64506
-6.64506
-6.64506
-6.64376
-6.64408
-6.64408
-6.64408
-6.64376
-6.64441
-6.64667
-6.64732
-6.64602
-6.64538
-6.64344
-6.64279
-6.64376
-6.64376
-6.64246
-6.64246
-6.64182
-6.64279
-6.64441
-6.64408
-6.64505
-6.64505
-6.6457
-6.64376
-6.64441
-6.64505
-6.64635
-6.64538
-6.64343
-6.64246
-6.64181
-6.64214
-6.64278
-6.64279
-6.64505
-6.64311
-6.64376
-6.64311
-6.64279
-6.64182
-6.64182
-6.64311
-6.64603
-6.64117
-6.64149
-6.63923
-6.64084
-6.64246
-6.64117
-6.64052
-6.64149
-6.64246
-6.64473
-6.64538
-6.64505
-6.6457
-6.64732
-6.64894
-6.64732
-6.64538
-6.64505
-6.64376
-6.64537
-6.64505
-6.64473
-6.6444
-6.64246
-6.64278
-6.64311
-6.6457
-6.64343
-6.64214
-6.64376
-6.64376
-6.64376
-6.64311
-6.64376
-6.64279
-6.64214
-6.64214
-6.64117
-6.63922
-6.63955
-6.63825
-6.63825
-6.64019
-6.6389
-6.63857
-6.63987
-6.64084
-6.64376
-6.64505
-6.64797
-6.64764
-6.64829
-6.64862
-6.64829
-6.647
-6.64473
-6.64538
-6.64441
-6.64441
-6.64635
-6.647
-6.64764
-6.64667
-6.64505
-6.64279
-6.64182
-6.64279
-6.64441
-6.64538
-6.64408
-6.64441
-6.64376
-6.64473
-6.64344
-6.64603
-6.647
-6.64376
-6.64311
-6.64279
-6.64117
-6.63858
-6.63761
-6.63728
-6.64149
-6.6402
-6.63987
-6.63923
-6.63987
-6.64084
-6.64214
-6.64311
-6.64505
-6.64732
-6.64732
-6.64764
-6.647
-6.64829
-6.647
-6.64506
-6.64376
-6.64408
-6.64279
-6.64311
-6.64635
-6.64441
-6.64117
-6.64149
-6.64214
-6.64181
-6.64181
-6.64311
-6.64441
-6.64408
-6.64441
-6.64344
-6.64344
-6.64409
-6.64376
-6.64344
-6.64279
-6.64311
-6.64182
-6.64279
-6.64408
-6.64376
-6.64311
-6.64246
-6.64505
-6.6444
-6.6457
-6.64602
-6.64505
-6.6444
-6.64311
-6.64408
-6.64473
-6.64343
-6.64343
-6.64182
-6.64214
-6.64247
-6.64603
-6.64473
-6.64344
-6.64538
-6.64279
-6.64181
-6.64376
-6.64343
-6.64116
-6.64019
-6.64019
-6.64052
-6.63955
-6.63987
-6.6376
-6.63663
-6.63857
-6.63987
-6.64052
-6.64052
-6.64116
-6.64473
-6.6444
-6.64376
-6.64181
-6.64246
-6.6457
-6.64667
-6.64634
-6.6457
-6.64537
-6.64602
-6.64408
-6.64311
-6.64472
-6.64537
-6.6457
-6.64375
-6.64311
-6.64311
-6.64408
-6.64375
-6.64602
-6.64602
-6.64537
-6.64407
-6.6444
-6.64505
-6.64505
-6.64505
-6.64472
-6.64731
-6.64634
-6.64764
-6.64699
-6.64473
-6.6457
-6.64732
-6.64667
-6.6457
-6.64699
-6.64505
-6.64343
-6.64505
-6.64407
-6.64602
-6.64764
-6.64569
-6.64763
-6.64861
-6.64666
-6.64537
-6.64375
-6.64408
-6.6431
-6.64278
-6.64116
-6.64181
-6.64116
-6.64149
-6.6389
-6.64116
-6.64181
-6.64181
-6.64052
-6.64116
-6.64149
-6.64181
-6.64181
-6.64246
-6.64278
-6.64375
-6.64343
-6.64278
-6.64246
-6.64505
-6.6444
-6.6444
-6.64505
-6.64537
-6.64537
-6.64537
-6.64634
-6.64731
-6.64699
-6.64666
-6.64537
-6.64537
-6.64407
-6.64245
-6.64439
-6.64375
-6.6431
-6.64213
-6.64278
-6.64278
-6.64278
-6.64342
-6.64504
-6.64536
-6.64407
-6.64472
-6.64504
-6.6444
-6.64472
-6.64472
-6.64505
-6.64634
-6.64667
-6.6444
-6.64407
-6.64407
-6.64245
-6.6418
-6.64245
-6.64342
-6.64536
-6.64407
-6.6431
-6.64375
-6.64342
-6.6431
-6.64407
-6.64407
-6.64472
-6.64408
-6.6431
-6.64505
-6.64375
-6.64148
-6.64084
-6.63921
-6.63824
-6.63792
-6.63954
-6.63954
-6.47102
-6.47232
-6.47329
-6.4707
-6.47134
-6.4694
-6.46973
-6.46973
-6.47134
-6.46908
-6.46908
-6.46811
-6.46876
-6.46779
-6.46779
-6.46908
-6.47005
-6.46973
-6.47232
-6.47329
-6.47135
-6.47264
-6.47199
-6.47135
-6.47134
-6.47037
-6.47069
-6.46843
-6.46811
-6.46778
-6.46778
-6.47005
-6.47037
-6.46972
-6.46745
-6.4694
-6.46972
-6.47069
-6.47134
-6.47167
-6.47102
-6.47134
-6.4694
-6.46908
-6.4681
-6.46875
-6.47102
-6.47037
-6.47231
-6.47133
-6.47198
-6.47133
-6.47036
-6.47004
-6.47004
-6.47068
-6.47068
-6.47165
-6.47036
-6.47133
-6.46971
-6.46842
-6.46971
-6.47003
-6.47133
-6.47133
-6.47133
-6.47003
-6.47068
-6.47197
-6.47165
-6.47133
-6.47133
-6.46971
-6.46938
-6.46874
-6.46874
-6.46809
-6.46906
-6.46938
-6.46938
-6.46874
-6.46938
-6.46906
-6.46809
-6.46841
-6.46776
-6.46614
-6.46647
-6.46485
-6.4642
-6.46485
-6.46582
-6.46744
-6.46712
-6.46712
-6.46841
-6.46938
-6.47003
-6.46906
-6.4723
-6.47133
-6.47262
-6.47197
-6.47262
-6.47165
-6.471
-6.47197
-6.47229
-6.47132
-6.47067
-6.471
-6.46938
-6.46873
-6.46938
-6.47003
-6.47197
-6.47036
-6.47003
-6.47036
-6.46971
-6.471
-6.47229
-6.47164
-6.47359
-6.47067
-6.47164
-6.47164
-6.47359
-6.47359
-6.47262
-6.471
-6.46873
-6.47132
-6.47165
-6.47003
-6.47067
-6.46905
-6.47164
-6.47002
-6.471
-6.47035
-6.47035
-6.47035
-6.47035
-6.47197
-6.47229
-6.4697
-6.4697
-6.47003
-6.471
-6.47229
-6.47326
-6.47229
-6.47262
-6.47132
-6.47165
-6.47197
-6.47326
-6.47423
-6.47521
-6.47423
-6.47326
-6.47067
-6.471
-6.47035
-6.47165
-6.46906
-6.46873
-6.4697
-6.46938
-6.47003
-6.46938
-6.47035
-6.47165
-6.46906
-6.46906
-6.46776
-6.46679
-6.46517
-6.46582
-6.46776
-6.46841
-6.46647
-6.46906
-6.47035
-6.471
-6.47165
-6.4697
-6.47067
-6.47294
-6.47391
-6.47359
-6.47165
-6.47068
-6.471
-6.47035
-6.47035
-6.46938
-6.47068
-6.46938
-6.46906
-6.47003
-6.46906
-6.46938
-6.46809
-6.47035
-6.47035
-6.47132
-6.46905
-6.46808
-6.471
-6.47294
-6.471
-6.47133
-6.47036
-6.47003
-6.47165
-6.47165
-6.47003
-6.47036
-6.47133
-6.471
-6.47068
-6.46938
-6.46711
-6.46711
-6.46582
-6.46776
-6.46809
-6.46777
-6.47036
-6.46939
-6.46906
-6.46809
-6.46647
-6.46809
-6.47003
-6.46906
-6.46938
-6.46971
-6.47392
-6.47457
-6.47424
-6.47295
-6.47165
-6.47198
-6.47392
-6.47424
-6.47359
-6.47036
-6.47262
-6.47295
-6.47263
-6.47165
-6.47263
-6.47198
-6.47068
-6.47068
-6.46906
-6.46939
-6.46971
-6.47101
-6.47198
-6.47198
-6.47489
-6.47198
-6.47166
-6.46939
-6.47004
-6.46939
-6.46809
-6.46841
-6.46841
-6.47068
-6.46938
-6.471
-6.47132
-6.47068
-6.47133
-6.47295
-6.47263
-6.47133
-6.4736
-6.47327
-6.47457
-6.47586
-6.47424
-6.47295
-6.47327
-6.47295
-6.47424
-6.47262
-6.47068
-6.47133
-6.47003
-6.46809
-6.46647
-6.4655
-6.46518
-6.46615
-6.4655
-6.46615
-6.46809
-6.46712
-6.46679
-6.46744
-6.46777
-6.46744
-6.46744
-6.46809
-6.46906
-6.47003
-6.471
-6.46971
-6.47035
-6.46938
-6.47003
-6.46938
-6.47003
-6.47133
-6.471
-6.47489
-6.47618
-6.47424
-6.47327
-6.47554
-6.47521
-6.47456
-6.47327
-6.47197
-6.47165
-6.47197
-6.47197
-6.46971
-6.47003
-6.47003
-6.46906
-6.46808
-6.46905
-6.46679
-6.47132
-6.47294
-6.47359
-6.47423
-6.47294
-6.47262
-6.47326
-6.47068
-6.47197
-6.47262
-6.47262
-6.47068
-6.47068
-6.47003
-6.46906
-6.47132
-6.47327
-6.47067
-6.471
-6.47035
-6.47035
-6.46679
-6.46873
-6.47067
-6.47035
-6.47035
-6.46744
-6.46873
-6.46744
-6.46744
-6.46906
-6.47035
-6.46906
-6.47165
-6.47165
-6.47488
-6.47262
-6.47197
-6.471
-6.47294
-6.47132
-6.47197
-6.47262
-6.47424
-6.47132
-6.46873
-6.46776
-6.46744
-6.46711
-6.46679
-6.46679
-6.46711
-6.46711
-6.46646
-6.46484
-6.46452
-6.46614
-6.46678
-6.46516
-6.46516
-6.46743
-6.46743
-6.46614
-6.46905
-6.47067
-6.47034
-6.46873
-6.4697
-6.47132
-6.47326
-6.47359
-6.47423
-6.47358
-6.47294
-6.47229
-6.47099
-6.46937
-6.47002
-6.46969
-6.47002
-6.47002
-6.47002
-6.47002
-6.47261
-6.47229
-6.47035
-6.47229
-6.47326
-6.47261
-6.47132
-6.47034
-6.47099
-6.47066
-6.47099
-6.47099
-6.4739
-6.47261
-6.47325
-6.4739
-6.47358
-6.47196
-6.47164
-6.47293
-6.47326
-6.47325
-6.47326
-6.47099
-6.47164
-6.47131
-6.47099
-6.47099
-6.46743
-6.4684
-6.4684
-6.46937
-6.46872
-6.46775
-6.4671
-6.46743
-6.4684
-6.46775
-6.46807
-6.4684
-6.47002
-6.46808
-6.47034
-6.47002
-6.46872
-6.47002
-6.46937
-6.46678
-6.4671
-6.46775
-6.46775
-6.46775
-6.4684
-6.46743
-6.46775
-6.46937
-6.47035
-6.47099
-6.47002
-6.46905
-6.47099
-6.47002
-6.47099
-6.46969
-6.47002
-6.47164
-6.47002
-6.47131
-6.47099
-6.47196
-6.4697
-6.4684
-6.46808
-6.47034
-6.47132
-6.47261
-6.47617
-6.47455
-6.47553
-6.47261
-6.47035
-6.47034
-6.46872
-6.46905
-6.4684
-6.4671
-6.46645
-6.46645
-6.46581
-6.46484
-6.46516
-6.46613
-6.46678
-6.46807
-6.4671
-6.46807
-6.46775
-6.46775
-6.46775
-6.46742
-6.4684
-6.46904
-6.46775
-6.47002
-6.46969
-6.47131
-6.47034
-6.47034
-6.46937
-6.46937
-6.46937
-6.46905
-6.46969
-6.47131
-6.47229
-6.47229
-6.47261
-6.47099
-6.47034
-6.46873
-6.46775
-6.46775
-6.4684
-6.47035
-6.47099
-6.47164
-6.47261
-6.47164
-6.47229
-6.47261
-6.47132
-6.47002
-6.4697
-6.47067
-6.47035
-6.47002
-6.47262
-6.47132
-6.47164
-6.47067
-6.4697
-6.47002
-6.46938
-6.47099
-6.4697
-6.46937
-6.47164
-6.47099
-6.47261
-6.47164
-6.46905
-6.47002
-6.47229
-6.4765
-6.47682
-6.47488
-6.47682
-6.47553
-6.47164
-6.47262
-6.47165
-6.47294
-6.471
-6.47035
-6.46938
-6.47067
-6.47261
-6.47002
-6.46873
-6.47099
-6.4684
-6.46808
-6.46776
-6.47035
-6.46905
-6.4697
-6.4697
-6.47067
-6.47067
-6.47035
-6.47067
-6.471
-6.47197
-6.47585
-6.47359
-6.47294
-6.47067
-6.46905
-6.46841
-6.46808
-6.47035
-6.47099
-6.47229
-6.47164
-6.47196
-6.47197
-6.4697
-6.47002
-6.47035
-6.47229
-6.47067
-6.47164
-6.47035
-6.46873
-6.47035
-6.46938
-6.46906
-6.46711
-6.46938
-6.46938
-6.47067
-6.47003
-6.471
-6.47035
-6.46938
-6.4697
-6.47035
-6.47067
-6.47067
-6.471
-6.471
-6.47035
-6.46905
-6.4697
-6.46905
-6.46743
-6.46711
-6.46905
-6.47035
-6.47035
-6.47391
-6.47423
-6.47456
-6.47099
-6.47261
-6.47326
-6.47261
-6.47002
-6.46775
-6.46613
-6.4684
-6.47002
-6.47034
-6.47035
-6.46905
-6.46776
-6.46808
-6.46938
-6.46808
-6.46873
-6.47003
-6.47262
-6.47229
-6.47197
-6.46938
-6.46905
-6.47132
-6.47294
-6.47197
-6.47132
-6.47132
-6.47229
-6.47229
-6.47326
-6.47164
-6.47035
-6.47261
-6.47423
-6.47132
-6.47099
-6.4697
-6.46775
-6.46646
-6.46808
-6.46872
-6.46775
-6.46711
-6.46711
-6.46678
-6.46743
-6.46775
-6.46743
-6.46516
-6.46614
-6.46549
-6.46808
-6.47035
-6.47488
-6.47617
-6.4752
-6.47617
-6.47391
-6.47456
-6.47682
-6.47553
-6.47423
-6.47358
-6.47229
-6.47164
-6.47229
-6.47164
-6.47196
-6.47099
-6.47261
-6.47455
-6.47261
-6.47067
-6.47132
-6.47132
-6.47164
-6.47196
-6.47067
-6.46905
-6.46776
-6.4684
-6.46905
-6.47002
-6.46873
-6.46905
-6.4684
-6.4684
-6.46808
-6.46776
-6.46711
-6.47035
-6.47068
-6.47294
-6.47488
-6.47553
-6.47456
-6.47456
-6.47294
-6.47294
-6.47294
-6.47261
-6.4752
-6.47585
-6.47294
-6.47359
-6.47424
-6.47165
-6.47003
-6.47035
-6.4697
-6.47003
-6.47197
-6.47035
-6.47099
-6.47067
-6.4684
-6.46743
-6.46581
-6.46678
-6.46387
-6.46419
-6.46581
-6.46873
-6.46906
-6.46938
-6.46841
-6.47035
-6.47132
-6.47003
-6.46905
-6.46581
-6.46743
-6.46905
-6.46905
-6.46873
-6.4684
-6.47035
-6.47035
-6.4697
-6.47229
-6.47229
-6.46905
-6.47132
-6.47261
-6.47294
-6.47294
-6.47132
-6.46938
-6.46873
-6.46873
-6.46905
-6.47035
-6.47067
-6.47067
-6.471
-6.47164
-6.47359
-6.47326
-6.47229
-6.47262
-6.47229
-6.47197
-6.47326
-6.47262
-6.47229
-6.47229
-6.47294
-6.47294
-6.47359
-6.47326
-6.47164
-6.47423
-6.47326
-6.47132
-6.47002
-6.471
-6.47132
-6.47326
-6.47326
-6.47391
-6.47391
-6.47326
-6.47326
-6.47391
-6.47359
-6.47261
-6.47067
-6.47035
-6.46905
-6.46905
-6.46937
-6.4697
-6.4697
-6.46937
-6.46937
-6.47067
-6.47261
-6.47294
-6.47229
-6.47197
-6.47294
-6.47294
-6.47423
-6.47423
-6.47164
-6.471
-6.47164
-6.47262
-6.47197
-6.47165
-6.47035
-6.47133
-6.47132
-6.471
-6.47003
-6.47067
-6.47229
-6.47294
-6.47424
-6.47391
-6.47521
-6.47326
-6.47229
-6.47003
-6.46906
-6.47068
-6.47132
-6.47197
-6.47003
-6.471
-6.47132
-6.47132
-6.47229
-6.47391
-6.47294
-6.47229
-6.47164
-6.47165
-6.47003
-6.46873
-6.46841
-6.46938
-6.4697
-6.46971
-6.4697
-6.46906
-6.46938
-6.4697
-6.46873
-6.46809
-6.4697
-6.47003
-6.46905
-6.46938
-6.46873
-6.46938
-6.46776
-6.46517
-6.46679
-6.46809
-6.46744
-6.4697
-6.47068
-6.46971
-6.46938
-6.47197
-6.47229
-6.47165
-6.47229
-6.47132
-6.47132
-6.47197
-6.46938
-6.47035
-6.46971
-6.47165
-6.47003
-6.47035
-6.47003
-6.46906
-6.46841
-6.46776
-6.46679
-6.46679
-6.4697
-6.46905
-6.47132
-6.47067
-6.47197
-6.47456
-6.47424
-6.47359
-6.47391
-6.47229
-6.47067
-6.47391
-6.47488
-6.47618
-6.47456
-6.47229
-6.47002
-6.47002
-6.4697
-6.4697
-6.4684
-6.46743
-6.46905
-6.46905
-6.46808
-6.46776
-6.46841
-6.46905
-6.46711
-6.46808
-6.46808
-6.46679
-6.46938
-6.47002
-6.47197
-6.47165
-6.47035
-6.4697
-6.46873
-6.46873
-6.46873
-6.46873
-6.4697
-6.47067
-6.4697
-6.47002
-6.47002
-6.47067
-6.47261
-6.47423
-6.47423
-6.47326
-6.47294
-6.47099
-6.47099
-6.47132
-6.47197
-6.47262
-6.64246
-6.64311
-6.64311
-6.64473
-6.64602
-6.6444
-6.64343
-6.64311
-6.64213
-6.64181
-6.64149
-6.64278
-6.64375
-6.64343
-6.64375
-6.64376
-6.64408
-6.64343
-6.64441
-6.64538
-6.64667
-6.64797
-6.64894
-6.65056
-6.64797
-6.64732
-6.64732
-6.64635
-6.64505
-6.64505
-6.64408
-6.64538
-6.64441
-6.64408
-6.64311
-6.64311
-6.64473
-6.64408
-6.64505
-6.64408
-6.64214
-6.64052
-6.6402
-6.64149
-6.64084
-6.63987
-6.64117
-6.64182
-6.64085
-6.64214
-6.64505
-6.64279
-6.64408
-6.64505
-6.64408
-6.64376
-6.64311
-6.64408
-6.64505
-6.6444
-6.64441
-6.64311
-6.64408
-6.64538
-6.64797
-6.64732
-6.64441
-6.64408
-6.64085
-6.64117
-6.63858
-6.6389
-6.63988
-6.6402
-6.6389
-6.63858
-6.6389
-6.63793
-6.63696
-6.63663
-6.63663
-6.63663
-6.63728
-6.6402
-6.6389
-6.6389
-6.63858
-6.6402
-6.63826
-6.63631
-6.63437
-6.63534
-6.63923
-6.63955
-6.6389
-6.64117
-6.64214
-6.64117
-6.64246
-6.64279
-6.64279
-6.64279
-6.64246
-6.64214
-6.64473
-6.64344
-6.64279
-6.64441
-6.64409
-6.64344
-6.64311
-6.64408
-6.64473
-6.64343
-6.64149
-6.64214
-6.64052
-6.63923
-6.64084
-6.64149
-6.64052
-6.63955
-6.64052
-6.63955
-6.63923
-6.63923
-6.63987
-6.63826
-6.63826
-6.63793
-6.6402
-6.64311
-6.64182
-6.64182
-6.64376
-6.64246
-6.64408
-6.64246
-6.64279
-6.64085
-6.6402
-6.64149
-6.64117
-6.6389
-6.63663
-6.63825
-6.63857
-6.63922
-6.63954
-6.63922
-6.6389
-6.64116
-6.64149
-6.64052
-6.63987
-6.64246
-6.64246
-6.64246
-6.64149
-6.64181
-6.64084
-6.64246
-6.64279
-6.64408
-6.64667
-6.64505
-6.64505
-6.64505
-6.64408
-6.64311
-6.64311
-6.64408
-6.64376
-6.64279
-6.64408
-6.64376
-6.64247
-6.64279
-6.64311
-6.64506
-6.6457
-6.64506
-6.64538
-6.64473
-6.64505
-6.64506
-6.64506
-6.64376
-6.64311
-6.64441
-6.64247
-6.6415
-6.6415
-6.6415
-6.64182
-6.64247
-6.64376
-6.64376
-6.64279
-6.64376
-6.64246
-6.64214
-6.64149
-6.64279
-6.64052
-6.64182
-6.64052
-6.6415
-6.64085
-6.64182
-6.64376
-6.64085
-6.64052
-6.64214
-6.64247
-6.64182
-6.64344
-6.64149
-6.64052
-6.6402
-6.63955
-6.63923
-6.64085
-6.64085
-6.64344
-6.64441
-6.64247
-6.64279
-6.64408
-6.64344
-6.64247
-6.64279
-6.64409
-6.64409
-6.64506
-6.64312
-6.64344
-6.64182
-6.64409
-6.64409
-6.64441
-6.64409
-6.64311
-6.64376
-6.64473
-6.64344
-6.64409
-6.64473
-6.64441
-6.64182
-6.64312
-6.64247
-6.64312
-6.64312
-6.64312
-6.64344
-6.64312
-6.64441
-6.64312
-6.64344
-6.64182
-6.64376
-6.64376
-6.64247
-6.64247
-6.64214
-6.64214
-6.64085
-6.63923
-6.63826
-6.63793
-6.63631
-6.63599
-6.63632
-6.63534
-6.63567
-6.63599
-6.636
-6.63535
-6.63988
-6.6402
-6.64118
-6.64182
-6.64214
-6.64117
-6.64085
-6.64182
-6.6402
-6.64409
-6.64214
-6.64117
-6.6402
-6.64117
-6.64279
-6.64409
-6.64441
-6.64312
-6.64215
-6.64312
-6.64344
-6.64215
-6.64344
-6.64538
-6.64603
-6.64441
-6.64376
-6.64344
-6.64409
-6.64279
-6.64182
-6.64344
-6.64247
-6.64214
-6.64473
-6.64344
-6.64085
-6.64247
-6.6415
-6.64344
-6.64344
-6.64085
-6.64118
-6.63988
-6.63956
-6.63956
-6.63956
-6.63697
-6.63924
-6.64021
-6.64247
-6.64312
-6.64312
-6.64247
-6.6415
-6.64279
-6.64247
-6.64312
-6.64442
-6.64604
-6.64733
-6.64474
-6.64377
-6.64409
-6.64474
-6.64409
-6.64474
-6.64377
-6.64344
-6.64506
-6.64571
-6.64539
-6.64733
-6.64409
-6.64118
-6.6428
-6.6415
-6.64215
-6.6428
-6.64247
-6.64215
-6.6428
-6.64248
-6.64312
-6.64053
-6.64053
-6.6415
-6.64312
-6.6441
-6.64377
-6.64312
-6.64312
-6.64442
-6.64701
-6.64539
-6.64604
-6.64734
-6.64669
-6.64636
-6.64442
-6.64247
-6.64183
-6.64183
-6.64344
-6.64571
-6.64506
-6.64474
-6.64377
-6.64603
-6.64571
-6.64506
-6.64571
-6.64571
-6.64636
-6.64668
-6.64603
-6.64539
-6.64377
-6.64086
-6.64183
-6.63989
-6.63956
-6.63956
-6.64086
-6.6428
-6.64183
-6.64118
-6.64312
-6.64312
-6.6415
-6.64183
-6.64215
-6.64474
-6.64604
-6.64572
-6.64474
-6.64442
-6.6441
-6.64248
-6.64086
-6.64086
-6.63794
-6.63891
-6.63891
-6.63989
-6.64021
-6.63956
-6.6428
-6.63892
-6.63924
-6.63892
-6.64021
-6.6428
-6.64183
-6.6415
-6.64345
-6.64183
-6.64183
-6.64377
-6.64377
-6.64377
-6.64053
-6.63956
-6.64054
-6.64248
-6.64377
-6.64442
-6.6441
-6.64474
-6.64377
-6.64539
-6.64539
-6.6415
-6.64247
-6.64118
-6.64053
-6.63988
-6.63956
-6.63827
-6.63859
-6.63956
-6.64118
-6.6441
-6.64313
-6.64377
-6.6428
-6.6428
-6.6428
-6.64183
-6.6428
-6.64183
-6.63989
-6.63795
-6.63762
-6.63633
-6.63568
-6.636
-6.636
-6.636
-6.63568
-6.636
-6.63762
-6.63762
-6.64086
-6.64086
-6.64118
-6.63989
-6.63957
-6.63665
-6.6386
-6.6386
-6.63989
-6.64022
-6.63989
-6.64054
-6.6386
-6.63957
-6.64022
-6.64054
-6.64183
-6.64183
-6.64118
-6.63827
-6.64053
-6.63989
-6.63827
-6.63698
-6.6373
-6.63827
-6.63989
-6.63989
-6.64021
-6.64118
-6.64183
-6.6428
-6.64248
-6.6428
-6.64183
-6.64151
-6.64086
-6.64086
-6.64021
-6.64086
-6.63989
-6.63989
-6.63794
-6.63892
-6.63892
-6.64054
-6.64021
-6.64183
-6.64507
-6.64539
-6.6441
-6.6441
-6.64442
-6.64216
-6.64151
-6.64215
-6.63924
-6.63924
-6.64053
-6.64086
-6.64151
-6.64183
-6.64054
-6.64086
-6.64313
-6.64151
-6.64345
-6.6441
-6.64474
-6.64571
-6.64215
-6.64053
-6.63826
-6.63891
-6.63859
-6.63826
-6.63924
-6.63891
-6.63956
-6.63859
-6.63956
-6.6415
-6.64118
-6.64183
-6.64215
-6.64183
-6.64377
-6.64506
-6.64506
-6.64571
-6.64571
-6.64442
-6.64442
-6.6428
-6.64118
-6.64086
-6.63859
-6.64054
-6.64183
-6.64248
-6.64345
-6.64475
-6.64313
-6.64183
-6.6428
-6.64345
-6.64215
-6.64313
-6.64313
-6.64345
-6.64507
-6.64604
-6.64636
-6.64604
-6.64572
-6.64216
-6.6441
-6.64507
-6.64539
-6.64442
-6.64442
-6.64248
-6.64183
-6.64183
-6.63989
-6.64021
-6.64215
-6.64215
-6.64118
-6.64183
-6.64313
-6.64377
-6.64215
-6.6428
-6.64183
-6.64377
-6.6428
-6.64345
-6.64312
-6.64409
-6.64474
-6.64377
-6.6415
-6.6415
-6.64183
-6.64312
-6.64183
-6.64248
-6.63924
-6.63924
-6.64118
-6.64215
-6.64118
-6.64086
-6.64183
-6.64345
-6.64474
-6.64507
-6.64701
-6.64604
-6.64669
-6.64669
-6.64507
-6.64604
-6.64604
-6.64733
-6.64895
-6.6483
-6.64798
-6.64733
-6.64733
-6.64765
-6.64636
-6.64506
-6.64539
-6.64474
-6.64409
-6.64312
-6.6428
-6.64118
-6.64345
-6.64183
-6.64183
-6.64312
-6.64377
-6.64409
-6.64377
-6.64442
-6.64474
-6.64377
-6.64571
-6.64474
-6.64442
-6.64312
-6.64377
-6.64377
-6.64312
-6.64409
-6.64248
-6.64118
-6.64151
-6.64248
-6.64086
-6.64053
-6.6415
-6.64086
-6.64086
-6.64053
-6.63924
-6.63859
-6.63827
-6.63859
-6.63891
-6.63827
-6.63924
-6.64053
-6.63924
-6.63989
-6.64215
-6.64377
-6.64312
-6.6441
-6.6441
-6.64378
-6.64442
-6.64572
-6.64539
-6.64637
-6.64669
-6.64604
-6.6441
-6.64474
-6.6428
-6.64409
-6.64377
-6.64474
-6.64474
-6.64409
-6.64377
-6.64215
-6.64442
-6.64604
-6.64669
-6.64734
-6.64539
-6.64701
-6.64733
-6.64928
-6.6496
-6.64798
-6.6483
-6.64701
-6.64507
-6.64377
-6.64377
-6.64442
-6.64409
-6.64474
-6.64377
-6.64474
-6.64247
-6.64377
-6.64215
-6.64215
-6.6428
-6.64441
-6.64377
-6.64344
-6.64506
-6.64442
-6.64442
-6.64377
-6.64409
-6.6428
-6.64118
-6.64247
-6.6415
-6.64182
-6.6428
-6.64247
-6.64312
-6.64215
-6.6428
-6.64312
-6.64247
-6.64279
-6.64247
-6.64117
-6.64053
-6.64215
-6.64279
-6.64344
-6.64377
-6.64409
-6.64344
-6.64215
-6.63988
-6.64118
-6.64247
-6.64474
-6.64474
-6.64344
-6.64311
-6.64247
-6.6415
-6.64182
-6.64182
-6.64085
-6.64279
-6.64376
-6.64312
-6.64376
-6.64538
-6.64668
-6.64765
-6.64797
-6.64927
-6.64927
-6.64927
-6.647
-6.64538
-6.6457
-6.64603
-6.647
-6.647
-6.64603
-6.64473
-6.64538
-6.6457
-6.64473
-6.64506
-6.64441
-6.64376
-6.64441
-6.64408
-6.64505
-6.64441
-6.64376
-6.64473
-6.64505
-6.64408
-6.64343
-6.64441
-6.64764
-6.64667
-6.64635
-6.64732
-6.64797
-6.64764
-6.64732
-6.64732
-6.64829
-6.64635
-6.64537
-6.64343
-6.64116
-6.64117
-6.64084
-6.6402
-6.6402
-6.63955
-6.6402
-6.63955
-6.6402
-6.64246
-6.64279
-6.64408
-6.64311
-6.64246
-6.64311
-6.64344
-6.64343
-6.64376
-6.64343
-6.64052
-6.64084
-6.64149
-6.64084
-6.64052
-6.64149
-6.64214
-6.64246
-6.64343
-6.64343
-6.64246
-6.64084
-6.6402
-6.63987
-6.64149
-6.64117
-6.64408
-6.64246
-6.64246
-6.64181
-6.64279
-6.6402
-6.64117
-6.64149
-6.64117
-6.64084
-6.6402
-6.64084
-6.64246
-6.64311
-6.64311
-6.64246
-6.64149
-6.64019
-6.64052
-6.63955
-6.64149
-6.64246
-6.64376
-6.64246
-6.64279
-6.6389
-6.64116
-6.64181
-6.64019
-6.64181
-6.64116
-6.64149
-6.64246
-6.64181
-6.64019
-6.64052
-6.64117
-6.64116
-6.64052
-6.64084
-6.64116
-6.64084
-6.63922
-6.64052
-6.64181
-6.64214
-6.64052
-6.6389
-6.64019
-6.64181
-6.63922
-6.63987
-6.64116
-6.64213
-6.64311
-6.64472
-6.64537
-6.6457
-6.64278
-6.64278
-6.64148
-6.64375
-6.6431
-6.64278
-6.64213
-6.64246
-6.64408
-6.64213
-6.64213
-6.64504
-6.64472
-6.6431
-6.64375
-6.6431
-6.64051
-6.64148
-6.64181
-6.64148
-6.64148
-6.64019
-6.63954
-6.63954
-6.63954
-6.64083
-6.63986
-6.63921
-6.64083
-6.63986
-6.63889
-6.63889
-6.63986
-6.64213
-6.64245
-6.64116
-6.64051
-6.63824
-6.64018
-6.64115
-6.64213
-6.6431
-6.64245
-6.64309
-6.64051
-6.6418
-6.64115
-6.64212
-6.64245
-6.64245
-6.64374
-6.64471
-6.64504
-6.64374
-6.64342
-6.64374
-6.64374
-6.64309
-6.64244
-6.64245
-6.64309
-6.64309
-6.64245
-6.6431
-6.64213
-6.64245
-6.6431
-6.64342
-6.64504
-6.64633
-6.63758
-6.63823
-6.63823
-6.63855
-6.63887
-6.63661
-6.63564
-6.63402
-6.63369
-6.63208
-6.63207
-6.6324
-6.63272
-6.6324
-6.63434
-6.63402
-6.63305
-6.63175
-6.63305
-6.63305
-6.63402
-6.63564
-6.63726
-6.63791
-6.63823
-6.63888
-6.63952
-6.63726
-6.63855
-6.63596
-6.63564
-6.63434
-6.63661
-6.63726
-6.63888
-6.63985
-6.63888
-6.6379
-6.63661
-6.63337
-6.63564
-6.63467
-6.63208
-6.63208
-6.63175
-6.63111
-6.63046
-6.62981
-6.62981
-6.62948
-6.63078
-6.63013
-6.63175
-6.63175
-6.63337
-6.6324
-6.63208
-6.63176
-6.63338
-6.63435
-6.63435
-6.63694
-6.63532
-6.63273
-6.63241
-6.63208
-6.63435
-6.63176
-6.63208
-6.63273
-6.63402
-6.63499
-6.63337
-6.63435
-6.63337
-6.63079
-6.63208
-6.63111
-6.63338
-6.63111
-6.63241
-6.6337
-6.63273
-6.63338
-6.63435
-6.63144
-6.62917
-6.62885
-6.62885
-6.62885
-6.62917
-6.62885
-6.63014
-6.62917
-6.62949
-6.63046
-6.62884
-6.63241
-6.63079
-6.63403
-6.63759
-6.63856
-6.63727
-6.63694
-6.63468
-6.63468
-6.63273
-6.63209
-6.63338
-6.63403
-6.63468
-6.63468
-6.63338
-6.63079
-6.62917
-6.62852
-6.62982
-6.63014
-6.63047
-6.63014
-6.63209
-6.63176
-6.63241
-6.63241
-6.63112
-6.63565
-6.63435
-6.63468
-6.63306
-6.63273
-6.63079
-6.63144
-6.62982
-6.63014
-6.63079
-6.63015
-6.63015
-6.63241
-6.63371
-6.63338
-6.63112
-6.63112
-6.63371
-6.63274
-6.63209
-6.63533
-6.63663
-6.63598
-6.63501
-6.63598
-6.63501
-6.63404
-6.63566
-6.63695
-6.63663
-6.63922
-6.63728
-6.63307
-6.63242
-6.63501
-6.63371
-6.63663
-6.6363
-6.63533
-6.63566
-6.63404
-6.63436
-6.63468
-6.63436
-6.63533
-6.63501
-6.63274
-6.63145
-6.63306
-6.63339
-6.63306
-6.63371
-6.63371
-6.63371
-6.63339
-6.63274
-6.63404
-6.63112
-6.62853
-6.62789
-6.62691
-6.62821
-6.62821
-6.62756
-6.62918
-6.63112
-6.63339
-6.63469
-6.63501
-6.63468
-6.63533
-6.63501
-6.63598
-6.63501
-6.63468
-6.63501
-6.6363
-6.63468
-6.6321
-6.63242
-6.63469
-6.63371
-6.63436
-6.63663
-6.63728
-6.63857
-6.6376
-6.63695
-6.63695
-6.63533
-6.63209
-6.6308
-6.63371
-6.63242
-6.63145
-6.63306
-6.63242
-6.63339
-6.63436
-6.63501
-6.63468
-6.63436
-6.63533
-6.63436
-6.63598
-6.63468
-6.63338
-6.63371
-6.63209
-6.63209
-6.63209
-6.63047
-6.6295
-6.63015
-6.63112
-6.63144
-6.63306
-6.63339
-6.63306
-6.63339
-6.63274
-6.63177
-6.63176
-6.63209
-6.63079
-6.63112
-6.63306
-6.63436
-6.63533
-6.63662
-6.63825
-6.6376
-6.63598
-6.63501
-6.63274
-6.63242
-6.63209
-6.63339
-6.63468
-6.63339
-6.63339
-6.63339
-6.63177
-6.6308
-6.6308
-6.63015
-6.63209
-6.63307
-6.63501
-6.63566
-6.63631
-6.63436
-6.63501
-6.63695
-6.6363
-6.6363
-6.63663
-6.63468
-6.63371
-6.63436
-6.63112
-6.63144
-6.63047
-6.6308
-6.63015
-6.63047
-6.63015
-6.6308
-6.63209
-6.63177
-6.63209
-6.63177
-6.63306
-6.63242
-6.63306
-6.63436
-6.63436
-6.63566
-6.63663
-6.63663
-6.63728
-6.63566
-6.63533
-6.63598
-6.63663
-6.63598
-6.63598
-6.63663
-6.63663
-6.63566
-6.63404
-6.6321
-6.63177
-6.63015
-6.62724
-6.62821
-6.62821
-6.62789
-6.62918
-6.6295
-6.62886
-6.63048
-6.63048
-6.62983
-6.63177
-6.6321
-6.63242
-6.63436
-6.63468
-6.63501
-6.63274
-6.63306
-6.63306
-6.63112
-6.63274
-6.63242
-6.63015
-6.6295
-6.63145
-6.63145
-6.63274
-6.63242
-6.63501
-6.63468
-6.63598
-6.63663
-6.63533
-6.63598
-6.63242
-6.63209
-6.63339
-6.63306
-6.63371
-6.63209
-6.63112
-6.63274
-6.63145
-6.63209
-6.63306
-6.63242
-6.63371
-6.63339
-6.63306
-6.63339
-6.63306
-6.63177
-6.63436
-6.63371
-6.635
-6.63533
-6.63565
-6.63695
-6.6363
-6.63566
-6.6363
-6.63598
-6.63566
-6.63566
-6.63534
-6.63534
-6.63372
-6.63404
-6.63339
-6.63372
-6.63501
-6.63436
-6.63501
-6.63306
-6.63371
-6.63339
-6.63307
-6.63372
-6.63469
-6.63242
-6.63177
-6.6321
-6.63307
-6.63468
-6.63209
-6.63112
-6.63177
-6.63144
-6.63015
-6.62918
-6.6308
-6.63242
-6.63339
-6.63307
-6.63177
-6.63177
-6.63274
-6.63209
-6.63177
-6.63339
-6.63468
-6.63371
-6.63468
-6.6363
-6.6363
-6.63759
-6.63662
-6.63597
-6.63565
-6.63371
-6.63403
-6.63177
-6.63241
-6.63144
-6.63306
-6.63306
-6.63242
-6.63306
-6.63339
-6.63274
-6.63209
-6.63112
-6.63144
-6.63209
-6.63501
-6.63533
-6.635
-6.63371
-6.635
-6.63371
-6.63371
-6.63274
-6.63241
-6.63338
-6.63209
-6.63047
-6.63112
-6.63209
-6.63338
-6.63176
-6.63306
-6.63176
-6.63403
-6.63436
-6.63533
-6.63565
-6.63727
-6.63436
-6.63339
-6.63144
-6.63047
-6.63112
-6.62982
-6.62853
-6.62658
-6.62658
-6.62723
-6.62658
-6.62788
-6.62788
-6.62918
-6.62918
-6.62885
-6.6295
-6.6295
-6.62885
-6.62788
-6.62788
-6.63112
-6.62853
-6.62853
-6.62788
-6.63241
-6.63371
-6.63468
-6.63403
-6.63176
-6.63338
-6.63306
-6.63468
-6.63533
-6.63371
-6.63176
-6.63079
-6.63144
-6.63306
-6.6337
-6.635
-6.63532
-6.63565
-6.63532
-6.635
-6.63435
-6.63338
-6.63468
-6.635
-6.63436
-6.63468
-6.63435
-6.63468
-6.63435
-6.63371
-6.63306
-6.63338
-6.63371
-6.63338
-6.63435
-6.63436
-6.63565
-6.63662
-6.63662
-6.63533
-6.63144
-6.63015
-6.63015
-6.62886
-6.62724
-6.62821
-6.62918
-6.63144
-6.6308
-6.63242
-6.63209
-6.63177
-6.62918
-6.62918
-6.63048
-6.63339
-6.63339
-6.63565
-6.63468
-6.63598
-6.63468
-6.63371
-6.6308
-6.62983
-6.63047
-6.62983
-6.63047
-6.63242
-6.63371
-6.63436
-6.63274
-6.635
-6.63597
-6.63468
-6.63727
-6.63824
-6.63856
-6.63856
-6.63921
-6.63662
-6.63565
-6.63565
-6.63371
-6.63403
-6.63306
-6.63273
-6.63111
-6.63111
-6.63014
-6.63047
-6.62949
-6.63046
-6.63014
-6.63079
-6.63176
-6.63176
-6.63403
-6.63565
-6.63662
-6.63759
-6.63694
-6.63662
-6.63371
-6.63306
-6.63241
-6.63144
-6.63112
-6.63176
-6.63112
-6.63014
-6.6337
-6.63338
-6.6337
-6.63468
-6.63306
-6.63306
-6.63532
-6.635
-6.63597
-6.6363
-6.63597
-6.63403
-6.63532
-6.63889
-6.63727
-6.63565
-6.63598
-6.635
-6.63338
-6.63371
-6.63274
-6.63338
-6.63209
-6.63274
-6.63371
-6.63306
-6.63241
-6.63144
-6.63144
-6.62885
-6.6295
-6.6295
-6.63112
-6.63274
-6.63273
-6.63435
-6.63403
-6.63371
-6.63435
-6.63468
-6.63533
-6.6363
-6.63759
-6.63565
-6.63695
-6.63759
-6.63953
-6.63856
-6.63759
-6.63597
-6.63565
-6.63468
-6.63533
-6.63468
-6.63338
-6.63306
-6.63209
-6.635
-6.63436
-6.63339
-6.63274
-6.63274
-6.63533
-6.63533
-6.63468
-6.63501
-6.63501
-6.63533
-6.63598
-6.635
-6.63695
-6.63662
-6.63338
-6.63112
-6.63306
-6.63533
-6.63792
-6.63954
-6.63889
-6.63792
-6.63663
-6.63824
-6.63792
-6.63695
-6.6363
-6.63598
-6.63662
-6.63662
-6.635
-6.63597
-6.63565
-6.63727
-6.63759
-6.63662
-6.63597
-6.635
-6.63598
-6.63922
-6.64019
-6.63986
-6.63986
-6.6376
-6.63565
-6.63436
-6.63306
-6.63242
-6.63144
-6.6308
-6.63209
-6.63047
-6.62756
-6.62691
-6.62788
-6.6295
-6.63209
-6.63306
-6.63274
-6.63436
-6.63533
-6.63403
-6.63501
-6.63241
-6.63242
-6.6308
-6.63112
-6.63241
-6.63177
-6.63144
-6.635
-6.63694
-6.63792
-6.63824
-6.6363
-6.63663
-6.63533
-6.63792
-6.63695
-6.63727
-6.63598
-6.63565
-6.63597
-6.63597
-6.63371
-6.63403
-6.63241
-6.63273
-6.63176
-6.63144
-6.62982
-6.6295
-6.6295
-6.62853
-6.63015
-6.63177
-6.63112
-6.63112
-6.63338
-6.63371
-6.63306
-6.63176
-6.63241
-6.63176
-6.63241
-6.63209
-6.63209
-6.63565
-6.63533
-6.63403
-6.63435
-6.63597
-6.6363
-6.63597
-6.63468
-6.63371
-6.635
-6.63371
-6.63436
-6.63468
-6.63533
-6.63436
-6.63371
-6.63015
-6.6308
-6.63079
-6.63079
-6.63338
-6.63403
-6.63177
-6.63371
-6.63177
-6.63371
-6.63533
-6.6363
-6.63695
-6.63598
-6.63565
-6.63565
-6.63598
-6.63565
-6.63566
-6.63598
-6.63339
-6.63403
-6.63403
-6.63371
-6.63079
-6.6282
-6.62852
-6.6282
-6.62885
-6.6282
-6.62982
-6.63079
-6.63144
-6.63144
-6.63177
-6.63144
-6.63403
-6.63565
-6.63597
-6.63435
-6.635
-6.635
-6.63403
-6.63209
-6.63176
-6.63144
-6.6282
-6.62658
-6.62788
-6.62658
-6.62723
-6.6295
-6.6295
-6.63306
-6.63209
-6.63112
-6.63241
-6.63273
-6.63144
-6.63111
-6.63111
-6.63111
-6.63176
-6.63143
-6.62852
-6.6269
-6.62755
-6.6282
-6.62787
-6.62787
-6.63046
-6.63143
-6.62981
-6.63014
-6.63176
-6.63338
-6.63402
-6.63564
-6.63597
-6.63661
-6.63499
-6.6337
-6.63305
-6.63273
-6.63467
-6.63564
-6.63467
-6.63435
-6.63435
-6.63499
-6.63564
-6.63499
-6.63402
-6.63273
-6.63208
-6.63078
-6.62949
-6.63078
-6.63078
-6.63175
-6.6324
-6.63208
-6.63273
-6.63273
-6.63402
-6.63305
-6.63467
-6.63435
-6.63338
-6.63176
-6.6324
-6.63564
-6.63661
-6.63402
-6.63499
-6.63434
-6.63369
-6.63402
-6.63272
-6.63078
-6.63208
-6.63078
-6.62852
-6.63143
-6.62917
-6.62981
-6.62884
-6.63111
-6.63046
-6.62917
-6.63111
-6.63046
-6.63078
-6.63337
-6.63434
-6.63402
-6.63111
-6.6324
-6.63208
-6.63176
-6.63273
-6.6324
-6.63402
-6.63532
-6.63629
-6.63823
-6.6392
-6.63564
-6.63434
-6.63272
-6.63337
-6.63046
-6.62949
-6.63046
-6.63046
-6.63046
-6.63078
-6.63272
-6.62948
-6.62948
-6.62851
-6.62948
-6.62883
-6.63045
-6.62948
-6.62948
-6.62981
-6.62948
-6.62916
-6.62819
-6.62851
-6.63078
-6.6311
-6.63078
-6.63208
-6.6337
-6.63208
-6.63305
-6.6337
-6.63272
-6.6337
-6.63272
-6.63369
-6.63369
-6.63434
-6.63369
-6.63337
-6.63305
-6.6324
-6.62949
-6.63272
-6.63305
-6.63305
-6.63143
-6.63175
-6.63466
-6.63531
-6.63369
-6.6324
-6.63207
-6.63272
-6.6311
-6.63175
-6.63143
-6.63207
-6.63013
-6.62851
-6.62916
-6.62883
-6.62819
-6.6298
-6.62948
-6.63045
-6.6298
-6.62981
-6.63045
-6.63272
-6.63207
