1.76816
1.76816
1.76816
1.76816
1.76816
1.76816
1.76816
1.76816
1.76816
1.76816
1.76816
1.76816
1.76816
1.76816
1.76815
1.76814
1.76812
1.76811
1.76809
1.76806
1.76804
1.76802
1.768
1.76798
1.76794
1.76792
1.76789
1.76786
1.76784
1.76782
1.76779
1.76777
1.76776
1.76773
1.76771
1.76769
1.76768
1.76767
1.76765
1.76764
1.76764
1.76763
1.76762
1.7676
1.7676
1.76759
1.76758
1.76758
1.76757
1.76757
1.76757
1.76756
1.76756
1.76755
1.76753
1.76752
1.76751
1.76751
1.76749
1.76748
1.76747
1.76747
1.76747
1.76746
1.76745
1.76744
1.76744
1.76744
1.76743
1.76743
1.76743
1.76742
1.76743
1.76741
1.7674
1.76739
1.76739
1.76739
1.76739
1.76739
1.76739
1.76739
1.76738
1.76738
1.76737
1.76737
1.76737
1.76737
1.76736
1.76736
1.76735
1.76735
1.76735
1.76735
1.76735
1.76735
1.76735
1.76735
1.76734
1.76733
1.76733
1.76734
1.76733
1.76732
1.76732
1.76732
1.76731
1.76732
1.76733
1.76731
1.76731
1.76731
1.76731
1.76731
1.76731
1.76731
1.76731
1.76731
1.76731
1.7673
1.7673
1.76729
1.7673
1.7673
1.7673
1.7673
1.7673
1.7673
1.76731
1.76731
1.76731
1.7673
1.7673
1.76729
1.7673
1.7673
1.76731
1.76732
1.76732
1.76733
1.76733
1.76732
1.76733
1.76733
1.76731
1.7673
1.7673
1.76729
1.7673
1.76729
1.76729
1.76729
1.76728
1.76729
1.76729
1.76729
1.7673
1.7673
1.76729
1.7673
1.7673
1.7673
1.7673
1.7673
1.76729
1.76729
1.76729
1.76728
1.76728
1.76729
1.76728
1.76729
1.76728
1.76727
1.76727
1.76727
1.76726
1.76727
1.76727
1.76727
1.76727
1.76726
1.76726
1.76725
1.76725
1.76725
1.76724
1.76724
1.76724
1.76724
1.76724
1.76724
1.76725
1.76725
1.76725
1.76725
1.76725
1.76725
1.76725
1.76726
1.76726
1.76726
1.76725
1.76726
1.76727
1.76726
1.76726
1.76726
1.76726
1.76725
1.76724
1.76725
1.76725
1.76725
1.76725
1.76725
1.76725
1.76725
1.76724
1.76725
1.76726
1.76726
1.76726
1.76726
1.76725
1.76724
1.76724
1.76724
1.76724
1.76724
1.76724
1.76724
1.76725
1.76724
1.76724
1.76724
1.76725
1.76725
1.76725
1.76726
1.76726
1.76725
1.76725
1.76724
1.76724
1.76725
1.76725
1.76723
1.76723
1.76723
1.76723
1.76724
1.76725
1.76725
1.76724
1.76724
1.76724
1.76724
1.76724
1.76723
1.76723
1.76723
1.76723
1.76723
1.76722
1.76722
1.76722
1.76722
1.76722
1.76721
1.7672
1.76721
1.76721
1.76721
1.76721
1.76721
1.7672
1.76721
1.7672
1.7672
1.7672
1.7672
1.7672
1.7672
1.76721
1.7672
1.7672
1.7672
1.76719
1.76719
1.76719
1.7672
1.7672
1.7672
1.7672
1.76721
1.76721
1.76721
1.76721
1.76721
1.76721
1.76721
1.76721
1.7672
1.7672
1.7672
1.76719
1.76719
1.76718
1.76718
1.76719
1.76718
1.76719
1.76718
1.76718
1.76718
1.76718
1.76718
1.76718
1.76717
1.76718
1.76719
1.76719
1.76719
1.7672
1.76719
1.76719
1.7672
1.7672
1.76719
1.7672
1.76719
1.7672
1.7672
1.76718
1.76718
1.76718
1.76718
1.76718
1.76719
1.7672
1.76719
1.7672
1.7672
1.7672
1.7672
1.7672
1.7672
1.7672
1.7672
1.7672
1.7672
1.7672
1.7672
1.76719
1.76719
1.7672
1.7672
1.76721
1.76721
1.76721
1.76721
1.7672
1.7672
1.76721
1.76721
1.7672
1.7672
1.7672
1.76721
1.76721
1.7672
1.76719
1.76719
1.76719
1.76719
1.7672
1.7672
1.7672
1.7672
1.76719
1.76718
1.76718
1.76718
1.76718
1.76717
1.76718
1.76717
1.76717
1.76717
1.76718
1.76718
1.76717
1.76717
1.76717
1.76717
1.76717
1.76717
1.76717
1.76717
1.76719
1.76719
1.76718
1.76719
1.76718
1.76718
1.76717
1.76716
1.76716
1.76717
1.76717
1.76717
1.76717
1.76717
1.76716
1.76717
1.76717
1.76718
1.76717
1.76718
1.76718
1.76718
1.76717
1.76717
1.76716
1.76716
1.76716
1.76715
1.76716
1.76716
1.76717
1.76718
1.76718
1.76718
1.76717
1.76717
1.76717
1.76717
1.76717
1.76717
1.76717
1.76717
1.76717
1.76717
1.76717
1.76718
1.76717
1.76718
1.76716
1.76717
1.76717
1.76716
1.76717
1.76716
1.76716
1.76716
1.76716
1.76716
1.76716
1.76716
1.76716
1.76715
1.76715
1.76714
1.76713
1.76714
1.76713
1.76713
1.76714
1.76713
1.76713
1.76713
1.76713
1.76713
1.76713
1.76713
1.76712
1.76713
1.76713
1.76712
1.76712
1.76712
1.76713
1.76713
1.76714
1.76712
1.76712
1.76712
1.76711
1.76712
1.76712
1.76712
1.76712
1.76713
1.76713
1.76713
1.76714
1.76714
1.76713
1.76714
1.76715
1.76715
1.76714
1.76715
1.76715
1.76715
1.76716
1.76716
1.76716
1.76717
1.76716
1.76716
1.76716
1.76715
1.76715
1.76715
1.76715
1.76716
1.76717
1.76717
1.76717
1.76717
1.76718
1.76718
1.76718
1.76718
1.76718
1.76718
1.76717
1.76718
1.76718
1.76718
1.76719
1.76719
1.76719
1.76718
1.76718
1.76718
1.76719
1.76718
1.76719
1.76719
1.7672
1.76721
1.76721
1.7672
1.76719
1.7672
1.7672
1.76719
1.76719
1.7672
1.7672
1.76719
1.76719
1.76719
1.76719
1.76718
1.76718
1.76718
1.76719
1.76719
1.76719
1.76718
1.76718
1.76718
1.76719
1.76719
1.76719
1.76718
1.76718
1.76719
1.76717
1.76717
1.76716
1.76717
1.76717
1.76718
1.76718
1.76718
1.76719
1.76718
1.76719
1.76719
1.7672
1.76719
1.7672
1.76719
1.76719
1.76718
1.76718
1.76719
1.76719
1.7672
1.7672
1.7672
1.76721
1.7672
1.7672
1.76719
1.76719
1.7672
1.76721
1.7672
1.7672
1.76721
1.76721
1.76721
1.76721
1.76721
1.7672
1.7672
1.7672
1.7672
1.7672
1.7672
1.7672
1.7672
1.76719
1.76718
1.76718
1.76718
1.76718
1.76719
1.76719
1.76719
1.76719
1.76719
1.76719
1.76719
1.76718
1.76719
1.7672
1.7672
1.76719
1.76719
1.76718
1.76718
1.76718
1.76718
1.76718
1.76717
1.76718
1.76718
1.76717
1.76717
1.76718
1.76718
1.76718
1.76718
1.76717
1.76718
1.76718
1.76718
1.76719
1.76719
1.76718
1.76718
1.76719
1.76719
1.76719
1.7672
1.7672
1.76719
1.76719
1.76719
1.7672
1.76719
1.76719
1.76719
1.76719
1.7672
1.7672
1.7672
1.7672
1.7672
1.7672
1.7672
1.7672
1.76719
1.76718
1.76719
1.76719
1.7672
1.76719
1.7672
1.7672
1.7672
1.7672
1.7672
1.7672
1.7672
1.7672
1.76719
1.76719
1.7672
1.7672
1.7672
1.7672
1.76719
1.76718
1.76718
1.76717
1.76718
1.76718
1.76718
1.76719
1.76719
1.76719
1.7672
1.76719
1.76719
1.7672
1.76718
1.76718
1.76719
1.76718
1.76719
1.76719
1.7672
1.7672
1.7672
1.76721
1.7672
1.7672
1.7672
1.76721
1.7672
1.76721
1.76721
1.7672
1.76721
1.76721
1.76721
1.76721
1.76721
1.76722
1.76722
1.76722
1.76721
1.76722
1.76722
1.76722
1.76722
1.76722
1.76722
1.76722
1.76721
1.76722
1.76721
1.76722
1.76721
1.76722
1.76721
1.76721
1.76721
1.7672
1.76721
1.7672
1.76721
1.76721
1.76721
1.76721
1.76721
1.76722
1.76722
1.76722
1.76722
1.76723
1.76724
1.76724
1.76725
1.76725
1.76725
1.76725
1.76725
1.76724
1.76724
1.76724
1.76725
1.76724
1.76723
1.76724
1.76724
1.76724
1.76723
1.76724
1.76724
1.76724
1.76724
1.76725
1.76724
1.76724
1.76723
1.76721
1.76721
1.76721
1.76721
1.7672
1.76721
1.7672
1.7672
1.7672
1.7672
1.7672
1.7672
1.7672
1.7672
1.76721
1.76721
1.76721
1.7672
1.76719
1.76719
1.76718
1.76718
1.76718
1.76719
1.76719
1.76718
1.76719
1.76719
1.7672
1.7672
1.7672
1.76721
1.76721
1.76721
1.7672
1.7672
1.7672
1.7672
1.7672
1.7672
1.7672
1.7672
1.7672
1.7672
1.76719
1.76719
1.76719
1.7672
1.76719
1.76719
1.7672
1.7672
1.7672
1.76719
1.76719
1.76718
1.76719
1.76718
1.76718
1.76717
1.76718
1.76718
1.76717
1.76717
1.76717
1.76717
1.76718
1.76717
1.76718
1.76718
1.76718
1.76718
1.76718
1.76718
1.76718
1.76717
1.76716
1.76715
1.76716
1.76714
1.76714
1.76714
1.76713
1.76714
1.76713
1.76713
1.76712
1.76713
1.76713
1.76712
1.76712
1.76712
1.76712
1.76712
1.76712
1.76712
1.76713
1.76713
1.76713
1.76714
1.76714
1.76714
1.76715
1.76714
1.76715
1.76714
1.76714
1.76714
1.76714
1.76715
1.76714
1.76714
1.76714
1.76714
1.76715
1.76714
1.76714
1.76714
1.76714
1.76715
1.76715
1.76715
1.76715
1.76714
1.76714
1.76714
1.76713
1.76713
1.76713
1.76713
1.76714
1.76714
1.76714
1.76714
1.76714
1.76714
1.76714
1.76714
1.76713
1.76713
1.76713
1.76713
1.76712
1.76712
1.76712
1.76711
1.76712
1.76712
1.76712
1.76713
1.76713
1.76713
1.76714
1.76713
1.76714
1.76714
1.76714
1.76714
1.76714
1.76714
1.76714
1.76713
1.76714
1.76714
1.76714
1.76714
1.76714
1.76714
1.76714
1.76714
1.76715
1.76716
1.76716
1.76716
1.76717
1.76717
1.76717
1.76717
1.76717
1.76718
1.76718
1.76717
1.76718
1.76719
1.76717
1.76717
1.76717
1.76718
1.76718
1.76718
1.76718
1.76718
1.76718
1.76718
1.76718
1.76718
1.76719
1.76719
1.7672
1.76719
1.76719
1.76718
1.76718
1.76718
1.76717
1.76717
0.115751
0.115751
0.115753
0.115756
0.115756
0.115754
0.115751
0.115758
0.115758
0.115758
0.115765
0.115761
0.115751
0.115751
0.115749
0.115744
0.115741
0.115739
0.115741
0.115734
0.115732
0.115737
0.115734
0.11573
0.11573
0.115732
0.115727
0.115727
0.115725
0.115727
0.115732
0.115739
0.115742
0.115744
0.115742
0.115734
0.115732
0.115727
0.11572
0.115727
0.11573
0.11573
0.115725
0.11572
0.115718
0.11572
0.115715
0.115718
0.115715
0.115718
0.115718
0.115718
0.115718
0.115718
0.11572
0.115713
0.11572
0.115722
0.11572
0.115715
0.115718
0.115725
0.115723
0.11573
0.115732
0.115727
0.11572
0.11572
0.11572
0.115716
0.115716
0.115723
0.115725
0.115725
0.115722
0.115725
0.115722
0.115727
0.115729
0.115725
0.115725
0.115717
0.115717
0.115722
0.115725
0.115715
0.115715
0.115717
0.11572
0.115725
0.115729
0.115722
0.115725
0.115727
0.115729
0.115729
0.115734
0.115725
0.115725
0.115727
0.11573
0.115732
0.115732
0.115737
0.115737
0.115734
0.115734
0.115732
0.115732
0.115739
0.115736
0.115741
0.115743
0.115743
0.115743
0.115743
0.115748
0.115751
0.115751
0.115748
0.115748
0.115748
0.115751
0.115746
0.115748
0.115751
0.115746
0.115744
0.115746
0.115744
0.115746
0.115739
0.115744
0.115746
0.115744
0.115742
0.115749
0.115746
0.115741
0.115741
0.115737
0.115739
0.115736
0.115736
0.115734
0.115734
0.115729
0.115729
0.115729
0.115727
0.115732
0.115741
0.115744
0.115748
0.115753
0.115753
0.115748
0.115748
0.115748
0.115751
0.115755
0.115755
0.115758
0.115763
0.115763
0.11576
0.115763
0.115767
0.11576
0.115758
0.115753
0.115758
0.115753
0.115753
0.115758
0.115758
0.115755
0.11575
0.115748
0.11575
0.11575
0.115753
0.115753
0.115755
0.115758
0.115755
0.115753
0.115751
0.115749
0.115749
0.115754
0.115749
0.115751
0.115751
0.11576
0.11576
0.115765
0.115765
0.115767
0.11576
0.115769
0.115772
0.115772
0.11577
0.115767
0.115763
0.115758
0.115758
0.115753
0.115748
0.115748
0.115753
0.115755
0.115751
0.115741
0.115741
0.115741
0.115744
0.115739
0.115744
0.115739
0.115744
0.115736
0.115732
0.115734
0.115725
0.115722
0.115727
0.115727
0.115725
0.11573
0.115725
0.115723
0.11572
0.115723
0.115725
0.115718
0.115715
0.115717
0.115713
0.11571
0.115712
0.115712
0.115715
0.115717
0.115715
0.11571
0.115713
0.115715
0.115723
0.115725
0.115723
0.11572
0.115715
0.115718
0.115715
0.115713
0.11571
0.11571
0.115706
0.115701
0.115701
0.115703
0.115696
0.115691
0.115691
0.115694
0.115694
0.115696
0.115699
0.115699
0.115699
0.115704
0.115706
0.115711
0.115713
0.115711
0.115711
0.115711
0.115706
0.115699
0.115701
0.115699
0.115696
0.115691
0.115691
0.115691
0.115684
0.11568
0.115677
0.115677
0.11567
0.115668
0.115673
0.11567
0.115673
0.115675
0.11568
0.115675
0.11567
0.115675
0.115668
0.11567
0.11567
0.115672
0.115675
0.11568
0.115682
0.115682
0.115684
0.115684
0.115687
0.115687
0.115689
0.115701
0.115701
0.11571
0.115703
0.115696
0.115694
0.115701
0.115696
0.115696
0.115698
0.115696
0.115694
0.115696
0.115691
0.115687
0.115691
0.115684
0.115687
0.115689
0.115694
0.115694
0.115696
0.115696
0.115696
0.115687
0.115684
0.115682
0.115687
0.115689
0.115682
0.115684
0.115684
0.115682
0.115679
0.115677
0.11567
0.115672
0.115668
0.115665
0.115668
0.115668
0.115668
0.115668
0.115673
0.115671
0.115675
0.115675
0.115677
0.11568
0.115675
0.11568
0.115682
0.115682
0.115687
0.115687
0.115689
0.115684
0.115684
0.115687
0.115687
0.115687
0.115682
0.115689
0.115689
0.115684
0.115687
0.115687
0.115685
0.115689
0.115689
0.115692
0.115692
0.115687
0.115692
0.115697
0.115687
0.115699
0.115697
0.115699
0.115701
0.115706
0.115701
0.115701
0.115699
0.115694
0.115692
0.115696
0.115692
0.115692
0.115692
0.115696
0.115692
0.115682
0.11568
0.115685
0.115687
0.115682
0.11568
0.115675
0.115668
0.115672
0.115675
0.115672
0.115672
0.115668
0.11567
0.11567
0.115675
0.115675
0.115672
0.11567
0.115673
0.115661
0.115658
0.115656
0.115656
0.115661
0.115658
0.115656
0.115649
0.115646
0.115656
0.115648
0.115651
0.115648
0.115639
0.115644
0.115646
0.115649
0.115639
0.115639
0.115639
0.115644
0.115646
0.115646
0.115646
0.115651
0.115658
0.115658
0.115658
0.115663
0.115656
0.115656
0.115658
0.115654
0.115658
0.115658
0.115665
0.115665
0.115667
0.11567
0.115665
0.115663
0.115658
0.115663
0.115665
0.115665
0.115665
0.115677
0.115675
0.115675
0.115675
0.115675
0.115672
0.115677
0.115675
0.115665
0.115665
0.11566
0.115663
0.115661
0.115656
0.115654
0.115652
0.115654
0.115654
0.115663
0.115661
0.115668
0.115668
0.115661
0.115656
0.115661
0.115656
0.115656
0.115654
0.115661
0.115656
0.115654
0.115651
0.115649
0.115644
0.115651
0.115649
0.115651
0.115654
0.115651
0.115661
0.115654
0.115656
0.115658
0.115661
0.115661
0.115661
0.115665
0.115668
0.115665
0.115665
0.11566
0.115658
0.115656
0.115656
0.115661
0.115659
0.115659
0.115661
0.115669
0.115671
0.115668
0.11568
0.115682
0.115684
0.115684
0.115694
0.115694
0.115694
0.115689
0.115691
0.115689
0.115689
0.115682
0.115689
0.115687
0.115691
0.115696
0.115698
0.115696
0.115699
0.115699
0.115699
0.115701
0.115704
0.115703
0.115703
0.115703
0.115703
0.115706
0.115706
0.115711
0.115701
0.115701
0.115701
0.115694
0.115696
0.115696
0.115694
0.115691
0.115687
0.115687
0.115687
0.115687
0.115682
0.115675
0.115682
0.115677
0.115673
0.115673
0.115672
0.115677
0.115672
0.115668
0.11567
0.115665
0.115668
0.115668
0.115667
0.115667
0.115665
0.115663
0.115658
0.115649
0.115656
0.115656
0.115654
0.115654
0.115652
0.115654
0.115656
0.115649
0.115644
0.115651
0.115646
0.115649
0.115646
0.115646
0.115646
0.115644
0.115646
0.115649
0.115649
0.115651
0.115649
0.115642
0.115642
0.115642
0.115646
0.115646
0.115646
0.115644
0.115642
0.115644
0.115647
0.115651
0.115649
0.115651
0.115659
0.115661
0.115663
0.115663
0.115656
0.115656
0.115659
0.115666
0.115661
0.115661
0.115661
0.115663
0.115665
0.115665
0.115665
0.115665
0.11566
0.11567
0.115672
0.115675
0.11567
0.11567
0.115675
0.115675
0.115673
0.115678
0.115671
0.115666
0.115663
0.11567
0.11567
0.115668
0.115661
0.115663
0.11566
0.115665
0.115672
0.115672
0.115668
0.11567
0.115668
0.115675
0.11568
0.115682
0.115682
0.11568
0.11568
0.115677
0.11568
0.115675
0.115675
0.115673
0.115677
0.115673
0.115675
0.115673
0.115673
0.115668
0.11567
0.115675
0.115675
0.115668
0.11567
0.11568
0.11568
0.115684
0.115689
0.115685
0.115675
0.115666
0.115668
0.115675
0.11568
0.115682
0.115677
0.115677
0.115677
0.115677
0.115672
0.115675
0.115677
0.115677
0.115673
0.115673
0.11567
0.115675
0.115675
0.115675
0.115675
0.115668
0.115666
0.115666
0.115673
0.115668
0.115666
0.115661
0.115666
0.115666
0.115668
0.115668
0.11567
0.11567
0.115661
0.115665
0.115665
0.115658
0.115661
0.115656
0.115656
0.115651
0.115646
0.115646
0.115646
0.115644
0.115641
0.115646
0.115646
0.115643
0.115641
0.115639
0.115641
0.115636
0.115634
0.115629
0.115634
0.115634
0.115632
0.115628
0.11563
0.115634
0.115632
0.115629
0.115631
0.115631
0.115629
0.115629
0.115632
0.115637
0.115635
0.115639
0.115635
0.115622
0.115622
0.115617
0.115619
0.115622
0.115622
0.115621
0.115617
0.115617
0.115607
0.11561
0.115606
0.115606
0.115611
0.115606
0.115606
0.115611
0.115606
0.115603
0.115599
0.115598
0.115596
0.115596
0.115594
0.115589
0.115582
0.115577
0.11558
0.11558
0.115585
0.115587
0.115585
0.11559
0.115595
0.115594
0.11559
0.115594
0.115599
0.115599
0.115601
0.115601
0.115603
0.115596
0.115589
0.115592
0.115592
0.115587
0.115587
0.11559
0.115597
0.115592
0.115599
0.115589
0.115587
0.115582
0.115577
0.11558
0.115587
0.115582
0.115582
0.115582
0.115584
0.115582
0.11558
0.115577
0.115575
0.11557
0.115563
0.115566
0.115561
0.115564
0.115557
0.115557
0.115559
0.115557
0.115557
0.115554
0.115556
0.115558
0.11556
0.11556
0.115565
0.115572
0.115577
0.115573
0.115576
0.115573
0.115571
0.115573
0.115572
0.115579
0.115582
0.115575
0.115572
0.115572
0.115579
0.115584
0.115582
0.115584
0.115593
0.115594
0.115601
0.115606
0.115606
0.115606
0.115608
0.115611
0.115606
0.115608
0.115611
0.115606
0.115609
0.115613
0.115613
0.115618
0.115613
0.115611
0.115608
0.115611
0.115613
0.115603
0.115606
0.115608
0.115608
0.115611
0.115611
0.115608
0.115608
0.115608
0.115606
0.115608
0.115606
0.115599
0.115596
0.115597
0.115592
0.115587
0.115587
0.115585
0.115578
0.115573
0.115575
0.11558
0.115585
0.115585
0.115582
0.115582
0.11558
0.115592
0.115594
0.115582
0.11558
0.115573
0.115573
0.115573
0.115575
0.115563
0.115561
0.115571
0.115571
0.115568
0.115568
0.115571
0.115575
0.115573
0.115571
0.115566
0.115568
0.115564
0.115566
0.115568
0.115571
0.115573
0.115568
0.115568
0.115561
0.115564
0.115559
0.115564
0.115552
0.115545
0.115545
0.115547
0.115547
0.115549
0.115554
0.115554
0.115556
0.115556
0.115556
0.115549
0.115544
0.11554
0.11554
0.115545
0.115549
0.115554
0.115552
0.11555
0.115554
0.115557
0.115554
0.115556
0.115556
0.115554
0.115556
0.115553
0.115568
0.115567
0.115572
0.115574
0.115574
0.11557
0.115567
0.115568
0.115564
0.115559
0.115562
0.115564
0.115569
0.115576
0.115578
0.115582
0.115579
0.115581
0.115576
0.115579
0.115586
0.115584
0.115586
0.18047
0.180473
0.180466
0.180459
0.18046
0.18046
0.180453
0.180455
0.180455
0.180455
0.180457
0.180464
0.180467
0.180471
0.180476
0.180476
0.180478
0.180476
0.180485
0.180495
0.180487
0.180485
0.180487
0.180485
0.180485
0.180482
0.180482
0.180473
0.180466
0.180466
0.180468
0.180469
0.180473
0.180473
0.180473
0.180478
0.180473
0.180469
0.180474
0.180469
0.180478
0.180483
0.180483
0.180486
0.180478
0.180473
0.180478
0.180478
0.18048
0.180489
0.180489
0.180487
0.180478
0.180483
0.180488
0.18049
0.180486
0.180483
0.180486
0.180486
0.180483
0.180481
0.180488
0.18049
0.18049
0.180485
0.180487
0.180492
0.180489
0.180492
0.180494
0.18049
0.180493
0.180496
0.180499
0.180496
0.180498
0.1805
0.180499
0.180501
0.180503
0.180508
0.180499
0.180501
0.180494
0.180499
0.180497
0.180502
0.180497
0.180495
0.180493
0.18049
0.180493
0.18049
0.180495
0.180502
0.180491
0.180491
0.180491
0.180491
0.180493
0.180491
0.18049
0.180495
0.180504
0.180504
0.180502
0.180509
0.180509
0.180509
0.180509
0.180499
0.180506
0.180509
0.180501
0.180504
0.180504
0.180504
0.180506
0.180513
0.180516
0.180506
0.180511
0.180508
0.180513
0.180514
0.180519
0.180524
0.180526
0.180526
0.180528
0.180528
0.18053
0.180525
0.180515
0.180515
0.18051
0.180508
0.180511
0.180511
0.180516
0.180521
0.180521
0.180523
0.180523
0.180523
0.180525
0.180525
0.180516
0.180513
0.180518
0.180526
0.180528
0.180526
0.180528
0.180526
0.180523
0.180514
0.180511
0.180509
0.180505
0.180509
0.180519
0.180517
0.180517
0.180519
0.180526
0.180531
0.180521
0.180523
0.180521
0.180526
0.180521
0.180521
0.180518
0.180521
0.180521
0.180523
0.180528
0.18053
0.180528
0.180535
0.180542
0.180538
0.180538
0.180533
0.180533
0.180533
0.180533
0.180536
0.180529
0.180526
0.180533
0.180534
0.180533
0.180529
0.180526
0.180528
0.180523
0.180523
0.180521
0.180518
0.180516
0.180509
0.180502
0.180495
0.180492
0.180493
0.180481
0.180478
0.180481
0.180488
0.180488
0.180483
0.180483
0.180483
0.180488
0.18049
0.180488
0.180488
0.180483
0.180478
0.180476
0.180474
0.180479
0.180483
0.180486
0.180483
0.180478
0.180471
0.180468
0.180468
0.180464
0.180464
0.180456
0.180461
0.180459
0.180449
0.18044
0.180433
0.18044
0.18044
0.180436
0.180431
0.180438
0.180441
0.180441
0.180445
0.180449
0.180449
0.180446
0.180451
0.180456
0.180458
0.180463
0.180466
0.180471
0.180473
0.180478
0.180478
0.180487
0.180487
0.180494
0.180492
0.180499
0.180492
0.180494
0.180494
0.18049
0.180497
0.1805
0.180507
0.180505
0.180503
0.180506
0.180512
0.180514
0.180513
0.18052
0.180511
0.180515
0.180515
0.180516
0.180513
0.180511
0.180511
0.180504
0.1805
0.1805
0.180495
0.1805
0.1805
0.1805
0.180493
0.18049
0.18049
0.180488
0.18049
0.18049
0.18049
0.18049
0.18049
0.180488
0.180486
0.180486
0.180486
0.180486
0.180483
0.180488
0.180481
0.180483
0.180485
0.180497
0.180498
0.180491
0.180491
0.180496
0.180493
0.180491
0.180491
0.180498
0.180502
0.180504
0.180502
0.180495
0.180495
0.180495
0.1805
0.180495
0.180488
0.180483
0.180481
0.180479
0.180479
0.180481
0.180486
0.180486
0.180479
0.180483
0.180488
0.180488
0.180486
0.180486
0.180483
0.180474
0.180476
0.180471
0.180464
0.180462
0.180465
0.180465
0.180462
0.180462
0.180462
0.180467
0.180464
0.18046
0.180457
0.180452
0.18045
0.180443
0.180441
0.180438
0.180436
0.180438
0.18043
0.180435
0.180437
0.180437
0.180442
0.180439
0.180439
0.180442
0.180447
0.180444
0.180452
0.180457
0.180462
0.18046
0.180458
0.180456
0.180458
0.18046
0.180458
0.180457
0.180457
0.180454
0.180454
0.180444
0.180444
0.180442
0.180439
0.180442
0.18044
0.180442
0.180447
0.180457
0.180464
0.180462
0.18046
0.180455
0.180452
0.180455
0.180452
0.180459
0.180462
0.180466
0.180466
0.180461
0.180461
0.180461
0.180461
0.180469
0.180469
0.180464
0.180459
0.180459
0.180457
0.180453
0.180453
0.180453
0.180453
0.180465
0.180472
0.180474
0.180471
0.180464
0.180462
0.180461
0.180461
0.180466
0.180471
0.180468
0.180466
0.180468
0.180473
0.180466
0.180469
0.180457
0.18046
0.180453
0.18045
0.18045
0.18045
0.18045
0.18045
0.180457
0.180459
0.180459
0.180462
0.180459
0.180464
0.180466
0.180468
0.180471
0.180475
0.180466
0.180469
0.180469
0.180469
0.180463
0.180461
0.180463
0.180463
0.180465
0.180469
0.180471
0.180461
0.180461
0.180459
0.180459
0.180466
0.180466
0.180471
0.180471
0.180473
0.180473
0.180473
0.180466
0.180466
0.180467
0.180467
0.180467
0.180462
0.180465
0.180469
0.180481
0.180483
0.180486
0.180488
0.18049
0.18049
0.18049
0.18049
0.180488
0.180488
0.180486
0.180486
0.18049
0.180485
0.180483
0.180478
0.180481
0.180478
0.180473
0.180471
0.180466
0.180471
0.180471
0.180464
0.180464
0.180464
0.180459
0.180464
0.180467
0.180469
0.180467
0.180462
0.180465
0.180465
0.180462
0.180464
0.180464
0.180461
0.180461
0.180458
0.180463
0.180461
0.180456
0.180454
0.180456
0.180459
0.180459
0.180455
0.180455
0.180453
0.180451
0.180448
0.180453
0.180458
0.180464
0.180466
0.180471
0.180461
0.180459
0.180458
0.180458
0.180461
0.180458
0.180468
0.180468
0.180464
0.180464
0.180462
0.180462
0.18046
0.180455
0.180452
0.180452
0.18045
0.18044
0.18044
0.180443
0.180433
0.180431
0.180428
0.180428
0.180428
0.180426
0.180428
0.180431
0.180433
0.180433
0.180438
0.180436
0.180433
0.180428
0.180428
0.180433
0.180436
0.180429
0.180414
0.180417
0.18041
0.18041
0.180412
0.180415
0.180413
0.180405
0.180398
0.180403
0.180405
0.1804
0.180393
0.180395
0.180395
0.180395
0.180398
0.180402
0.180405
0.180412
0.180417
0.180419
0.180417
0.180417
0.180419
0.180419
0.180429
0.180417
0.180417
0.180419
0.180417
0.180407
0.180412
0.180412
0.180419
0.180421
0.180417
0.180417
0.180416
0.180417
0.180414
0.180412
0.180419
0.18042
0.18042
0.180422
0.18042
0.180417
0.180412
0.180414
0.180412
0.180409
0.180407
0.180409
0.180419
0.180419
0.180421
0.180419
0.180414
0.180414
0.180414
0.180412
0.180407
0.18041
0.180405
0.180405
0.180407
0.180402
0.180402
0.1804
0.180402
0.180402
0.180398
0.180398
0.180407
0.180407
0.180408
0.180405
0.180408
0.18041
0.18041
0.18041
0.18041
0.180412
0.1804
0.180402
0.180398
0.180397
0.180392
0.180392
0.180392
0.180385
0.18039
0.180397
0.180402
0.180395
0.180393
0.180393
0.180395
0.1804
0.180403
0.180393
0.180396
0.180396
0.180396
0.180393
0.180383
0.180388
0.18039
0.18039
0.180393
0.180393
0.180393
0.180393
0.180389
0.180389
0.180381
0.180381
0.180386
0.180386
0.180384
0.180379
0.180376
0.180379
0.180381
0.180374
0.180369
0.180374
0.180378
0.180376
0.180383
0.18038
0.180383
0.180388
0.180383
0.180383
0.180395
0.180396
0.180393
0.180389
0.180382
0.180375
0.18037
0.180365
0.18037
0.180369
0.180372
0.180367
0.180364
0.180362
0.18036
0.180362
0.180362
0.180357
0.18036
0.180364
0.180367
0.180367
0.180374
0.180374
0.180374
0.180381
0.180379
0.180372
0.180369
0.180376
0.180381
0.180381
0.180386
0.180386
0.180386
0.180384
0.180384
0.180384
0.180379
0.180381
0.180372
0.180367
0.180367
0.180362
0.180369
0.180365
0.180362
0.180362
0.18036
0.180358
0.180355
0.180358
0.18036
0.18036
0.180365
0.180365
0.180367
0.18036
0.180372
0.180372
0.180367
0.180371
0.180374
0.180371
0.180374
0.180376
0.180376
0.180373
0.180371
0.180357
0.180352
0.180349
0.180349
0.180361
0.180356
0.180357
0.18036
0.180351
0.180354
0.180347
0.180349
0.180353
0.180352
0.180349
0.180354
0.180352
0.180352
0.180349
0.180347
0.180352
0.180352
0.18034
0.180343
0.18035
0.18035
0.180348
0.180346
0.180346
0.180348
0.180353
0.18035
0.180343
0.180352
0.180355
0.18035
0.180357
0.180359
0.180357
0.180359
0.180359
0.180352
0.18036
0.180358
0.18036
0.18036
0.180356
0.18036
0.180365
0.180358
0.18036
0.180364
0.180371
0.180364
0.180371
0.180369
0.180366
0.180364
0.180367
0.180365
0.180367
0.180367
0.180367
0.180367
0.180374
0.18037
0.180369
0.180374
0.180377
0.180372
0.180374
0.180369
0.180365
0.180358
0.180355
0.180353
0.18036
0.180363
0.180362
0.180367
0.180367
0.180372
0.180365
0.18036
0.18036
0.180364
0.180371
0.180371
0.180371
0.180367
0.180362
0.180362
0.180357
0.180355
0.180355
0.180353
0.180362
0.180348
0.180351
0.180346
0.180351
0.180355
0.180355
0.180348
0.180343
0.180343
0.180338
0.180336
0.180334
0.180334
0.180334
0.180334
0.180341
0.180343
0.180345
0.180341
0.180341
0.18034
0.180345
0.18034
0.180347
0.180347
0.180348
0.180341
0.180336
0.180327
0.180325
0.180323
0.180322
0.180329
0.180329
0.180324
0.180324
0.180328
0.180328
0.180336
0.180331
0.180326
0.180326
0.180326
0.180319
0.180317
0.180317
0.180307
0.180305
0.180309
0.180314
0.180316
0.180311
0.180314
0.180307
0.180309
0.180307
0.180308
0.180311
0.180302
0.180307
0.180314
0.180311
0.180313
0.180317
0.180307
0.180304
0.180311
0.180306
0.180304
0.180308
0.180313
0.180311
0.180306
0.180311
0.180309
0.180311
0.180311
0.180309
0.180314
0.180317
0.180317
0.180312
0.180322
0.18032
0.180325
0.180328
0.180328
0.180328
0.180327
0.180322
0.180321
0.180323
0.180316
0.180311
0.180311
0.180306
0.180304
0.180306
0.180304
0.180304
0.180304
0.180307
0.180302
0.180302
0.180296
0.1803
0.180305
0.18031
0.180312
0.180312
0.18031
0.180305
0.180303
0.180301
0.180304
0.180308
0.180308
0.0539931
0.0539902
0.0539945
0.0539895
0.0539918
0.0539941
0.0539942
0.0539895
0.053992
0.0539921
0.0539947
0.0539926
0.0539905
0.0539886
0.0539913
0.0539916
0.053987
0.0539893
0.0539915
0.0539864
0.0539861
0.0539906
0.0539974
0.0539996
0.0540042
0.053997
0.0539969
0.053985
0.0539755
0.0539779
0.0539828
0.05399
0.0539926
0.0539952
0.0539954
0.0539908
0.0539863
0.0539794
0.0539794
0.0539746
0.0539768
0.0539764
0.0539738
0.0539712
0.0539734
0.0539758
0.053976
0.0539809
0.0539787
0.0539788
0.0539789
0.0539836
0.0539906
0.0539975
0.0539974
0.0539925
0.0539924
0.0539853
0.0539854
0.0539881
0.0539932
0.0539937
0.0539987
0.0539941
0.054001
0.0539959
0.0540002
0.0540022
0.0540044
0.054009
0.0540114
0.0540138
0.0540139
0.0540235
0.054026
0.0540238
0.0540286
0.0540335
0.0540383
0.054043
0.054043
0.05405
0.0540547
0.0540546
0.0540545
0.0540544
0.0540567
0.0540519
0.0540543
0.0540496
0.0540401
0.0540449
0.0540379
0.054038
0.0540452
0.05405
0.0540502
0.0540504
0.0540506
0.0540531
0.0540485
0.0540461
0.0540483
0.0540481
0.0540455
0.0540429
0.0540332
0.0540355
0.0540331
0.054033
0.0540283
0.0540307
0.0540283
0.0540189
0.0540141
0.0540094
0.0540165
0.0540166
0.0540142
0.0540095
0.0540143
0.0540143
0.0540025
0.0540049
0.0540074
0.0540051
0.0540028
0.0540052
0.0540029
0.0540053
0.0540077
0.05401
0.05401
0.0540075
0.0540028
0.0540027
0.054005
0.054005
0.0539932
0.0539908
0.0539909
0.0539861
0.0539838
0.0539862
0.0539838
0.0539861
0.0539837
0.0539861
0.053986
0.0539883
0.053986
0.0539836
0.0539884
0.0539814
0.053972
0.0539697
0.0539721
0.0539721
0.053972
0.0539743
0.0539743
0.0539814
0.0539813
0.0539837
0.0539766
0.0539838
0.0539767
0.0539791
0.0539887
0.0539958
0.0539982
0.0539959
0.0539958
0.0539982
0.0539887
0.0539862
0.0539862
0.0539862
0.0539838
0.0539814
0.0539861
0.0539861
0.0539838
0.0539838
0.0539814
0.0539814
0.0539814
0.0539767
0.0539862
0.0539862
0.0539886
0.0539816
0.0539863
0.0539863
0.0539863
0.0539934
0.0539981
0.0540005
0.0540075
0.0540121
0.0540215
0.054019
0.0540259
0.0540257
0.0540255
0.0540301
0.0540301
0.054028
0.054026
0.054029
0.0540295
0.0540321
0.054032
0.0540293
0.0540335
0.0540403
0.0540448
0.0540353
0.0540378
0.0540309
0.0540311
0.0540289
0.0540313
0.0540266
0.0540337
0.0540336
0.0540311
0.054031
0.0540356
0.0540332
0.0540236
0.0540189
0.0540213
0.0540237
0.0540261
0.0540214
0.0540215
0.0540239
0.0540335
0.0540383
0.0540384
0.0540385
0.0540338
0.0540362
0.0540361
0.0540407
0.05405
0.0540569
0.0540519
0.0540565
0.0540634
0.0540681
0.0540729
0.0540731
0.0540663
0.0540666
0.0540764
0.0540813
0.0540789
0.0540811
0.0540832
0.0540806
0.0540874
0.0540872
0.054087
0.0540868
0.0540772
0.0540772
0.0540748
0.0540773
0.0540775
0.0540801
0.0540827
0.0540853
0.0540855
0.0540785
0.0540858
0.0540884
0.0540886
0.0540911
0.0540911
0.0540863
0.0540814
0.0540763
0.0540783
0.0540803
0.0540728
0.0540797
0.0540702
0.054075
0.0540822
0.0540919
0.0540921
0.0540898
0.0540923
0.0540923
0.0540876
0.0540828
0.0540828
0.0540757
0.0540734
0.0540782
0.0540783
0.0540713
0.0540785
0.0540809
0.0540833
0.0540761
0.0540785
0.0540832
0.0540855
0.0540831
0.0540854
0.0540877
0.05409
0.0540853
0.0540854
0.0540879
0.0540857
0.0540883
0.0540861
0.0540885
0.0540908
0.0540906
0.054088
0.0540925
0.0540947
0.0541041
0.0541135
0.0541088
0.0541041
0.0541018
0.0541019
0.0541068
0.0541045
0.0541093
0.0541023
0.0541
0.0541001
0.0540954
0.0541001
0.0540977
0.0540952
0.0540999
0.0541046
0.0540927
0.0540903
0.0540855
0.0540832
0.0540785
0.0540785
0.0540762
0.054081
0.054074
0.0540811
0.054074
0.0540811
0.0540835
0.0540858
0.054088
0.0540903
0.054083
0.0540781
0.0540732
0.0540659
0.0540658
0.0540681
0.0540705
0.0540658
0.0540684
0.0540686
0.0540713
0.0540715
0.054067
0.0540694
0.0540599
0.0540597
0.0540548
0.0540545
0.0540638
0.0540637
0.0540636
0.0540683
0.0540707
0.0540731
0.0540708
0.0540685
0.0540686
0.0540639
0.054071
0.0540686
0.0540638
0.0540755
0.054073
0.05408
0.05408
0.0540871
0.0540849
0.0540827
0.0540851
0.0540828
0.0540781
0.0540829
0.0540828
0.0540875
0.0540874
0.0540873
0.0540872
0.0540897
0.0540875
0.0540832
0.0540788
0.0540744
0.0540768
0.0540789
0.0540713
0.0540683
0.0540726
0.0540676
0.0540652
0.0540605
0.0540631
0.0540563
0.0540471
0.0540521
0.0540547
0.0540501
0.0540453
0.0540477
0.0540547
0.0540617
0.0540617
0.0540665
0.054069
0.0540692
0.0540693
0.0540647
0.0540647
0.0540623
0.0540575
0.0540573
0.0540595
0.0540569
0.0540496
0.0540519
0.0540542
0.054059
0.054059
0.0540592
0.0540617
0.0540618
0.054062
0.0540644
0.0540596
0.0540643
0.054069
0.0540713
0.0540713
0.054069
0.054069
0.054069
0.0540714
0.0540737
0.0540784
0.0540784
0.0540737
0.0540761
0.0540762
0.0540786
0.0540786
0.0540833
0.0540808
0.0540806
0.0540827
0.0540896
0.0540941
0.0540916
0.0540915
0.0540916
0.0540966
0.0540876
0.0540928
0.0540838
0.0540841
0.0540839
0.0540788
0.054083
0.0540731
0.0540729
0.05408
0.0540801
0.0540731
0.0540757
0.0540782
0.0540783
0.0540855
0.0540856
0.0540856
0.0540808
0.0540855
0.0540877
0.0540852
0.0540875
0.0540874
0.0540897
0.0540851
0.0540806
0.0540857
0.0540908
0.0540887
0.0540912
0.054091
0.0540859
0.0540832
0.0540853
0.0540899
0.0540922
0.0540922
0.0540876
0.0540805
0.054083
0.0540878
0.0540878
0.0540926
0.0540926
0.0540974
0.054095
0.0540973
0.0540997
0.0541021
0.0541045
0.0541116
0.054114
0.054107
0.0541213
0.0541166
0.0541166
0.0541119
0.0541143
0.0541167
0.0541144
0.0541167
0.0541096
0.0541167
0.0541237
0.0541331
0.0541354
0.0541354
0.0541353
0.0541328
0.0541398
0.0541445
0.0541373
0.0541349
0.0541349
0.0541326
0.054135
0.0541423
0.0541424
0.0541448
0.0541496
0.0541519
0.0541518
0.0541493
0.0541516
0.0541491
0.0541563
0.0541611
0.0541612
0.0541636
0.054166
0.0541637
0.0541636
0.0541612
0.0541611
0.0541611
0.0541539
0.0541492
0.0541492
0.0541469
0.0541446
0.0541398
0.0541515
0.0541538
0.0541514
0.0541514
0.0541467
0.0541493
0.0541495
0.0541521
0.0541498
0.0541498
0.0541473
0.0541472
0.0541423
0.0541352
0.0541422
0.0541446
0.0541446
0.0541375
0.0541422
0.0541446
0.054147
0.0541447
0.0541471
0.0541424
0.0541449
0.0541473
0.0541474
0.0541427
0.054138
0.054138
0.0541404
0.0541427
0.0541403
0.0541355
0.0541354
0.0541377
0.0541305
0.0541304
0.0541302
0.0541229
0.0541228
0.0541297
0.0541225
0.0541249
0.0541321
0.0541324
0.0541258
0.054124
0.0541268
0.0541271
0.0541224
0.0541196
0.054119
0.0541184
0.0541132
0.0541106
0.0541105
0.0541105
0.054113
0.054118
0.0541158
0.0541207
0.0541232
0.0541257
0.0541257
0.0541257
0.0541233
0.0541209
0.0541256
0.0541281
0.0541329
0.0541282
0.054126
0.054119
0.0541238
0.0541214
0.054119
0.0541212
0.054121
0.0541161
0.0541087
0.0541109
0.0541155
0.0541155
0.0541084
0.0541038
0.0540995
0.0541023
0.054098
0.0540936
0.054096
0.0541005
0.0541024
0.0540996
0.0540968
0.054099
0.054106
0.0541084
0.0541084
0.0541085
0.0541039
0.0540993
0.0541018
0.0540971
0.0540901
0.0540878
0.0540831
0.0540833
0.0540811
0.0540836
0.0540837
0.0540861
0.0540718
0.0540693
0.0540667
0.0540642
0.0540522
0.0540449
0.0540449
0.0540472
0.0540495
0.0540495
0.0540519
0.0540518
0.0540494
0.054047
0.0540541
0.0540565
0.0540614
0.0540616
0.0540713
0.0540739
0.0540741
0.0540718
0.0540717
0.0540692
0.0540642
0.054064
0.0540591
0.0540568
0.0540544
0.0540545
0.0540618
0.0540618
0.0540619
0.0540643
0.054069
0.054069
0.0540689
0.0540641
0.054064
0.0540686
0.0540661
0.0540589
0.0540565
0.0540565
0.0540542
0.0540519
0.0540592
0.0540617
0.0540643
0.0540645
0.054067
0.0540766
0.0540719
0.0540742
0.0540789
0.0540787
0.0540881
0.0540903
0.0540901
0.0540947
0.054097
0.0540923
0.0540899
0.0540876
0.0540948
0.0541021
0.0541021
0.0541069
0.0541092
0.0541044
0.0541044
0.0541043
0.0541042
0.0541041
0.054097
0.0541066
0.0541019
0.0541044
0.0541092
0.0541069
0.054107
0.0541071
0.0540976
0.0540929
0.0540929
0.054093
0.0540906
0.0540906
0.054093
0.0540978
0.0541001
0.0541
0.0540951
0.0540996
0.0541042
0.0541065
0.0541111
0.054104
0.0540992
0.0541017
0.0541065
0.0541067
0.0541116
0.054107
0.0541142
0.0541214
0.054119
0.0541238
0.0541237
0.054126
0.0541212
0.0541259
0.0541234
0.0541234
0.0541281
0.0541281
0.0541234
0.054121
0.0541187
0.0541187
0.0541163
0.0541162
0.0541185
0.0541208
0.0541231
0.0541207
0.0541184
0.0541162
0.0541116
0.0541166
0.0541097
0.0541028
0.0541052
0.0541074
0.0541072
0.0541093
0.0541091
0.0541113
0.054116
0.0541136
0.054116
0.0541089
0.0541161
0.0541043
0.0541067
0.0541019
0.0541019
0.0541114
0.0541066
0.0541019
0.0541115
0.054114
0.0541071
0.0541072
0.054105
0.0541145
0.0541145
0.0541145
0.0541168
0.0541191
0.054119
0.0541141
0.0541117
0.0541068
0.0541162
0.0541138
0.0541113
0.054116
0.0541184
0.0541254
0.0541254
0.054123
0.0541253
0.0541276
0.0541275
0.0541203
0.0541227
0.0541228
0.0541183
0.0541235
0.0541216
0.0541196
0.0541103
0.0541032
0.0541007
0.054098
0.0541001
0.054095
0.0540828
0.0540921
0.0540872
0.0540919
0.0540896
0.054092
0.0540898
0.0540899
0.0540924
0.0540948
0.0540973
0.0541044
0.0541021
0.0541092
0.0541021
0.054095
0.0540949
0.0540925
0.0540972
0.05409
0.0540876
0.0540876
0.0540924
0.0540948
0.0540972
0.054102
0.0540997
0.0540975
0.0540952
0.0540929
0.054093
0.0540907
0.0540883
0.0540882
0.0540905
0.0540904
0.0540903
0.0540926
0.0540925
0.0540924
0.0540924
0.0540948
0.0540948
0.0540972
0.0540949
0.054095
0.0540903
0.0540927
0.0540999
0.0541046
0.054107
0.0541022
0.0541046
0.0540998
0.0540951
0.0540903
0.0540903
0.0540927
0.0540879
0.0540855
0.0540831
0.0540759
0.0540735
0.0540735
0.0540735
0.0540782
0.0540736
0.0540784
0.0540833
0.054081
0.0540835
0.0540835
0.0540764
0.0540788
0.054074
0.0540621
0.054062
0.054062
0.054062
0.0540548
0.0540572
0.0540571
0.0540548
0.0540547
0.0540524
0.0540548
0.0540596
0.0540549
0.0540502
0.0540431
0.0540432
0.0540385
0.0540384
0.0540337
0.0540336
0.0540311
0.0540334
0.0540357
0.0540356
0.0540356
0.0540356
0.0540285
0.0540286
0.0540286
0.0540335
0.0540312
0.0540336
0.0540337
0.0540338
0.0540409
0.0540362
0.0540362
0.0540409
0.0540432
0.0540454
0.054043
0.0540477
0.0540405
0.149608
0.149608
0.149608
0.149611
0.149611
0.149604
0.149601
0.149599
0.149599
0.149606
0.149608
0.149606
0.149604
0.149606
0.149606
0.149604
0.149606
0.149599
0.149604
0.149604
0.149606
0.149615
0.149608
0.149611
0.149611
0.149613
0.149613
0.149615
0.149608
0.149606
0.149597
0.149597
0.149594
0.149594
0.149601
0.149596
0.149598
0.149594
0.149596
0.149587
0.149589
0.149594
0.149589
0.149583
0.149578
0.149576
0.149585
0.149587
0.149585
0.149585
0.149589
0.149592
0.149596
0.149599
0.149596
0.149596
0.149601
0.149599
0.149599
0.149604
0.149592
0.149587
0.149599
0.149602
0.149607
0.149604
0.149604
0.149609
0.149606
0.149599
0.149604
0.149599
0.149603
0.149599
0.149608
0.149606
0.149596
0.149594
0.149596
0.149592
0.149594
0.149589
0.149585
0.149582
0.149592
0.14959
0.14959
0.149578
0.149578
0.149578
0.149573
0.149573
0.149576
0.14958
0.149583
0.149585
0.149585
0.149578
0.149578
0.149573
0.149568
0.149563
0.149563
0.149566
0.149566
0.149561
0.149566
0.149568
0.149554
0.149559
0.149564
0.149564
0.149568
0.149561
0.149561
0.149563
0.149561
0.149556
0.149554
0.149545
0.149547
0.149545
0.149545
0.149552
0.149547
0.14955
0.149552
0.149547
0.149549
0.149556
0.149563
0.149558
0.149558
0.149556
0.149556
0.149554
0.149554
0.149557
0.149559
0.149552
0.14954
0.149537
0.14953
0.14953
0.149527
0.149527
0.149525
0.14952
0.149516
0.149514
0.149514
0.149519
0.149517
0.149519
0.149516
0.149512
0.149509
0.149511
0.149502
0.149497
0.149497
0.149497
0.149499
0.149499
0.149499
0.149502
0.149502
0.149497
0.149495
0.149495
0.149497
0.149502
0.149509
0.149509
0.149504
0.149504
0.1495
0.149492
0.14949
0.14949
0.149476
0.14948
0.149478
0.149475
0.149478
0.14948
0.14949
0.149489
0.149501
0.149497
0.149502
0.149502
0.149509
0.149514
0.149514
0.149509
0.1495
0.149497
0.149495
0.149495
0.149497
0.14949
0.149494
0.149492
0.14949
0.149492
0.149492
0.149495
0.14949
0.149497
0.149492
0.149502
0.149507
0.149507
0.149511
0.149504
0.149504
0.149502
0.149509
0.149501
0.149494
0.149499
0.149499
0.149499
0.149492
0.149492
0.149497
0.149497
0.149495
0.149497
0.149497
0.149497
0.149495
0.149495
0.149495
0.149495
0.149502
0.149498
0.149498
0.149498
0.149488
0.149483
0.149483
0.14948
0.149478
0.14948
0.149468
0.149473
0.149475
0.14947
0.149468
0.149468
0.149468
0.149463
0.149466
0.149468
0.149475
0.149476
0.149469
0.149467
0.149464
0.149465
0.149469
0.149472
0.149474
0.149481
0.149473
0.149473
0.149471
0.149468
0.149463
0.149451
0.149446
0.149446
0.149444
0.149447
0.149447
0.149452
0.149456
0.149454
0.149452
0.149454
0.149449
0.149445
0.149452
0.14945
0.149455
0.14945
0.14945
0.149445
0.14944
0.149444
0.149449
0.149442
0.149441
0.149441
0.149448
0.149453
0.149446
0.14944
0.149438
0.149436
0.149443
0.149439
0.149434
0.149431
0.149431
0.149421
0.149421
0.149418
0.149421
0.149418
0.149418
0.149432
0.149435
0.149442
0.14944
0.149438
0.149442
0.149445
0.14944
0.149445
0.14944
0.14945
0.149452
0.14945
0.149455
0.149455
0.14945
0.149445
0.149455
0.149457
0.149459
0.149459
0.149464
0.149466
0.149483
0.149481
0.149485
0.149488
0.14948
0.149483
0.149478
0.149468
0.149466
0.149464
0.149464
0.149462
0.149466
0.149464
0.149457
0.149457
0.149453
0.149455
0.149457
0.149455
0.14945
0.149452
0.149454
0.149457
0.149457
0.149466
0.149466
0.149459
0.149456
0.149456
0.149461
0.149456
0.149454
0.149452
0.149447
0.149445
0.14945
0.149452
0.149452
0.149458
0.149453
0.149453
0.149461
0.149457
0.149462
0.149472
0.149472
0.149466
0.149463
0.14946
0.14946
0.149453
0.149451
0.149461
0.149468
0.149471
0.149473
0.149476
0.149467
0.149462
0.149464
0.149459
0.149454
0.149461
0.149461
0.149457
0.149449
0.149438
0.149433
0.149433
0.149438
0.149442
0.149442
0.14944
0.14944
0.14944
0.149443
0.149436
0.14944
0.14944
0.149443
0.14944
0.14944
0.14944
0.149445
0.149444
0.149435
0.149437
0.149428
0.149435
0.149436
0.149433
0.149431
0.149428
0.149428
0.149428
0.149423
0.14943
0.149437
0.149437
0.149436
0.149436
0.149444
0.149442
0.149433
0.149434
0.149441
0.149439
0.149438
0.149443
0.149442
0.14944
0.149447
0.149442
0.149444
0.149442
0.149442
0.149447
0.149442
0.14943
0.149421
0.149423
0.149418
0.149419
0.149414
0.149419
0.149417
0.149414
0.149419
0.149419
0.149421
0.149421
0.149421
0.149423
0.149428
0.149421
0.149426
0.149426
0.149426
0.149424
0.149431
0.149429
0.149429
0.149424
0.149428
0.149426
0.149423
0.149423
0.149426
0.149426
0.149423
0.14943
0.149435
0.149433
0.149435
0.149436
0.149445
0.149448
0.149448
0.149448
0.149441
0.149445
0.149445
0.14945
0.149445
0.149445
0.14945
0.149442
0.149447
0.149445
0.14943
0.149426
0.149421
0.149419
0.149416
0.149424
0.149426
0.149431
0.149424
0.149429
0.149426
0.149424
0.149426
0.149421
0.149421
0.149423
0.149431
0.149428
0.149426
0.149423
0.149433
0.149438
0.149445
0.149445
0.14945
0.149455
0.149455
0.149462
0.149466
0.149473
0.149476
0.149466
0.149466
0.14947
0.14948
0.149487
0.149487
0.149487
0.149494
0.149488
0.14949
0.14949
0.149493
0.149495
0.149497
0.149492
0.14949
0.149494
0.149492
0.149497
0.149494
0.149494
0.149492
0.149497
0.149492
0.14949
0.149492
0.149485
0.149488
0.149488
0.149485
0.149478
0.149474
0.149466
0.149466
0.149462
0.149464
0.149463
0.149454
0.149442
0.14944
0.149447
0.149449
0.149454
0.149454
0.149447
0.149447
0.149452
0.149461
0.149464
0.149464
0.149464
0.149459
0.149476
0.149474
0.149471
0.149471
0.149478
0.149473
0.149473
0.149473
0.149471
0.149471
0.149466
0.149471
0.149471
0.149471
0.149471
0.149471
0.149483
0.149481
0.149476
0.149476
0.149476
0.149483
0.149485
0.149483
0.149485
0.149482
0.14948
0.149484
0.149482
0.149487
0.149492
0.149482
0.149494
0.149492
0.14949
0.14949
0.14949
0.149495
0.149488
0.149483
0.149474
0.149481
0.14948
0.149476
0.149473
0.14947
0.149466
0.149472
0.149472
0.149472
0.149475
0.14948
0.149473
0.149473
0.149473
0.149476
0.149472
0.149477
0.149479
0.149486
0.149488
0.149488
0.149485
0.149485
0.149485
0.149487
0.149487
0.149484
0.149489
0.149487
0.149482
0.14948
0.149478
0.149487
0.149492
0.149492
0.149495
0.149488
0.149481
0.149478
0.149481
0.149483
0.149485
0.149476
0.149481
0.149476
0.149471
0.149464
0.149457
0.149457
0.149454
0.149452
0.149442
0.149445
0.149435
0.149442
0.149438
0.149438
0.14944
0.149438
0.149438
0.149442
0.149443
0.14944
0.149443
0.149443
0.149443
0.149443
0.149447
0.149442
0.149449
0.149445
0.149437
0.14944
0.149433
0.149435
0.149433
0.149431
0.149424
0.149422
0.149421
0.149424
0.149414
0.149419
0.149414
0.149416
0.149416
0.149411
0.149414
0.149419
0.149421
0.14941
0.149412
0.149415
0.149414
0.149414
0.149419
0.149421
0.149416
0.149409
0.149407
0.149409
0.149411
0.149411
0.149414
0.149411
0.149407
0.149404
0.149402
0.149402
0.149407
0.1494
0.149398
0.149396
0.149389
0.149389
0.149391
0.149389
0.149391
0.149379
0.149383
0.149388
0.149386
0.149388
0.149393
0.1494
0.1494
0.1494
0.149395
0.149393
0.149407
0.149412
0.149407
0.149412
0.149412
0.149405
0.149405
0.149405
0.149407
0.1494
0.149402
0.149407
0.149407
0.149402
0.149399
0.149404
0.149402
0.1494
0.149398
0.149405
0.149408
0.149403
0.149403
0.149403
0.149408
0.149408
0.149403
0.149407
0.149404
0.149397
0.149392
0.14939
0.149394
0.149399
0.149403
0.149403
0.149408
0.149403
0.149406
0.149407
0.14941
0.149403
0.149403
0.149405
0.149407
0.149409
0.149408
0.149396
0.149396
0.149403
0.149403
0.149391
0.149394
0.149387
0.149378
0.149376
0.149381
0.149382
0.149384
0.149381
0.149376
0.149366
0.149361
0.149359
0.149362
0.149367
0.149359
0.149359
0.149357
0.149361
0.149368
0.149378
0.149371
0.149388
0.149388
0.149383
0.149387
0.14939
0.149392
0.149392
0.14939
0.149391
0.149386
0.149388
0.149393
0.14939
0.149387
0.149389
0.149384
0.149375
0.149377
0.14938
0.14938
0.149381
0.149385
0.149383
0.149381
0.149372
0.149377
0.149377
0.149369
0.149367
0.149366
0.149367
0.149374
0.149381
0.149388
0.149388
0.149383
0.149393
0.14939
0.14939
0.149393
0.149385
0.14939
0.149388
0.149393
0.149395
0.14939
0.149383
0.149378
0.149383
0.149371
0.149367
0.149367
0.149364
0.149362
0.149357
0.149353
0.14935
0.149355
0.149357
0.149362
0.149362
0.149355
0.149358
0.149358
0.149358
0.149353
0.14936
0.14936
0.149355
0.149348
0.149353
0.149348
0.149345
0.149343
0.149343
0.149341
0.149338
0.149343
0.149348
0.149348
0.149348
0.149336
0.149334
0.149334
0.149329
0.149324
0.149324
0.149327
0.149326
0.149329
0.149322
0.149319
0.149317
0.149307
0.149307
0.14931
0.14931
0.149308
0.149313
0.149315
0.14931
0.14931
0.149303
0.1493
0.149302
0.1493
0.149295
0.1493
0.149298
0.149298
0.1493
0.149296
0.149296
0.149286
0.149284
0.149284
0.149289
0.1493
0.149298
0.149298
0.1493
0.149304
0.149301
0.149306
0.149303
0.149306
0.149292
0.149286
0.149282
0.14928
0.149285
0.149275
0.149274
0.149276
0.149273
0.149275
0.149275
0.149276
0.149273
0.149281
0.149274
0.149264
0.149267
0.149272
0.149272
0.149265
0.149272
0.149279
0.149279
0.149277
0.149267
0.149262
0.149264
0.14926
0.149262
0.149267
0.149267
0.149274
0.149274
0.149277
0.149262
0.149265
0.149255
0.149251
0.149248
0.149251
0.149246
0.149236
-0.157739
-0.157739
-0.157748
-0.157751
-0.157748
-0.157748
-0.157751
-0.15775
-0.15775
-0.15775
-0.157746
-0.15775
-0.157753
-0.157755
-0.157758
-0.15776
-0.157758
-0.157743
-0.157736
-0.157732
-0.157734
-0.157734
-0.157729
-0.157734
-0.157736
-0.157736
-0.157729
-0.157729
-0.157734
-0.157736
-0.157739
-0.157739
-0.157743
-0.157746
-0.157748
-0.15775
-0.157738
-0.157738
-0.157734
-0.157736
-0.157741
-0.157743
-0.157741
-0.157755
-0.15776
-0.157753
-0.157755
-0.157758
-0.15777
-0.157772
-0.157775
-0.157777
-0.157774
-0.157777
-0.157777
-0.157772
-0.157774
-0.157779
-0.157774
-0.157769
-0.157767
-0.15777
-0.15777
-0.157765
-0.157768
-0.157768
-0.157761
-0.157756
-0.157753
-0.157749
-0.157765
-0.157769
-0.157774
-0.157781
-0.157783
-0.157785
-0.157783
-0.157778
-0.157779
-0.157786
-0.157786
-0.157791
-0.157793
-0.157791
-0.157791
-0.157791
-0.157794
-0.157801
-0.157798
-0.157801
-0.157808
-0.157803
-0.157807
-0.157812
-0.157817
-0.157814
-0.157821
-0.157826
-0.157826
-0.157821
-0.157819
-0.157826
-0.157826
-0.157833
-0.157833
-0.157838
-0.157847
-0.15785
-0.157857
-0.157852
-0.157852
-0.157855
-0.15786
-0.157855
-0.157845
-0.157853
-0.157853
-0.157848
-0.157853
-0.157853
-0.157855
-0.15785
-0.157853
-0.157853
-0.15785
-0.157857
-0.157857
-0.157859
-0.157857
-0.157852
-0.157852
-0.15786
-0.15786
-0.157865
-0.157867
-0.157872
-0.157869
-0.157864
-0.157859
-0.157855
-0.15785
-0.157838
-0.157843
-0.157843
-0.157848
-0.15786
-0.15786
-0.157865
-0.157869
-0.157874
-0.157881
-0.157881
-0.15789
-0.157886
-0.157888
-0.157893
-0.157895
-0.157893
-0.157896
-0.1579
-0.1579
-0.157905
-0.157912
-0.15791
-0.157917
-0.157922
-0.157914
-0.157919
-0.157919
-0.157914
-0.157928
-0.157931
-0.157933
-0.157936
-0.157936
-0.157938
-0.157943
-0.15795
-0.157947
-0.157947
-0.157952
-0.157954
-0.157959
-0.157957
-0.15795
-0.157947
-0.157948
-0.157955
-0.157962
-0.157962
-0.157958
-0.157965
-0.157965
-0.157963
-0.15796
-0.157962
-0.15796
-0.157962
-0.15796
-0.157953
-0.157952
-0.157959
-0.157962
-0.157964
-0.157959
-0.157956
-0.157961
-0.157968
-0.157968
-0.157966
-0.157966
-0.157964
-0.157957
-0.157962
-0.157962
-0.157967
-0.15797
-0.15797
-0.15797
-0.157972
-0.157969
-0.157971
-0.157978
-0.157978
-0.157983
-0.157985
-0.15798
-0.157981
-0.157974
-0.157976
-0.157974
-0.157969
-0.157972
-0.157969
-0.157972
-0.157979
-0.157983
-0.157995
-0.157993
-0.157993
-0.158
-0.158
-0.157999
-0.157994
-0.158001
-0.157997
-0.157997
-0.158006
-0.158006
-0.158004
-0.158004
-0.158009
-0.158012
-0.158012
-0.158005
-0.158009
-0.158007
-0.158014
-0.158011
-0.158011
-0.158014
-0.158019
-0.158016
-0.158012
-0.158009
-0.158019
-0.158019
-0.158019
-0.158017
-0.158019
-0.158011
-0.158011
-0.15802
-0.15802
-0.158015
-0.158013
-0.158016
-0.158016
-0.158009
-0.158009
-0.158012
-0.158012
-0.158019
-0.158024
-0.158031
-0.158028
-0.158038
-0.158043
-0.158038
-0.158028
-0.158038
-0.158042
-0.15804
-0.158042
-0.158035
-0.158042
-0.158045
-0.158054
-0.158059
-0.158064
-0.158064
-0.158066
-0.158073
-0.158078
-0.15808
-0.15808
-0.158082
-0.158087
-0.158084
-0.158092
-0.158101
-0.158101
-0.158111
-0.158111
-0.158106
-0.158101
-0.158113
-0.158111
-0.158113
-0.158116
-0.158123
-0.15812
-0.158123
-0.158123
-0.158125
-0.15813
-0.158125
-0.158132
-0.158132
-0.15813
-0.158128
-0.158133
-0.158133
-0.15813
-0.158133
-0.158135
-0.158135
-0.158142
-0.158144
-0.158151
-0.158146
-0.158146
-0.158148
-0.158143
-0.158144
-0.158146
-0.158149
-0.158156
-0.158156
-0.158154
-0.158156
-0.158163
-0.158164
-0.158164
-0.158164
-0.158164
-0.158175
-0.158173
-0.158178
-0.158185
-0.158194
-0.158194
-0.158205
-0.158207
-0.158214
-0.158219
-0.158222
-0.158236
-0.158239
-0.158237
-0.158237
-0.158239
-0.158242
-0.158246
-0.158251
-0.158253
-0.158261
-0.15827
-0.158272
-0.15827
-0.15827
-0.15826
-0.158267
-0.158265
-0.158269
-0.158269
-0.158269
-0.15827
-0.15827
-0.15827
-0.158272
-0.158275
-0.158272
-0.158277
-0.158274
-0.158284
-0.158291
-0.158286
-0.158286
-0.158286
-0.158289
-0.158291
-0.158289
-0.158293
-0.158298
-0.158303
-0.1583
-0.158295
-0.158302
-0.158305
-0.158305
-0.158305
-0.158314
-0.158317
-0.158324
-0.158326
-0.158329
-0.158341
-0.158348
-0.158352
-0.158362
-0.158364
-0.158372
-0.158376
-0.158376
-0.158372
-0.158377
-0.158379
-0.158384
-0.158398
-0.158402
-0.158409
-0.158409
-0.158409
-0.158409
-0.158419
-0.158416
-0.158419
-0.158419
-0.158419
-0.158421
-0.158428
-0.158428
-0.158438
-0.158442
-0.158442
-0.158443
-0.158447
-0.158455
-0.158455
-0.158452
-0.158455
-0.158455
-0.158452
-0.158464
-0.158462
-0.158469
-0.158469
-0.158471
-0.158471
-0.158471
-0.158471
-0.158471
-0.158471
-0.158481
-0.158481
-0.158483
-0.158492
-0.158495
-0.158504
-0.158502
-0.158507
-0.158509
-0.158519
-0.158526
-0.158526
-0.158528
-0.158535
-0.158538
-0.15854
-0.158548
-0.15855
-0.158557
-0.158557
-0.158567
-0.158566
-0.158576
-0.158581
-0.158585
-0.158595
-0.158595
-0.158597
-0.158604
-0.158609
-0.158605
-0.158617
-0.158617
-0.15862
-0.15862
-0.158622
-0.158631
-0.158633
-0.158632
-0.15863
-0.15863
-0.158632
-0.158649
-0.158647
-0.158647
-0.15865
-0.158645
-0.158645
-0.15865
-0.15865
-0.15866
-0.158664
-0.158669
-0.158671
-0.158671
-0.158676
-0.158678
-0.158675
-0.15868
-0.158685
-0.158687
-0.158685
-0.15869
-0.158692
-0.15869
-0.158695
-0.158694
-0.158697
-0.158708
-0.15872
-0.158727
-0.15873
-0.158732
-0.158727
-0.158727
-0.158735
-0.158737
-0.158735
-0.158733
-0.158737
-0.15874
-0.158744
-0.158754
-0.158759
-0.158759
-0.158761
-0.158758
-0.158761
-0.158763
-0.158763
-0.158765
-0.158768
-0.158763
-0.15877
-0.158768
-0.158768
-0.158765
-0.158768
-0.15877
-0.15877
-0.158774
-0.158772
-0.158769
-0.158772
-0.158774
-0.158779
-0.15878
-0.158773
-0.15878
-0.158778
-0.158785
-0.158792
-0.158789
-0.158791
-0.158796
-0.158786
-0.15879
-0.15879
-0.158802
-0.158802
-0.158807
-0.15882
-0.158825
-0.158832
-0.158835
-0.158833
-0.15883
-0.158835
-0.158844
-0.158858
-0.158875
-0.158879
-0.158884
-0.158889
-0.158886
-0.158889
-0.158891
-0.158896
-0.158902
-0.158904
-0.158909
-0.158911
-0.158909
-0.15891
-0.158915
-0.15892
-0.158923
-0.158923
-0.15893
-0.158928
-0.158937
-0.158944
-0.158944
-0.158958
-0.158965
-0.158971
-0.158974
-0.158985
-0.158993
-0.158998
-0.158998
-0.158998
-0.159005
-0.15901
-0.15901
-0.159015
-0.15902
-0.159024
-0.159026
-0.159026
-0.159031
-0.15905
-0.159045
-0.159048
-0.159055
-0.15906
-0.159075
-0.159082
-0.159089
-0.159096
-0.159094
-0.159096
-0.159098
-0.159093
-0.159095
-0.159097
-0.159099
-0.159102
-0.159112
-0.159113
-0.159113
-0.159125
-0.159118
-0.159124
-0.159131
-0.159132
-0.159139
-0.159134
-0.159143
-0.159149
-0.159152
-0.159152
-0.159156
-0.159154
-0.15914
-0.159144
-0.159146
-0.159151
-0.15916
-0.159164
-0.159173
-0.159171
-0.159173
-0.159177
-0.159173
-0.159175
-0.159175
-0.159178
-0.159183
-0.159183
-0.159185
-0.159195
-0.159202
-0.159207
-0.159207
-0.1592
-0.159193
-0.15919
-0.159192
-0.159196
-0.159201
-0.159203
-0.159206
-0.159206
-0.159207
-0.159212
-0.159214
-0.159222
-0.159224
-0.159228
-0.159233
-0.159242
-0.159242
-0.159247
-0.15925
-0.159247
-0.159255
-0.159262
-0.159267
-0.159271
-0.159279
-0.159284
-0.159276
-0.159272
-0.159271
-0.159273
-0.159275
-0.159274
-0.159278
-0.159283
-0.159296
-0.159292
-0.159296
-0.159304
-0.159302
-0.159307
-0.159316
-0.159314
-0.159311
-0.159319
-0.15932
-0.159322
-0.159318
-0.159313
-0.159309
-0.159308
-0.159318
-0.159319
-0.159317
-0.159318
-0.159322
-0.159315
-0.15931
-0.159305
-0.159317
-0.159319
-0.159321
-0.159323
-0.159332
-0.159337
-0.159339
-0.159339
-0.159334
-0.159329
-0.159329
-0.159332
-0.159323
-0.159323
-0.15933
-0.159337
-0.159337
-0.159337
-0.159337
-0.159334
-0.159334
-0.159331
-0.159331
-0.159338
-0.159345
-0.159341
-0.159353
-0.159353
-0.159356
-0.159354
-0.159359
-0.159365
-0.159358
-0.159346
-0.159339
-0.159343
-0.159348
-0.159346
-0.159346
-0.159344
-0.159344
-0.159349
-0.159349
-0.159353
-0.159353
-0.159344
-0.159344
-0.159348
-0.159334
-0.159334
-0.159332
-0.159327
-0.159329
-0.159329
-0.159325
-0.159327
-0.159334
-0.159331
-0.159331
-0.159334
-0.159336
-0.159329
-0.159332
-0.159332
-0.15934
-0.15934
-0.159342
-0.159333
-0.159328
-0.159331
-0.159333
-0.159336
-0.159336
-0.15934
-0.159345
-0.159341
-0.159337
-0.159338
-0.159336
-0.159351
-0.159344
-0.15935
-0.15936
-0.159358
-0.159358
-0.159374
-0.159376
-0.159371
-0.159371
-0.159374
-0.159371
-0.159378
-0.159381
-0.159382
-0.159382
-0.15939
-0.159392
-0.159399
-0.1594
-0.159398
-0.159397
-0.159397
-0.159398
-0.159402
-0.159395
-0.159386
-0.159383
-0.159383
-0.159385
-0.159386
-0.159384
-0.159384
-0.159379
-0.159389
-0.159392
-0.159387
-0.159395
-0.159397
-0.159395
-0.159393
-0.159391
-0.159396
-0.159396
-0.159403
-0.159404
-0.159411
-0.159415
-0.159412
-0.159405
-0.159403
-0.159393
-0.159391
-0.159394
-0.159392
-0.159387
-0.159383
-0.159378
-0.15938
-0.159375
-0.15937
-0.159363
-0.159362
-0.159365
-0.159362
-0.15936
-0.159353
-0.159344
-0.159339
-0.15934
-0.159349
-0.159342
-0.159338
-0.159338
-0.159346
-0.159348
-0.159343
-0.159343
-0.159345
-0.159344
-0.159334
-0.15933
-0.15933
-0.159335
-0.15934
-0.159341
-0.159346
-0.159352
-0.159352
-0.159355
-0.159357
-0.15935
-0.159338
-0.15934
-0.159338
-0.159337
-0.159334
-0.159336
-0.15934
-0.159324
-0.159319
-0.159315
-0.159311
-0.159316
-0.159318
-0.159318
-0.159304
-0.159306
-0.159308
-0.159306
-0.159308
-0.15931
-0.15932
-0.15932
-0.159324
-0.159327
-0.159334
-0.159329
-0.159329
-0.159331
-0.159334
-0.159334
-0.159339
-0.159334
-0.159334
-0.159336
-0.159343
-0.159336
-0.159337
-0.159335
-0.159335
-0.159335
-0.15933
-0.159328
-0.159325
-0.159325
-0.159334
-0.159329
-0.159326
-0.159331
-0.159329
-0.159332
-0.159327
-0.15933
-0.159328
-0.159333
-0.159333
-0.159332
-0.159337
-0.159348
-0.159348
-0.15935
-0.159355
-0.15936
-0.159357
-0.159355
-0.159355
-0.159358
-0.159358
-0.159358
-0.159354
-0.159342
-0.159342
-0.159346
-0.159356
-0.159365
-0.159363
-0.159367
-0.159367
-0.159372
-0.159374
-0.159376
-0.159384
-0.519405
-0.51941
-0.51941
-0.519408
-0.519408
-0.519415
-0.519413
-0.519408
-0.519406
-0.519403
-0.519403
-0.519406
-0.519406
-0.519411
-0.519401
-0.519401
-0.519401
-0.519408
-0.519401
-0.519403
-0.519406
-0.519408
-0.519413
-0.519415
-0.519415
-0.51941
-0.519408
-0.519403
-0.519401
-0.519403
-0.519408
-0.519411
-0.519406
-0.519406
-0.519404
-0.519408
-0.519411
-0.519411
-0.51942
-0.519418
-0.519416
-0.519423
-0.519423
-0.519421
-0.519428
-0.519433
-0.51943
-0.519423
-0.519421
-0.519423
-0.519428
-0.519421
-0.519423
-0.519422
-0.519427
-0.519431
-0.519434
-0.519436
-0.519432
-0.519437
-0.519435
-0.519435
-0.519442
-0.519438
-0.519438
-0.51944
-0.51944
-0.519443
-0.519443
-0.519445
-0.51945
-0.519452
-0.519452
-0.519456
-0.519454
-0.519463
-0.51947
-0.51947
-0.519472
-0.519469
-0.51947
-0.519465
-0.519465
-0.519463
-0.519466
-0.519464
-0.519457
-0.519457
-0.519459
-0.519462
-0.519464
-0.519464
-0.519464
-0.519471
-0.519466
-0.51947
-0.519475
-0.519485
-0.51948
-0.519478
-0.519488
-0.519488
-0.519488
-0.519481
-0.51948
-0.519478
-0.519482
-0.519479
-0.519474
-0.519479
-0.519481
-0.519479
-0.519475
-0.519473
-0.519473
-0.519468
-0.519469
-0.519473
-0.519471
-0.519473
-0.519478
-0.519473
-0.519473
-0.519469
-0.519464
-0.519466
-0.519466
-0.519461
-0.519466
-0.519463
-0.519466
-0.519468
-0.51947
-0.519472
-0.519477
-0.519479
-0.519477
-0.519467
-0.519467
-0.51947
-0.519463
-0.519463
-0.519458
-0.519459
-0.519468
-0.519464
-0.519464
-0.519465
-0.519463
-0.519467
-0.51946
-0.519457
-0.519457
-0.519468
-0.519467
-0.519472
-0.519477
-0.519479
-0.51948
-0.519478
-0.519485
-0.519486
-0.519488
-0.519486
-0.519471
-0.519474
-0.519471
-0.519471
-0.519476
-0.519466
-0.519461
-0.519466
-0.519471
-0.519466
-0.519468
-0.519454
-0.519457
-0.519459
-0.519466
-0.519464
-0.519464
-0.519457
-0.519457
-0.519457
-0.519451
-0.519444
-0.519438
-0.519445
-0.519452
-0.519448
-0.519456
-0.519454
-0.519453
-0.519458
-0.519463
-0.519467
-0.519467
-0.519462
-0.519461
-0.519459
-0.519456
-0.519458
-0.519454
-0.519449
-0.519449
-0.519445
-0.51944
-0.519436
-0.519438
-0.51943
-0.519433
-0.51943
-0.519434
-0.519437
-0.519441
-0.519444
-0.519451
-0.519453
-0.519463
-0.51947
-0.519468
-0.519469
-0.519474
-0.519474
-0.519479
-0.519477
-0.519465
-0.519465
-0.51945
-0.51945
-0.519438
-0.519438
-0.519438
-0.519436
-0.51943
-0.519432
-0.519427
-0.519438
-0.519431
-0.519427
-0.51943
-0.519435
-0.519431
-0.519427
-0.519432
-0.519434
-0.519429
-0.519433
-0.519433
-0.519435
-0.519439
-0.519447
-0.51944
-0.519454
-0.519452
-0.519449
-0.519442
-0.519449
-0.519452
-0.519445
-0.519454
-0.51945
-0.519448
-0.519453
-0.519451
-0.519453
-0.519448
-0.519451
-0.519456
-0.519458
-0.519453
-0.51945
-0.519447
-0.519444
-0.51944
-0.519433
-0.51944
-0.519447
-0.519448
-0.519456
-0.519459
-0.519462
-0.519451
-0.519453
-0.519446
-0.519444
-0.519446
-0.519448
-0.519443
-0.51945
-0.519447
-0.519447
-0.519442
-0.519434
-0.519434
-0.519431
-0.519441
-0.519443
-0.519439
-0.519442
-0.519437
-0.519447
-0.519441
-0.51945
-0.51945
-0.519445
-0.519452
-0.519452
-0.51945
-0.519449
-0.519456
-0.519454
-0.519461
-0.519463
-0.519461
-0.519456
-0.519451
-0.519458
-0.519458
-0.519456
-0.519465
-0.51947
-0.519463
-0.519458
-0.519465
-0.519466
-0.519461
-0.519464
-0.519464
-0.519459
-0.519454
-0.51945
-0.519457
-0.519459
-0.519461
-0.519457
-0.519454
-0.519454
-0.519453
-0.519456
-0.519453
-0.519451
-0.519452
-0.519452
-0.519457
-0.51945
-0.519446
-0.519443
-0.51945
-0.519444
-0.519439
-0.519429
-0.519424
-0.519425
-0.519418
-0.519416
-0.519425
-0.519425
-0.519414
-0.519409
-0.519404
-0.519407
-0.519404
-0.519395
-0.51941
-0.519414
-0.519412
-0.51941
-0.519417
-0.519414
-0.519411
-0.519416
-0.519416
-0.519413
-0.519415
-0.519413
-0.519409
-0.519402
-0.519402
-0.5194
-0.5194
-0.519402
-0.519397
-0.519397
-0.519402
-0.519399
-0.519401
-0.519411
-0.519411
-0.519414
-0.519417
-0.519422
-0.519414
-0.519414
-0.519411
-0.519417
-0.519422
-0.519424
-0.519434
-0.519432
-0.519439
-0.519437
-0.519435
-0.519438
-0.51944
-0.519445
-0.519448
-0.519448
-0.519441
-0.519443
-0.519434
-0.51942
-0.519422
-0.519415
-0.519415
-0.519412
-0.519409
-0.519411
-0.5194
-0.519405
-0.519409
-0.519407
-0.519401
-0.519402
-0.519385
-0.51939
-0.519388
-0.51938
-0.519378
-0.519383
-0.519385
-0.519385
-0.519383
-0.519381
-0.519374
-0.519374
-0.519383
-0.519388
-0.519393
-0.519393
-0.519397
-0.519394
-0.519396
-0.519391
-0.519386
-0.519386
-0.519379
-0.519384
-0.519377
-0.519382
-0.51938
-0.519385
-0.519386
-0.519383
-0.519391
-0.519386
-0.519388
-0.519391
-0.519393
-0.519396
-0.519386
-0.519391
-0.519393
-0.5194
-0.519402
-0.519399
-0.519394
-0.519399
-0.519401
-0.519404
-0.519407
-0.519405
-0.519408
-0.519415
-0.519415
-0.519413
-0.519417
-0.519412
-0.519421
-0.519418
-0.51942
-0.519419
-0.51942
-0.519421
-0.519419
-0.51941
-0.519413
-0.51942
-0.519415
-0.519415
-0.519414
-0.519421
-0.519421
-0.519416
-0.519423
-0.519425
-0.519419
-0.519417
-0.519419
-0.519415
-0.519415
-0.519408
-0.519408
-0.519405
-0.519407
-0.519407
-0.519409
-0.519402
-0.519408
-0.519408
-0.519409
-0.519399
-0.519407
-0.519405
-0.519398
-0.519393
-0.519395
-0.519393
-0.519391
-0.519389
-0.519389
-0.519384
-0.51939
-0.519385
-0.519385
-0.519387
-0.519385
-0.519379
-0.519377
-0.519384
-0.519374
-0.519377
-0.519383
-0.519386
-0.51939
-0.519385
-0.519381
-0.519378
-0.519381
-0.519371
-0.519374
-0.519379
-0.519376
-0.519374
-0.519377
-0.519372
-0.519369
-0.519369
-0.519364
-0.519362
-0.519362
-0.51936
-0.519353
-0.51935
-0.519347
-0.519346
-0.519351
-0.519341
-0.519342
-0.51934
-0.519336
-0.519336
-0.519329
-0.519324
-0.519324
-0.51932
-0.519329
-0.519319
-0.519317
-0.519319
-0.519319
-0.519316
-0.519319
-0.519319
-0.519314
-0.519312
-0.519316
-0.519319
-0.519322
-0.519324
-0.51932
-0.519318
-0.519316
-0.519315
-0.519315
-0.519307
-0.519304
-0.519301
-0.519298
-0.519296
-0.519299
-0.519299
-0.519311
-0.51931
-0.519312
-0.519315
-0.519315
-0.519313
-0.51931
-0.519313
-0.51931
-0.519308
-0.519308
-0.519299
-0.519301
-0.519299
-0.519303
-0.519303
-0.519302
-0.519299
-0.519297
-0.519297
-0.519309
-0.519309
-0.519314
-0.519314
-0.51931
-0.519307
-0.519302
-0.519305
-0.519307
-0.519309
-0.519309
-0.519302
-0.519302
-0.519302
-0.5193
-0.51929
-0.519285
-0.519292
-0.519293
-0.5193
-0.519298
-0.519291
-0.519284
-0.519275
-0.519271
-0.519271
-0.519271
-0.519275
-0.519275
-0.519275
-0.519281
-0.519278
-0.519276
-0.519276
-0.519273
-0.519269
-0.519271
-0.519271
-0.519269
-0.519267
-0.519267
-0.519264
-0.519262
-0.51926
-0.519258
-0.519248
-0.519253
-0.519248
-0.519251
-0.519248
-0.519248
-0.519253
-0.519257
-0.519264
-0.519262
-0.519271
-0.519262
-0.519254
-0.519262
-0.519255
-0.519257
-0.519262
-0.519265
-0.519255
-0.519255
-0.519258
-0.519255
-0.519253
-0.51925
-0.519253
-0.519253
-0.51925
-0.519252
-0.519254
-0.519254
-0.519252
-0.519255
-0.519252
-0.519257
-0.519253
-0.51925
-0.519259
-0.519254
-0.519259
-0.519257
-0.519252
-0.519252
-0.519252
-0.519243
-0.519236
-0.519234
-0.519241
-0.519238
-0.519243
-0.519246
-0.519238
-0.519231
-0.519229
-0.519229
-0.519224
-0.519226
-0.519228
-0.519228
-0.519231
-0.519221
-0.519214
-0.519214
-0.51921
-0.519212
-0.519215
-0.519215
-0.51922
-0.519227
-0.519227
-0.519234
-0.519234
-0.519238
-0.519245
-0.519245
-0.519252
-0.519259
-0.519257
-0.519257
-0.519259
-0.519257
-0.519261
-0.519264
-0.519261
-0.519256
-0.519254
-0.519259
-0.51925
-0.519255
-0.51926
-0.519257
-0.519267
-0.51927
-0.519277
-0.519277
-0.519275
-0.519268
-0.519263
-0.519261
-0.519265
-0.519269
-0.519269
-0.519266
-0.519263
-0.519265
-0.519275
-0.519269
-0.519271
-0.519267
-0.519265
-0.519258
-0.519265
-0.519267
-0.519262
-0.519262
-0.519262
-0.519259
-0.519259
-0.519259
-0.519255
-0.519245
-0.519243
-0.519241
-0.519243
-0.519236
-0.519236
-0.519243
-0.519243
-0.519245
-0.519245
-0.519244
-0.519242
-0.519237
-0.519233
-0.519231
-0.519228
-0.519229
-0.519233
-0.519231
-0.519229
-0.519231
-0.519234
-0.519236
-0.519233
-0.519236
-0.519238
-0.519238
-0.519242
-0.51924
-0.519247
-0.51924
-0.51924
-0.519234
-0.519236
-0.519244
-0.519244
-0.519244
-0.519246
-0.519251
-0.519255
-0.519257
-0.519256
-0.519256
-0.519251
-0.519252
-0.519255
-0.519255
-0.519258
-0.519261
-0.519259
-0.519257
-0.519261
-0.519263
-0.519253
-0.519252
-0.519252
-0.519256
-0.519256
-0.519263
-0.519269
-0.519272
-0.519277
-0.519282
-0.519285
-0.519283
-0.51928
-0.51928
-0.519285
-0.519277
-0.519289
-0.519279
-0.519282
-0.519284
-0.519279
-0.519274
-0.519271
-0.519268
-0.519267
-0.51927
-0.51927
-0.519276
-0.519283
-0.519286
-0.519282
-0.51928
-0.519277
-0.519273
-0.519263
-0.519265
-0.519268
-0.519272
-0.519275
-0.519282
-0.519279
-0.519274
-0.519267
-0.519264
-0.519266
-0.519266
-0.519266
-0.519268
-0.519263
-0.519268
-0.519266
-0.519264
-0.519257
-0.519264
-0.519264
-0.519257
-0.519259
-0.519257
-0.519255
-0.519255
-0.519251
-0.519251
-0.519251
-0.519258
-0.519248
-0.519246
-0.519243
-0.519241
-0.519243
-0.51924
-0.519243
-0.519247
-0.51925
-0.519247
-0.519238
-0.519238
-0.519238
-0.519226
-0.519222
-0.519224
-0.51922
-0.519222
-0.519225
-0.519222
-0.519215
-0.519213
-0.519208
-0.519213
-0.519212
-0.519215
-0.519224
-0.519222
-0.519222
-0.519219
-0.519217
-0.519217
-0.519219
-0.519214
-0.519214
-0.519217
-0.519219
-0.519217
-0.519212
-0.519207
-0.519205
-0.519201
-0.519198
-0.519198
-0.519198
-0.519196
-0.519191
-0.519193
-0.519201
-0.519196
-0.519196
-0.519201
-0.519199
-0.519199
-0.519205
-0.51921
-0.519212
-0.519218
-0.519218
-0.519219
-0.519212
-0.519205
-0.519203
-0.519206
-0.519204
-0.519204
-0.519206
-0.519201
-0.519196
-0.519198
-0.519205
-0.519214
-0.519224
-0.519219
-0.519222
-0.519219
-0.519217
-0.51921
-0.5192
-0.5192
-0.519205
-0.519204
-0.519207
-0.519214
-0.519214
-0.519223
-0.519223
-0.519226
-0.519221
-0.519221
-0.519214
-0.519214
-0.519222
-0.519222
-0.519222
-0.519224
-0.519227
-0.519224
-0.519224
-0.519222
-0.519222
-0.519224
-0.519224
-0.519229
-0.519229
-0.519231
-0.519233
-0.694014
-0.694014
-0.694016
-0.694021
-0.694012
-0.694012
-0.694008
-0.694008
-0.694008
-0.694013
-0.694014
-0.694014
-0.694016
-0.694021
-0.694012
-0.694012
-0.694008
-0.694008
-0.694008
-0.694013
-0.694013
-0.694018
-0.69402
-0.694018
-0.694018
-0.69402
-0.69402
-0.694022
-0.694034
-0.694041
-0.694039
-0.694036
-0.694041
-0.694041
-0.694048
-0.694053
-0.694048
-0.694051
-0.694053
-0.694051
-0.694051
-0.694051
-0.694053
-0.694053
-0.694057
-0.69406
-0.694067
-0.694072
-0.694081
-0.694079
-0.694088
-0.694088
-0.694093
-0.694096
-0.694086
-0.694086
-0.694089
-0.694094
-0.694091
-0.694096
-0.694096
-0.694092
-0.694094
-0.694092
-0.694102
-0.694094
-0.694094
-0.69409
-0.694085
-0.694079
-0.694086
-0.694086
-0.694085
-0.694092
-0.694088
-0.694093
-0.694103
-0.694104
-0.694107
-0.694114
-0.694109
-0.694102
-0.694097
-0.694104
-0.694101
-0.694104
-0.694101
-0.694101
-0.694101
-0.694091
-0.694091
-0.694091
-0.694093
-0.694093
-0.694086
-0.694096
-0.694101
-0.694099
-0.694101
-0.694111
-0.694111
-0.694113
-0.694113
-0.694108
-0.69411
-0.694107
-0.694098
-0.694096
-0.694096
-0.694098
-0.694103
-0.694103
-0.694101
-0.694101
-0.694104
-0.694097
-0.69409
-0.694085
-0.694076
-0.694076
-0.694069
-0.694071
-0.694063
-0.694058
-0.694052
-0.694047
-0.694042
-0.69404
-0.694043
-0.694031
-0.694024
-0.69402
-0.694015
-0.694011
-0.694004
-0.693999
-0.694001
-0.694006
-0.694004
-0.693999
-0.693994
-0.693994
-0.693989
-0.693996
-0.694001
-0.694003
-0.69401
-0.694008
-0.694008
-0.694005
-0.694005
-0.694008
-0.694008
-0.69401
-0.694
-0.693998
-0.693996
-0.693998
-0.693993
-0.693989
-0.693991
-0.693993
-0.693991
-0.693995
-0.693983
-0.693983
-0.693981
-0.693979
-0.693974
-0.693967
-0.693967
-0.693963
-0.693958
-0.693961
-0.693963
-0.693963
-0.693961
-0.693963
-0.693956
-0.693956
-0.693954
-0.693956
-0.693954
-0.693954
-0.693956
-0.693953
-0.693953
-0.693951
-0.693946
-0.693948
-0.693958
-0.69396
-0.69396
-0.693965
-0.693963
-0.693963
-0.693965
-0.69397
-0.693963
-0.693963
-0.693963
-0.693953
-0.693956
-0.693956
-0.693949
-0.693944
-0.693942
-0.693947
-0.693947
-0.693944
-0.693942
-0.693942
-0.693944
-0.693937
-0.693937
-0.693932
-0.69392
-0.693916
-0.693918
-0.693921
-0.693918
-0.693916
-0.693914
-0.693911
-0.693904
-0.693911
-0.69391
-0.693912
-0.693914
-0.693914
-0.693912
-0.693912
-0.693912
-0.693913
-0.693908
-0.693901
-0.693904
-0.693907
-0.693902
-0.6939
-0.693895
-0.693898
-0.693895
-0.693893
-0.693895
-0.693897
-0.693897
-0.693897
-0.693902
-0.693901
-0.693908
-0.693904
-0.693904
-0.693901
-0.693901
-0.693899
-0.693899
-0.693897
-0.693897
-0.693895
-0.693892
-0.693887
-0.693882
-0.693877
-0.693875
-0.69388
-0.69388
-0.693878
-0.693879
-0.693879
-0.693889
-0.693896
-0.693895
-0.693895
-0.693899
-0.693896
-0.693906
-0.693901
-0.693896
-0.693901
-0.693891
-0.693901
-0.693906
-0.693911
-0.693912
-0.693912
-0.693907
-0.693914
-0.693912
-0.693905
-0.693909
-0.693909
-0.693916
-0.693916
-0.693923
-0.69393
-0.69393
-0.693925
-0.693927
-0.693927
-0.693922
-0.693924
-0.693932
-0.693932
-0.69394
-0.693943
-0.69394
-0.693948
-0.69395
-0.693952
-0.693952
-0.693954
-0.693958
-0.693961
-0.693958
-0.693968
-0.69397
-0.69397
-0.69397
-0.693979
-0.693974
-0.693974
-0.693984
-0.693981
-0.693986
-0.693986
-0.693984
-0.693989
-0.693992
-0.693997
-0.693992
-0.693997
-0.693992
-0.693994
-0.693994
-0.693994
-0.693992
-0.693994
-0.693999
-0.693996
-0.693998
-0.694007
-0.694007
-0.694007
-0.694008
-0.694006
-0.694013
-0.694016
-0.694013
-0.694018
-0.694023
-0.694025
-0.694029
-0.694031
-0.694029
-0.694027
-0.694027
-0.694029
-0.694037
-0.694032
-0.694039
-0.694042
-0.694044
-0.694051
-0.694058
-0.694048
-0.694046
-0.694046
-0.69405
-0.694045
-0.694041
-0.694041
-0.694036
-0.694033
-0.694038
-0.694038
-0.694026
-0.694027
-0.694027
-0.694034
-0.694032
-0.694034
-0.694025
-0.694022
-0.694027
-0.694029
-0.694029
-0.694036
-0.694033
-0.694036
-0.694038
-0.694038
-0.694031
-0.694027
-0.694032
-0.694037
-0.69403
-0.69403
-0.694028
-0.69403
-0.69403
-0.694039
-0.694041
-0.694048
-0.694043
-0.694043
-0.694043
-0.694036
-0.694039
-0.694041
-0.694046
-0.694046
-0.694049
-0.694053
-0.694049
-0.694046
-0.694044
-0.694041
-0.694043
-0.694046
-0.694043
-0.69404
-0.694036
-0.694033
-0.694036
-0.694034
-0.694035
-0.694037
-0.694042
-0.694044
-0.694047
-0.694056
-0.694058
-0.69407
-0.694063
-0.694058
-0.694062
-0.694057
-0.694053
-0.694057
-0.69406
-0.694057
-0.694058
-0.694055
-0.694051
-0.694053
-0.694051
-0.694054
-0.694063
-0.694068
-0.69407
-0.694075
-0.694074
-0.694062
-0.694062
-0.694067
-0.694062
-0.69407
-0.694068
-0.694061
-0.694068
-0.694068
-0.694073
-0.694075
-0.694075
-0.69407
-0.694075
-0.694074
-0.694072
-0.694074
-0.694076
-0.694079
-0.694081
-0.694079
-0.694077
-0.694082
-0.694084
-0.694091
-0.694091
-0.694094
-0.694096
-0.694098
-0.694094
-0.694094
-0.694092
-0.69409
-0.694094
-0.694099
-0.694107
-0.694107
-0.694104
-0.694102
-0.694104
-0.694103
-0.69411
-0.694109
-0.694111
-0.694111
-0.694116
-0.694125
-0.694126
-0.694121
-0.694122
-0.694125
-0.694125
-0.694125
-0.694126
-0.694128
-0.694128
-0.69413
-0.694135
-0.694132
-0.694134
-0.694134
-0.694133
-0.694131
-0.694126
-0.694118
-0.694125
-0.694133
-0.694138
-0.69414
-0.694145
-0.694148
-0.69415
-0.694148
-0.694148
-0.694151
-0.69415
-0.694153
-0.69415
-0.694153
-0.69416
-0.694169
-0.694162
-0.694162
-0.694163
-0.694151
-0.694153
-0.694156
-0.694158
-0.694153
-0.694155
-0.694153
-0.694152
-0.694152
-0.694159
-0.694159
-0.694157
-0.694155
-0.694162
-0.694168
-0.694173
-0.694182
-0.69418
-0.694185
-0.694187
-0.694193
-0.694202
-0.694197
-0.694192
-0.694194
-0.694204
-0.694204
-0.694204
-0.694209
-0.694205
-0.694203
-0.6942
-0.694203
-0.694205
-0.694208
-0.694208
-0.694205
-0.69421
-0.69422
-0.694224
-0.694227
-0.694233
-0.694236
-0.69424
-0.694235
-0.694237
-0.694232
-0.694235
-0.694232
-0.694225
-0.694228
-0.694223
-0.694219
-0.694219
-0.694221
-0.694228
-0.694228
-0.694221
-0.694221
-0.694221
-0.694219
-0.694219
-0.694224
-0.694226
-0.694236
-0.694229
-0.694232
-0.694234
-0.694241
-0.694251
-0.694249
-0.694251
-0.694253
-0.69426
-0.694252
-0.694252
-0.694256
-0.694255
-0.69425
-0.694251
-0.694242
-0.694243
-0.694246
-0.694251
-0.694254
-0.694259
-0.694253
-0.694253
-0.694257
-0.694257
-0.694254
-0.694252
-0.694255
-0.694255
-0.694257
-0.694255
-0.694257
-0.694265
-0.694269
-0.694267
-0.694272
-0.69427
-0.694277
-0.69427
-0.694265
-0.694265
-0.694262
-0.694264
-0.694261
-0.69427
-0.694268
-0.694263
-0.694271
-0.694273
-0.694276
-0.694281
-0.694276
-0.694274
-0.694262
-0.694272
-0.694274
-0.694276
-0.694276
-0.694288
-0.694292
-0.69429
-0.694299
-0.694297
-0.694292
-0.694302
-0.694297
-0.694304
-0.694309
-0.694309
-0.694299
-0.694304
-0.694306
-0.694304
-0.694307
-0.694309
-0.694314
-0.694314
-0.694317
-0.694321
-0.694324
-0.694321
-0.694326
-0.694331
-0.694329
-0.694327
-0.694332
-0.694332
-0.694334
-0.694341
-0.694338
-0.694334
-0.694333
-0.694335
-0.694338
-0.694337
-0.694336
-0.694332
-0.694325
-0.694318
-0.69432
-0.694318
-0.694325
-0.694329
-0.694336
-0.69434
-0.694333
-0.694333
-0.69433
-0.694342
-0.694336
-0.694336
-0.694341
-0.694341
-0.694334
-0.694339
-0.694341
-0.69434
-0.694337
-0.694339
-0.694327
-0.694317
-0.694313
-0.694314
-0.694317
-0.694315
-0.694313
-0.694315
-0.69432
-0.694318
-0.694313
-0.694316
-0.69432
-0.694323
-0.694325
-0.694323
-0.69432
-0.694313
-0.69432
-0.694324
-0.694324
-0.69433
-0.694337
-0.694339
-0.694334
-0.694334
-0.694337
-0.694335
-0.694333
-0.694339
-0.694346
-0.694351
-0.694354
-0.694349
-0.694351
-0.694358
-0.694355
-0.694359
-0.694359
-0.694359
-0.694359
-0.694357
-0.694362
-0.694366
-0.694366
-0.694371
-0.694374
-0.694374
-0.694371
-0.694372
-0.694372
-0.694383
-0.694383
-0.694381
-0.694378
-0.69438
-0.69438
-0.694387
-0.694391
-0.694391
-0.694394
-0.69439
-0.694392
-0.694397
-0.694397
-0.694393
-0.694388
-0.694385
-0.694383
-0.694383
-0.69438
-0.694383
-0.69438
-0.694375
-0.69438
-0.69438
-0.69438
-0.694368
-0.694371
-0.694371
-0.694369
-0.694376
-0.694376
-0.694376
-0.694376
-0.694376
-0.694376
-0.694378
-0.694371
-0.694369
-0.694366
-0.694361
-0.694361
-0.69436
-0.694368
-0.694378
-0.694378
-0.694381
-0.694372
-0.694391
-0.694391
-0.694388
-0.694388
-0.69439
-0.69439
-0.69438
-0.694377
-0.694377
-0.694375
-0.694371
-0.694371
-0.694376
-0.694374
-0.694378
-0.69438
-0.69438
-0.694377
-0.694379
-0.694365
-0.694373
-0.69437
-0.694366
-0.694362
-0.694359
-0.694355
-0.69436
-0.694364
-0.694364
-0.694371
-0.694381
-0.694379
-0.694383
-0.694386
-0.694383
-0.694386
-0.69439
-0.69439
-0.694385
-0.694389
-0.694382
-0.694387
-0.694387
-0.694385
-0.694387
-0.694385
-0.694388
-0.694385
-0.694388
-0.694386
-0.694386
-0.694386
-0.694385
-0.694387
-0.694378
-0.694375
-0.69437
-0.694371
-0.694373
-0.694379
-0.694381
-0.694384
-0.694386
-0.694384
-0.694382
-0.694377
-0.694363
-0.694356
-0.694351
-0.694358
-0.694359
-0.694361
-0.694363
-0.694363
-0.694358
-0.694352
-0.694353
-0.694356
-0.694356
-0.694356
-0.694356
-0.694361
-0.694366
-0.694361
-0.694368
-0.694372
-0.694372
-0.694373
-0.694377
-0.694382
-0.694382
-0.69439
-0.694391
-0.694388
-0.694384
-0.694393
-0.69439
-0.694394
-0.694397
-0.694399
-0.694401
-0.694404
-0.694406
-0.694402
-0.694397
-0.694393
-0.69439
-0.694397
-0.694393
-0.694402
-0.694405
-0.694409
-0.694409
-0.694404
-0.694404
-0.694392
-0.694399
-0.694399
-0.694402
-0.694401
-0.694409
-0.694406
-0.694416
-0.694414
-0.694415
-0.694412
-0.69441
-0.694407
-0.694406
-0.694401
-0.694403
-0.694401
-0.694403
-0.694406
-0.694409
-0.694411
-0.694406
-0.694399
-0.694406
-0.694404
-0.694402
-0.694402
-0.694407
-0.694398
-0.694395
-0.694391
-0.694391
-0.694395
-0.694402
-0.694407
-0.694402
-0.694408
-0.694406
-0.694396
-0.694403
-0.694403
-0.69441
-0.694415
-0.694415
-0.694413
-0.694419
-0.694414
-0.694409
-0.694405
-0.694402
-0.694409
-0.694409
-0.694411
-0.694411
-0.694413
-0.694411
-0.694411
-0.694413
-0.694416
-0.694411
-0.694411
-0.694413
-0.694416
-0.694411
-0.694411
-0.694411
-0.694408
-0.694413
-0.694419
-0.694419
-0.694419
-0.694424
-0.694429
-0.694424
-0.694421
-0.843618
-0.843615
-0.843617
-0.84362
-0.84361
-0.843619
-0.843622
-0.843617
-0.843624
-0.843622
-0.843617
-0.84362
-0.843627
-0.843624
-0.843629
-0.843631
-0.843629
-0.843631
-0.843629
-0.843638
-0.843646
-0.843646
-0.843641
-0.843641
-0.843641
-0.843641
-0.843639
-0.843642
-0.843646
-0.843651
-0.843656
-0.843654
-0.843656
-0.843653
-0.843649
-0.843648
-0.843646
-0.843645
-0.843643
-0.84364
-0.843652
-0.84365
-0.843651
-0.843649
-0.843649
-0.843653
-0.843646
-0.843649
-0.843644
-0.843641
-0.843646
-0.843658
-0.84366
-0.843663
-0.84366
-0.843665
-0.843667
-0.843672
-0.843674
-0.843679
-0.843684
-0.843684
-0.843684
-0.843683
-0.843688
-0.843686
-0.843693
-0.843693
-0.843691
-0.843692
-0.843694
-0.84369
-0.843685
-0.843685
-0.843688
-0.843695
-0.843697
-0.8437
-0.843695
-0.84369
-0.84369
-0.843694
-0.843696
-0.843693
-0.843688
-0.843687
-0.843685
-0.84369
-0.843691
-0.843682
-0.843687
-0.843692
-0.843687
-0.843688
-0.843688
-0.843688
-0.843686
-0.843681
-0.843681
-0.843683
-0.843685
-0.843682
-0.843679
-0.843682
-0.843685
-0.843692
-0.843686
-0.843694
-0.843696
-0.843689
-0.843687
-0.843681
-0.843683
-0.843685
-0.843686
-0.843686
-0.843687
-0.84369
-0.84368
-0.843671
-0.843674
-0.843682
-0.843683
-0.843681
-0.843681
-0.843691
-0.843693
-0.843696
-0.843695
-0.8437
-0.843699
-0.843701
-0.843701
-0.843704
-0.843702
-0.843704
-0.843709
-0.843705
-0.843707
-0.843707
-0.843714
-0.843711
-0.843718
-0.843713
-0.843712
-0.843708
-0.843703
-0.843699
-0.843699
-0.843699
-0.843692
-0.843697
-0.843692
-0.843685
-0.843682
-0.84368
-0.843679
-0.843681
-0.843681
-0.843686
-0.843682
-0.843675
-0.84367
-0.843671
-0.843673
-0.843671
-0.843663
-0.843665
-0.84367
-0.843669
-0.843667
-0.843665
-0.843655
-0.843653
-0.843651
-0.843646
-0.843644
-0.843654
-0.843656
-0.843656
-0.843664
-0.843654
-0.843662
-0.843659
-0.843654
-0.84365
-0.843652
-0.843652
-0.843645
-0.843645
-0.843654
-0.843656
-0.843659
-0.843654
-0.84366
-0.84366
-0.843659
-0.843659
-0.843658
-0.843654
-0.843655
-0.843656
-0.843652
-0.843652
-0.843654
-0.843656
-0.843651
-0.843649
-0.843658
-0.843648
-0.843648
-0.843643
-0.843641
-0.843643
-0.84365
-0.843655
-0.84365
-0.843648
-0.843648
-0.843646
-0.843644
-0.843651
-0.843649
-0.843642
-0.843637
-0.843632
-0.843635
-0.843637
-0.843632
-0.843627
-0.843624
-0.843622
-0.843617
-0.843626
-0.843626
-0.843629
-0.843629
-0.843629
-0.843629
-0.843636
-0.843643
-0.843638
-0.843638
-0.84364
-0.84364
-0.843641
-0.843641
-0.843648
-0.843651
-0.843651
-0.843651
-0.843653
-0.843654
-0.843661
-0.843659
-0.843656
-0.843656
-0.843656
-0.843663
-0.843663
-0.843667
-0.843664
-0.843666
-0.843669
-0.843666
-0.843666
-0.843664
-0.843667
-0.843665
-0.843668
-0.843671
-0.843671
-0.843671
-0.843664
-0.843661
-0.843659
-0.843656
-0.843656
-0.843651
-0.843648
-0.843653
-0.843656
-0.843658
-0.843658
-0.843658
-0.843663
-0.843677
-0.843669
-0.843664
-0.843664
-0.843667
-0.843664
-0.84366
-0.84366
-0.84366
-0.84366
-0.843655
-0.843653
-0.843651
-0.843658
-0.843669
-0.843667
-0.843665
-0.843662
-0.843665
-0.843665
-0.84367
-0.84367
-0.843667
-0.84367
-0.84367
-0.843672
-0.843677
-0.84368
-0.843682
-0.843675
-0.843682
-0.843688
-0.843691
-0.843686
-0.843688
-0.843691
-0.843691
-0.843698
-0.843701
-0.843698
-0.843696
-0.843696
-0.843699
-0.843706
-0.843704
-0.843711
-0.843718
-0.843718
-0.843723
-0.843723
-0.843725
-0.843724
-0.843719
-0.843719
-0.843721
-0.843719
-0.843719
-0.843719
-0.843724
-0.843724
-0.843717
-0.843718
-0.843713
-0.843714
-0.843716
-0.843718
-0.84372
-0.843727
-0.843725
-0.843729
-0.843729
-0.843724
-0.843722
-0.843719
-0.843712
-0.843708
-0.843701
-0.843696
-0.843694
-0.843699
-0.843692
-0.843685
-0.843685
-0.843696
-0.843696
-0.843706
-0.843703
-0.843706
-0.843703
-0.843708
-0.843705
-0.84371
-0.843704
-0.843706
-0.843709
-0.843713
-0.843709
-0.84371
-0.843708
-0.843711
-0.843709
-0.843711
-0.843718
-0.843721
-0.843723
-0.84372
-0.843718
-0.843722
-0.843722
-0.843724
-0.843727
-0.843727
-0.843722
-0.843725
-0.843727
-0.843732
-0.843727
-0.843729
-0.843726
-0.843731
-0.843724
-0.843729
-0.843724
-0.843719
-0.84372
-0.843722
-0.843722
-0.843729
-0.843734
-0.843736
-0.843736
-0.843734
-0.843729
-0.843724
-0.843726
-0.843728
-0.843724
-0.843724
-0.843719
-0.843719
-0.843722
-0.843726
-0.843731
-0.843729
-0.843736
-0.843734
-0.843736
-0.843743
-0.84375
-0.843753
-0.843753
-0.843749
-0.843746
-0.843746
-0.843751
-0.843753
-0.843748
-0.843748
-0.843753
-0.843748
-0.843748
-0.843753
-0.843758
-0.84376
-0.843758
-0.843753
-0.843748
-0.843756
-0.843756
-0.843754
-0.843749
-0.843747
-0.843745
-0.843747
-0.843751
-0.843748
-0.84375
-0.843753
-0.84375
-0.843748
-0.843748
-0.843745
-0.843745
-0.843746
-0.843748
-0.843755
-0.843751
-0.843744
-0.843736
-0.843741
-0.843739
-0.84375
-0.843751
-0.843751
-0.843754
-0.843756
-0.843759
-0.843766
-0.843771
-0.843771
-0.843766
-0.843763
-0.84376
-0.84376
-0.843757
-0.84375
-0.84375
-0.843747
-0.843743
-0.843739
-0.84373
-0.84373
-0.843735
-0.843739
-0.843737
-0.843737
-0.843737
-0.843736
-0.843736
-0.843741
-0.843736
-0.843736
-0.843734
-0.843737
-0.843729
-0.843739
-0.843739
-0.843736
-0.843738
-0.843738
-0.843729
-0.843717
-0.843715
-0.84372
-0.843716
-0.84372
-0.843715
-0.84372
-0.843731
-0.843736
-0.843731
-0.843736
-0.843739
-0.843739
-0.843736
-0.843736
-0.843737
-0.843737
-0.843734
-0.843732
-0.843732
-0.843734
-0.84373
-0.843732
-0.843728
-0.84372
-0.843723
-0.843725
-0.84372
-0.843722
-0.843722
-0.843722
-0.84371
-0.843705
-0.843703
-0.84371
-0.84371
-0.843708
-0.843707
-0.843707
-0.843709
-0.843713
-0.843718
-0.843721
-0.843731
-0.843734
-0.84373
-0.843735
-0.843733
-0.84373
-0.843723
-0.84372
-0.843722
-0.843725
-0.843718
-0.843715
-0.84371
-0.843708
-0.843708
-0.843698
-0.843691
-0.843686
-0.843686
-0.843684
-0.843684
-0.843684
-0.843684
-0.843691
-0.843684
-0.843689
-0.843682
-0.84368
-0.843666
-0.843663
-0.84366
-0.843669
-0.843671
-0.843668
-0.84367
-0.843675
-0.843671
-0.843672
-0.843675
-0.843678
-0.843683
-0.843683
-0.843683
-0.84369
-0.843692
-0.843696
-0.843694
-0.843691
-0.843686
-0.843683
-0.843681
-0.843681
-0.843683
-0.843681
-0.843684
-0.843686
-0.843691
-0.843689
-0.843692
-0.843694
-0.843699
-0.843698
-0.843694
-0.843696
-0.843698
-0.843695
-0.843698
-0.8437
-0.8437
-0.843693
-0.843691
-0.843696
-0.843699
-0.843698
-0.843691
-0.843691
-0.843688
-0.843688
-0.843685
-0.84369
-0.84369
-0.843697
-0.843691
-0.843693
-0.843694
-0.843694
-0.843694
-0.843692
-0.843701
-0.843692
-0.843689
-0.843682
-0.843677
-0.843677
-0.84368
-0.843673
-0.843668
-0.843663
-0.843663
-0.84366
-0.843665
-0.843667
-0.843669
-0.843667
-0.843663
-0.84366
-0.843658
-0.84366
-0.843658
-0.843658
-0.84366
-0.843663
-0.843668
-0.84367
-0.843678
-0.84368
-0.843687
-0.843685
-0.843689
-0.843692
-0.843689
-0.843696
-0.843694
-0.843701
-0.843697
-0.843699
-0.843707
-0.843704
-0.843706
-0.843705
-0.843704
-0.843698
-0.843701
-0.843707
-0.843706
-0.843707
-0.843708
-0.843703
-0.8437
-0.84369
-0.843699
-0.843702
-0.843704
-0.84371
-0.843708
-0.8437
-0.843698
-0.843695
-0.843698
-0.843698
-0.843696
-0.843692
-0.843692
-0.843695
-0.843695
-0.843693
-0.843685
-0.843682
-0.843679
-0.843674
-0.843678
-0.843681
-0.843681
-0.843682
-0.84368
-0.843686
-0.843682
-0.843682
-0.843679
-0.843683
-0.843678
-0.843675
-0.843679
-0.843677
-0.843677
-0.843672
-0.84367
-0.843663
-0.843671
-0.843666
-0.843666
-0.843661
-0.843661
-0.84366
-0.84366
-0.84366
-0.84365
-0.843648
-0.843638
-0.843638
-0.843641
-0.843643
-0.843643
-0.843645
-0.843648
-0.84365
-0.843646
-0.843646
-0.843642
-0.843652
-0.843656
-0.843654
-0.843652
-0.843645
-0.843645
-0.843644
-0.843639
-0.843637
-0.843632
-0.843632
-0.843634
-0.843627
-0.843617
-0.84361
-0.84361
-0.843606
-0.84361
-0.843603
-0.843608
-0.843606
-0.843608
-0.843599
-0.843599
-0.843601
-0.843601
-0.843606
-0.843611
-0.843613
-0.843611
-0.843609
-0.843611
-0.843611
-0.843603
-0.84361
-0.843605
-0.843598
-0.843598
-0.843596
-0.843596
-0.843601
-0.843608
-0.843601
-0.843601
-0.843599
-0.843587
-0.843587
-0.843585
-0.843594
-0.843589
-0.843582
-0.843589
-0.843589
-0.843592
-0.843599
-0.843595
-0.843599
-0.8436
-0.843602
-0.843607
-0.843606
-0.843603
-0.843593
-0.843602
-0.8436
-0.843598
-0.8436
-0.843606
-0.843606
-0.843611
-0.843613
-0.843606
-0.843614
-0.843606
-0.843607
-0.843609
-0.843614
-0.843611
-0.843618
-0.843625
-0.843625
-0.843624
-0.843619
-0.843622
-0.843624
-0.843627
-0.843642
-0.84364
-0.84363
-0.843639
-0.843647
-0.843644
-0.843647
-0.843644
-0.843644
-0.843644
-0.843656
-0.843658
-0.843663
-0.843665
-0.843671
-0.843671
-0.843666
-0.843669
-0.843676
-0.843674
-0.843677
-0.843672
-0.84368
-0.843682
-0.843675
-0.843676
-0.843678
-0.843683
-0.84368
-0.843685
-0.843682
-0.843682
-0.843682
-0.843674
-0.843672
-0.843674
-0.843676
-0.843672
-0.843674
-0.843679
-0.843677
-0.843677
-0.843675
-0.843673
-0.843675
-0.843678
-0.843673
-0.843666
-0.843664
-0.843666
-0.84367
-0.843668
-0.843667
-0.843662
-0.843672
-0.843672
-0.843675
-0.843675
-0.84368
-0.84368
-0.843683
-0.84369
-0.843692
-0.843691
-0.843693
-0.843691
-0.843698
-0.843696
-0.843691
-0.843694
-0.843689
-0.843685
-0.843685
-0.843692
-0.843692
-0.84369
-0.843687
-0.843687
-0.843689
-0.843691
-0.843691
-0.843693
-0.843698
-0.843703
-0.843703
-0.843701
-0.843703
-0.843705
-0.843715
-0.843717
-0.843715
-0.843712
-0.843712
-0.843727
-0.843716
-0.843712
-0.843712
-0.843712
-0.843715
-0.843715
-0.843712
-0.843711
-0.843708
-0.843699
-0.843703
-0.843708
-0.843706
-0.843701
-0.8437
-0.843698
-0.843706
-0.843714
-0.843712
-0.843715
-0.843717
-0.843714
-0.843716
-0.843718
-0.843727
-0.843731
-0.843726
-0.843726
-0.843723
-0.843723
-0.843724
-0.843717
-0.843721
-0.843726
-0.843729
-0.843724
-0.843722
-0.843729
-0.843727
-0.843719
-0.843722
-0.843717
-0.843715
-0.843712
-0.843712
-0.84371
-0.84371
-0.843696
-0.843691
-0.843687
-0.843682
-0.843684
-0.843682
-0.843678
-0.843675
-0.843678
-0.843668
-0.843673
-0.843682
-0.843679
-0.843681
-0.79726
-0.797262
-0.797259
-0.797257
-0.797262
-0.797262
-0.797265
-0.797263
-0.797261
-0.797259
-0.797261
-0.797259
-0.797266
-0.797261
-0.797257
-0.797259
-0.797264
-0.797264
-0.797266
-0.797264
-0.797266
-0.797266
-0.797265
-0.797263
-0.797267
-0.797265
-0.797267
-0.797265
-0.797269
-0.797277
-0.797277
-0.797277
-0.797275
-0.797273
-0.797273
-0.797273
-0.797268
-0.79727
-0.79727
-0.797267
-0.797265
-0.797256
-0.797256
-0.797256
-0.797256
-0.797263
-0.797268
-0.797265
-0.79727
-0.797268
-0.79727
-0.79727
-0.79727
-0.797268
-0.797271
-0.797266
-0.797268
-0.797268
-0.79727
-0.797265
-0.797268
-0.797268
-0.797272
-0.797277
-0.797275
-0.797275
-0.797282
-0.797273
-0.797273
-0.797271
-0.797266
-0.797271
-0.797271
-0.797273
-0.797273
-0.797275
-0.797272
-0.797274
-0.797286
-0.797281
-0.797279
-0.797286
-0.797286
-0.797291
-0.797296
-0.797294
-0.797304
-0.797306
-0.797301
-0.797297
-0.797292
-0.797294
-0.797292
-0.797294
-0.797296
-0.797303
-0.797299
-0.797308
-0.797308
-0.797308
-0.797313
-0.797306
-0.797306
-0.797311
-0.797309
-0.797313
-0.797309
-0.797304
-0.797308
-0.797304
-0.797303
-0.797306
-0.797308
-0.79731
-0.797308
-0.7973
-0.797307
-0.79731
-0.797307
-0.797307
-0.797317
-0.797319
-0.797317
-0.797315
-0.797317
-0.797315
-0.79732
-0.797323
-0.797327
-0.797335
-0.797339
-0.797342
-0.797342
-0.797353
-0.797353
-0.797349
-0.797358
-0.797351
-0.797347
-0.797354
-0.797359
-0.797356
-0.797361
-0.79736
-0.797358
-0.797364
-0.797364
-0.797362
-0.797359
-0.79736
-0.797362
-0.79736
-0.797356
-0.79736
-0.79736
-0.79736
-0.797363
-0.797355
-0.797351
-0.79736
-0.797362
-0.797355
-0.797356
-0.797358
-0.797361
-0.797361
-0.79737
-0.797377
-0.797382
-0.797384
-0.797384
-0.797384
-0.797389
-0.797389
-0.797391
-0.797391
-0.797388
-0.797391
-0.797391
-0.797395
-0.797391
-0.797403
-0.797403
-0.797403
-0.797406
-0.797403
-0.797401
-0.797406
-0.797402
-0.797407
-0.7974
-0.797409
-0.797409
-0.797411
-0.797413
-0.797417
-0.797424
-0.797433
-0.797433
-0.797436
-0.797439
-0.797449
-0.797454
-0.797457
-0.797454
-0.797461
-0.797463
-0.797472
-0.797474
-0.797474
-0.797478
-0.797481
-0.797481
-0.797486
-0.797489
-0.797489
-0.797489
-0.797495
-0.797495
-0.797491
-0.797491
-0.797501
-0.797501
-0.797501
-0.797507
-0.797506
-0.797512
-0.797515
-0.79752
-0.797522
-0.797528
-0.797533
-0.797542
-0.79755
-0.797548
-0.797551
-0.797546
-0.797548
-0.797547
-0.797546
-0.797546
-0.797555
-0.797554
-0.79755
-0.797548
-0.797543
-0.797541
-0.797549
-0.797561
-0.797559
-0.797561
-0.797568
-0.797566
-0.797563
-0.797565
-0.79756
-0.797566
-0.797568
-0.797568
-0.797568
-0.797571
-0.797571
-0.797574
-0.797584
-0.797587
-0.797587
-0.797589
-0.797593
-0.797593
-0.797591
-0.797598
-0.797602
-0.797605
-0.79761
-0.79761
-0.797607
-0.797607
-0.797612
-0.797617
-0.79762
-0.797622
-0.797615
-0.797612
-0.797611
-0.797599
-0.797597
-0.797593
-0.797603
-0.797603
-0.797615
-0.797617
-0.797613
-0.797622
-0.797627
-0.797624
-0.797626
-0.797624
-0.797626
-0.797631
-0.797631
-0.797638
-0.797633
-0.797643
-0.79765
-0.797652
-0.797652
-0.797659
-0.797657
-0.797652
-0.797652
-0.79766
-0.797657
-0.797655
-0.797653
-0.797655
-0.797648
-0.797648
-0.79765
-0.797652
-0.797647
-0.797652
-0.797656
-0.797657
-0.797662
-0.797657
-0.79765
-0.797652
-0.797652
-0.797652
-0.797654
-0.797657
-0.797659
-0.797667
-0.79767
-0.797668
-0.797666
-0.797661
-0.797663
-0.797672
-0.797679
-0.797681
-0.79768
-0.797677
-0.797679
-0.797684
-0.797679
-0.797677
-0.797672
-0.797677
-0.797687
-0.797683
-0.797676
-0.797676
-0.797676
-0.797674
-0.797676
-0.797676
-0.797673
-0.797671
-0.797671
-0.79768
-0.797678
-0.797686
-0.797683
-0.797686
-0.797684
-0.797691
-0.797691
-0.79769
-0.797685
-0.797689
-0.797692
-0.797689
-0.797695
-0.79769
-0.797697
-0.797702
-0.797706
-0.79771
-0.79771
-0.797715
-0.797716
-0.797721
-0.797722
-0.797722
-0.797722
-0.797719
-0.797724
-0.797731
-0.797731
-0.797738
-0.797731
-0.797733
-0.797731
-0.797726
-0.797724
-0.797726
-0.797728
-0.797728
-0.797732
-0.797736
-0.797732
-0.797732
-0.797732
-0.797728
-0.797733
-0.797738
-0.797745
-0.79775
-0.797745
-0.797745
-0.797742
-0.797742
-0.797747
-0.797754
-0.797754
-0.797755
-0.797759
-0.797752
-0.797759
-0.797759
-0.797752
-0.797761
-0.797759
-0.797759
-0.797764
-0.797766
-0.797763
-0.797766
-0.797768
-0.797773
-0.79778
-0.797783
-0.797788
-0.797795
-0.79779
-0.797792
-0.797796
-0.797796
-0.797803
-0.797802
-0.7978
-0.797803
-0.797803
-0.797813
-0.797811
-0.797814
-0.797811
-0.797814
-0.797809
-0.797806
-0.797804
-0.797806
-0.797806
-0.797813
-0.797813
-0.797815
-0.797825
-0.797829
-0.797834
-0.797836
-0.797844
-0.797849
-0.797847
-0.797854
-0.797847
-0.797842
-0.797837
-0.797839
-0.797837
-0.797841
-0.797851
-0.797855
-0.797855
-0.797853
-0.797857
-0.797865
-0.797869
-0.797862
-0.797867
-0.79787
-0.797865
-0.79786
-0.79786
-0.79787
-0.79787
-0.797872
-0.79787
-0.797867
-0.797869
-0.79787
-0.797874
-0.797867
-0.79787
-0.797875
-0.797882
-0.797877
-0.797882
-0.797882
-0.797887
-0.797894
-0.797899
-0.797906
-0.797918
-0.797925
-0.797925
-0.797922
-0.797924
-0.797926
-0.79793
-0.797928
-0.797935
-0.797943
-0.797946
-0.797946
-0.797942
-0.797945
-0.797949
-0.797947
-0.797957
-0.797957
-0.797957
-0.797969
-0.797975
-0.797973
-0.797974
-0.797974
-0.797978
-0.797977
-0.797985
-0.797992
-0.798
-0.798005
-0.798001
-0.798002
-0.797995
-0.797991
-0.797993
-0.797995
-0.797997
-0.797998
-0.797992
-0.797992
-0.798003
-0.798002
-0.798003
-0.798004
-0.798003
-0.798003
-0.798003
-0.798003
-0.798012
-0.798012
-0.798012
-0.798007
-0.798011
-0.798013
-0.798014
-0.798023
-0.798012
-0.798018
-0.798018
-0.798023
-0.798028
-0.798026
-0.798022
-0.798023
-0.798027
-0.798029
-0.798026
-0.798018
-0.798022
-0.798022
-0.798017
-0.798019
-0.798019
-0.798021
-0.798017
-0.798033
-0.798034
-0.798037
-0.798037
-0.798033
-0.798042
-0.798047
-0.798047
-0.798057
-0.798059
-0.798061
-0.798062
-0.798055
-0.798052
-0.798049
-0.798042
-0.798045
-0.798043
-0.798039
-0.79804
-0.798043
-0.798048
-0.798044
-0.798048
-0.798045
-0.798037
-0.798036
-0.798035
-0.798038
-0.79804
-0.798052
-0.798055
-0.79805
-0.798058
-0.798061
-0.798059
-0.798062
-0.798071
-0.798081
-0.798074
-0.798071
-0.798075
-0.798077
-0.798068
-0.798065
-0.79806
-0.798072
-0.798077
-0.798084
-0.798091
-0.798089
-0.798092
-0.79809
-0.79809
-0.798097
-0.798096
-0.798103
-0.798104
-0.798102
-0.798102
-0.7981
-0.798112
-0.798112
-0.798115
-0.79812
-0.79812
-0.79812
-0.798113
-0.798118
-0.798118
-0.798116
-0.798123
-0.798123
-0.798113
-0.79811
-0.798108
-0.798105
-0.7981
-0.798107
-0.798104
-0.798104
-0.798109
-0.798111
-0.798114
-0.798121
-0.798124
-0.798122
-0.798122
-0.798127
-0.798139
-0.798134
-0.798127
-0.798125
-0.798118
-0.79812
-0.79812
-0.798118
-0.79812
-0.79812
-0.798126
-0.798121
-0.798123
-0.798111
-0.798116
-0.798109
-0.798102
-0.798105
-0.798111
-0.798108
-0.798108
-0.798118
-0.798127
-0.798129
-0.798129
-0.798127
-0.798129
-0.798119
-0.79812
-0.798123
-0.798125
-0.798128
-0.798129
-0.798132
-0.798142
-0.798144
-0.798144
-0.798146
-0.798153
-0.798153
-0.798163
-0.798167
-0.798165
-0.79816
-0.798157
-0.798159
-0.798155
-0.79816
-0.798153
-0.798156
-0.798164
-0.798157
-0.798152
-0.798154
-0.798153
-0.798152
-0.798151
-0.798151
-0.798148
-0.798147
-0.798143
-0.798144
-0.798151
-0.798149
-0.798151
-0.798153
-0.798153
-0.798158
-0.798155
-0.798162
-0.798159
-0.798152
-0.798159
-0.79815
-0.798157
-0.798164
-0.798162
-0.798155
-0.798152
-0.79815
-0.798142
-0.79814
-0.79814
-0.798136
-0.798136
-0.798141
-0.798148
-0.79815
-0.79815
-0.798152
-0.798155
-0.798157
-0.798149
-0.798147
-0.798147
-0.798153
-0.798156
-0.798153
-0.798153
-0.798149
-0.798146
-0.798147
-0.798149
-0.798154
-0.798162
-0.798164
-0.798162
-0.79816
-0.798164
-0.798167
-0.798162
-0.798169
-0.798162
-0.798155
-0.79815
-0.79815
-0.798154
-0.798161
-0.798158
-0.798156
-0.798144
-0.798144
-0.798133
-0.798133
-0.798136
-0.798129
-0.79813
-0.79813
-0.798127
-0.79813
-0.798132
-0.798134
-0.798136
-0.798138
-0.798135
-0.798134
-0.79813
-0.798133
-0.798138
-0.798146
-0.79815
-0.79815
-0.798152
-0.798154
-0.798149
-0.798146
-0.798152
-0.798151
-0.798151
-0.798146
-0.798141
-0.798139
-0.798145
-0.798147
-0.798148
-0.798155
-0.79816
-0.798158
-0.798148
-0.798143
-0.798146
-0.798146
-0.798146
-0.798146
-0.798151
-0.798153
-0.798156
-0.798158
-0.798158
-0.798163
-0.798158
-0.798153
-0.798155
-0.798156
-0.798144
-0.798144
-0.798137
-0.798136
-0.798146
-0.798147
-0.798145
-0.79816
-0.798155
-0.798153
-0.798161
-0.798163
-0.798164
-0.798163
-0.79816
-0.798158
-0.798159
-0.798162
-0.798158
-0.798159
-0.798156
-0.798158
-0.798164
-0.798159
-0.798159
-0.798162
-0.798158
-0.798163
-0.798159
-0.798159
-0.798168
-0.798156
-0.798153
-0.79815
-0.798155
-0.798154
-0.798158
-0.798161
-0.798156
-0.798154
-0.798155
-0.79816
-0.79816
-0.79816
-0.798158
-0.79815
-0.798145
-0.798154
-0.798149
-0.798154
-0.798149
-0.798152
-0.798147
-0.798145
-0.798145
-0.798141
-0.798145
-0.798138
-0.798138
-0.798134
-0.798133
-0.798136
-0.79814
-0.798138
-0.798133
-0.798126
-0.798123
-0.798121
-0.798121
-0.798123
-0.798121
-0.798118
-0.798116
-0.798112
-0.798115
-0.798117
-0.79812
-0.798116
-0.798111
-0.798108
-0.798115
-0.798115
-0.798112
-0.798114
-0.798116
-0.798111
-0.798114
-0.798114
-0.798117
-0.798117
-0.798116
-0.798116
-0.798123
-0.798128
-0.798121
-0.798123
-0.798126
-0.798136
-0.798141
-0.798136
-0.798148
-0.798158
-0.798155
-0.798158
-0.79816
-0.798157
-0.798161
-0.798157
-0.798169
-0.798169
-0.798176
-0.798174
-0.798169
-0.798162
-0.798167
-0.798162
-0.798166
-0.798176
-0.798173
-0.798178
-0.798182
-0.798182
-0.79819
-0.798195
-0.79819
-0.798186
-0.798188
-0.798181
-0.79819
-0.798199
-0.798207
-0.798207
-0.798203
-0.798203
-0.798212
-0.798205
-0.7982
-0.798199
-0.798192
-0.798195
-0.798193
-0.798196
-0.798196
-0.798206
-0.798215
-0.798213
-0.798208
-0.798199
-0.798189
