   0.0128248           0           0
   0.0384745           0           0
   0.0641241           0           0
   0.0897737           0           0
    0.115423           0           0
    0.141073           0           0
    0.166723           0           0
    0.192372           0           0
    0.218022           0           0
    0.243672           0           0
    0.269321           0           0
    0.294971           0           0
     0.32062           0           0
     0.34627           0           0
     0.37192           0           0
    0.397569           0           0
    0.423219           0           0
    0.448869           0           0
    0.474518           0           0
    0.500168           0           0
    0.525818           0           0
    0.551467           0           0
    0.577117           0           0
    0.602767           0           0
    0.628416           0           0
    0.654066           0           0
    0.679715           0           0
    0.705365           0           0
    0.731015           0           0
    0.756664           0           0
    0.782314           0           0
    0.807964           0           0
    0.833613           0           0
    0.859263 3.89046e-05 3.89046e-05
    0.884913 0.000990416  0.00023558
    0.910562   0.0246151  0.00124203
    0.936212    0.160028  0.00269228
    0.961861    0.557638  0.00562226
    0.987511     1.21617  0.00899963
     1.01316     1.87853  0.00956786
     1.03881     2.34137   0.0153025
     1.06446     2.55012   0.0145632
     1.09011     2.54061   0.0127874
     1.11576     2.39453   0.0117766
     1.14141     2.19203   0.0111816
     1.16706      1.9786   0.0139411
     1.19271      1.7523   0.0114672
     1.21836      1.5561   0.0129746
     1.24401     1.39573   0.0129116
     1.26966     1.25286   0.0105197
     1.29531     1.13281  0.00868525
     1.32096     1.02488  0.00739444
     1.34661    0.934478  0.00731976
     1.37226    0.869096  0.00661674
     1.39791    0.819305  0.00704904
     1.42355    0.769713  0.00558894
      1.4492    0.729967   0.0060856
     1.47485    0.701292  0.00726139
      1.5005     0.68829  0.00734882
     1.52615    0.678416  0.00599354
      1.5518     0.66622  0.00525298
     1.57745    0.676898  0.00553997
      1.6031    0.675391  0.00539842
     1.62875    0.682853  0.00485112
      1.6544    0.693796  0.00607364
     1.68005    0.723894  0.00562202
      1.7057    0.750485  0.00520747
     1.73135    0.780531  0.00513233
       1.757    0.809814  0.00582403
     1.78265    0.859161  0.00607953
      1.8083    0.896232  0.00591114
     1.83395    0.937876  0.00688213
      1.8596    0.981437  0.00586971
     1.88525     1.02431  0.00473439
      1.9109     1.06621  0.00546055
     1.93655     1.11513  0.00647492
      1.9622     1.14717  0.00576468
     1.98785     1.16528  0.00705199
      2.0135     1.19573   0.0058782
     2.03915     1.20285  0.00612764
      2.0648     1.21487  0.00594955
     2.09045     1.20444  0.00502208
      2.1161     1.19918  0.00641994
     2.14174     1.18738  0.00591415
     2.16739      1.1794  0.00582645
     2.19304     1.15339  0.00465402
     2.21869     1.12126  0.00543263
     2.24434     1.08916  0.00565573
     2.26999     1.06999  0.00515304
     2.29564     1.03957  0.00582915
     2.32129     1.00641  0.00545123
     2.34694    0.982232  0.00499458
     2.37259    0.962227  0.00488684
     2.39824    0.934573  0.00387386
     2.42389    0.911182    0.004578
     2.44954    0.908296  0.00499993
     2.47519    0.903012  0.00524585
     2.50084    0.888476  0.00518219
     2.52649    0.884648   0.0044422
     2.55214    0.884533  0.00359126
