1.18991
1.15567
1.09903
1.02249
0.929279
0.824046
0.712812
0.602676
0.50124
0.415659
0.351524
0.311852
0.296674
0.303209
0.326623
0.361077
0.400677
0.440224
0.475645
0.504127
0.524135
0.535284
0.538117
0.533887
0.524387
0.511706
0.498078
0.485708
0.47664
0.472664
0.475153
0.485023
0.502525
0.527206
0.557842
0.592487
0.628766
0.66402
0.695761
0.721875
0.740866
0.751884
0.75486
0.750344
0.73949
0.723878
0.705222
0.685242
0.665475
0.647021
0.630581
0.616473
0.604739
0.595249
0.587851
0.582491
0.579193
0.578109
0.579424
0.583235
0.589454
0.597792
0.607679
0.618342
0.628872
0.638432
0.646401
0.652425
0.656384
0.658375
0.658609
0.657288
0.654668
0.650971
0.646438
0.641289
0.635833
0.630356
0.625098
0.620375
0.616466
0.613539
0.611802
0.611359
0.612277
0.614384
0.617234
0.620055
0.621911
0.621824
0.619003
0.612997
0.603905
0.592369
0.579449
0.566584
0.555196
0.54647
0.541168
0.53947
0.541089
0.545355
0.551336
0.557993
0.564326
0.569423
0.572547
0.57317
0.571179
0.566856
0.560927
0.5545
0.548965
0.545793
0.546317
0.55153
0.561829
0.577033
0.596353
0.618563
0.642147
0.665483
0.687055
0.70546
0.719658
0.728911
0.732774
0.731219
0.724571
0.713427
0.698727
0.68162
0.663471
0.645714
0.629771
0.616933
0.608139
0.603852
0.603757
0.606754
0.611308
0.615826
0.619166
0.620627
0.619973
0.617339
0.612946
0.607088
0.6001
0.592336
0.584243
0.576349
0.569244
0.563531
0.559771
0.55846
0.559993
0.564635
0.572391
0.582832
0.594972
0.607328
0.618208
0.626113
0.630051
0.629732
0.625633
0.618796
0.610491
0.601915
0.593906
0.586888
0.581077
0.576613
0.573836
0.573306
0.575639
0.58124
0.590078
0.601741
0.615503
0.630384
0.645389
0.6595
0.671718
0.681261
0.687426
0.68975
0.688074
0.682539
0.673605
0.662059
0.648928
0.635357
0.622596
0.611828
0.60396
0.599536
0.598616
0.600831
0.60545
0.611501
0.617996
0.624126
0.629247
0.632965
0.635089
0.63566
0.63485
0.632908
0.630224
0.627115
0.623736
0.620135
0.616184
0.611804
0.606981
0.601805
0.596498
0.59135
0.586601
0.582456
0.579081
0.576599
0.575085
0.57464
0.575381
0.577393
0.580748
0.585451
0.591276
0.59781
0.604465
0.61045
0.614969
0.617395
0.61734
0.614803
0.610177
0.60411
0.597403
0.590731
0.584627
0.579384
0.575028
0.571452
0.568563
0.566372
0.564985
0.564593
0.565357
0.567355
0.570491
0.574507
0.579119
0.584052
0.589137
0.594419
0.600102
0.606368
0.613332
0.621005
0.629312
0.638154
0.647502
0.657266
0.66726
0.677161
0.686459
0.694516
0.700731
0.704574
0.705678
0.703948
0.699454
0.692453
0.683325
0.672464
0.660219
0.646925
0.633008
0.618921
0.605193
0.592431
0.581352
0.572689
0.567126
0.565113
0.566732
0.571567
0.57869
0.586722
0.594118
0.599384
0.601405
0.599654
0.594325
0.586339
0.577217
0.568842
0.563084
0.561475
0.564925
0.573571
0.586862
0.603648
0.622351
0.641224
0.658537
0.672795
0.682814
0.687835
0.687477
0.681756
0.67098
0.655786
0.637134
0.616342
0.594987
0.574852
0.557669
0.544935
0.537698
0.536287
0.540334
0.549022
0.56119
0.575585
0.591006
0.606363
0.620657
0.632959
0.642475
0.64873
0.651615
0.651383
0.648622
0.644096
0.6386
0.632894
0.627631
0.623263
0.620066
0.61816
0.617535
0.618079
0.619681
0.622187
0.62543
0.629194
0.633168
0.63695
0.640077
0.642036
0.642483
0.641275
0.638498
0.634332
0.629009
0.622597
0.615067
0.606367
0.596558
0.58594
0.575068
0.56484
0.556337
0.550615
0.54849
0.550352
0.556058
0.565058
0.576473
0.589309
0.602599
0.615485
0.627247
0.637289
0.645099
0.650317
0.652715
0.65221
0.64889
0.64299
0.635014
0.625679
0.615877
0.606682
0.599233
0.59449
0.593065
0.595107
0.600125
0.60714
0.614942
0.622362
0.628507
0.63283
0.635264
0.636033
0.635565
0.634349
0.632791
0.631159
0.629624
0.628099
0.626295
0.623851
0.620373
0.615469
0.608958
0.601026
0.59235
0.584024
0.577532
0.574511
0.576188
0.583078
0.594747
0.609862
0.626555
0.642891
0.657289
0.66864
0.676336
0.680237
0.680438
0.677228
0.671002
0.662185
0.651172
0.638408
0.624279
0.609281
0.593986
0.579088
0.565484
0.554168
0.546187
0.542529
0.543887
0.550431
0.561659
0.576386
0.592868
0.60912
0.623289
0.63388
0.640049
0.641671
0.639276
0.633909
0.627013
0.620004
0.614043
0.609817
0.607611
0.607434
0.609243
0.612955
0.618322
0.624632
0.630616
0.634647
0.635298
0.631695
0.623723
0.612018
0.597931
0.583209
0.569808
0.559535
0.553653
0.552744
0.556712
0.564912
0.576346
0.589818
0.604191
0.618322
0.631223
0.642113
0.650504
0.656243
0.659502
0.660693
0.660415
0.659238
0.65766
0.656015
0.654562
0.653436
0.652615
0.652013
0.651399
0.650432
0.648842
0.646381
0.642969
0.638718
0.63376
0.628299
0.622641
0.617139
0.612282
0.608533
0.606312
0.605829
0.606861
0.608863
0.611007
0.612478
0.61265
0.611163
0.607894
0.602956
0.596532
0.588883
0.580398
0.571529
0.562818
0.554935
0.548585
0.544438
0.542952
0.544321
0.548391
0.554709
0.56257
0.571201
0.579817
0.587768
0.594537
0.59983
0.603616
0.606091
0.607665
0.608814
0.610006
0.61146
0.613108
0.614711
0.615964
0.616605
0.616571
0.615909
0.614768
0.613322
0.611808
0.610551
0.610001
0.61063
0.612801
0.616673
0.622007
0.628158
0.634273
0.639546
0.643558
0.646412
0.648719
0.651165
0.654185
0.657802
0.661649
0.66512
0.667497
0.668105
0.666465
0.66221
0.655387
0.646445
0.636382
0.626631
0.618732
0.613797
0.612203
0.613519
0.61668
0.620347
0.623184
0.624197
0.622808
0.618841
0.612482
0.604208
0.594793
0.585174
0.576454
0.569697
0.565774
0.565117
0.567587
0.572544
0.579108
0.586396
0.593597
0.600171
0.605769
0.610299
0.61386
0.616674
0.619068
0.621309
0.623516
0.625599
0.627352
0.628581
0.629067
0.628757
0.627751
0.626133
0.624033
0.621433
0.61831
0.614693
0.610713
0.606744
0.603241
0.600767
0.599821
0.600777
0.603641
0.608217
0.613974
0.620352
0.626786
0.632773
0.637898
0.641778
0.644134
0.644635
0.643124
0.639568
0.634195
0.627463
0.620081
0.612854
0.606523
0.601589
0.598251
0.596445
0.595888
0.596185
0.597041
0.598315
0.600113
0.60269
0.606363
0.611288
0.617368
0.624202
0.631296
0.638228
0.644683
0.650421
0.655252
0.658961
0.661371
0.662226
0.661316
0.65834
0.652984
0.644999
0.634287
0.620974
0.605547
0.588833
0.572051
0.556541
0.543707
0.534634
0.529891
0.529356
0.532284
0.537592
0.544068
0.550748
0.557064
0.562782
0.567887
0.572257
0.575573
0.577436
0.577618
0.576347
0.574363
0.572824
0.573048
0.576177
0.582952
0.593547
0.607565
0.624195
0.642304
0.660655
0.67809
0.693604
0.706394
0.715827
0.721473
0.723037
0.720302
0.713174
0.701756
0.686473
0.668094
0.647741
0.626897
0.607241
0.59044
0.577921
0.570538
0.568557
0.571695
0.579127
0.58965
0.601875
0.614266
0.625352
0.633842
0.638866
0.640035
0.637519
0.631922
0.624155
0.615242
0.60614
0.597778
0.590979
0.586469
0.584804
0.586192
0.590374
0.596457
0.603106
0.608935
0.612867
0.61432
0.613403
0.610755
0.607285
0.603907
0.601275
0.59968
0.598957
0.59863
0.598115
0.596985
0.595155
0.592962
0.591101
0.590364
0.591511
0.594963
0.600676
0.608093
0.616225
0.623829
0.629686
0.632807
0.632636
0.629113
0.622751
0.614501
0.60553
0.597002
0.589886
0.584816
0.582099
0.581854
0.584078
0.588744
0.595867
0.605333
0.616816
0.629674
0.642888
0.655264
0.66558
0.672814
0.67626
0.67558
0.670819
0.662331
0.65074
0.636956
0.622138
0.607563
0.594624
0.584578
0.578344
0.576271
0.578074
0.582878
0.589429
0.596243
0.60192
0.605267
0.605565
0.602687
0.597077
0.589651
0.58158
0.574127
0.568432
0.565406
0.565618
0.569376
0.576604
0.58683
0.599293
0.613009
0.626891
0.639839
0.650895
0.659318
0.664644
0.666739
0.665742
0.662058
0.656337
0.6493
0.641619
0.633759
0.625931
0.618108
0.610056
0.60155
0.592622
0.583497
0.574688
0.566899
0.560874
0.55732
0.556704
0.559183
0.564574
0.572436
0.58207
0.592694
0.603687
0.614636
0.625338
0.635769
0.645937
0.655659
0.664397
0.671317
0.675499
0.676194
0.67305
0.666226
0.656328
0.64417
0.630721
0.616958
0.603784
0.591862
0.581658
0.573521
0.567645
0.56409
0.562878
0.563873
0.566896
0.571661
0.577735
0.584553
0.591465
0.597755
0.602826
0.606149
0.607541
0.607233
0.605864
0.604292
0.603513
0.604458
0.607818
0.613922
0.622657
0.633356
0.645005
0.656524
0.666903
0.675476
0.681827
0.685805
0.687318
0.686345
0.682849
0.676878
0.668537
0.658157
0.646261
0.633562
0.620857
0.608723
0.597566
0.587474
0.578304
0.569794
0.561676
0.553864
0.54646
0.539738
0.534088
0.529931
0.527657
0.527572
0.529775
0.534313
0.541085
0.549921
0.560571
0.572684
0.585764
0.599231
0.612443
0.624716
0.635515
0.644495
0.651524
0.656577
0.659766
0.661227
0.661151
0.6598
0.657658
0.655531
0.65435
0.655073
0.658223
0.663719
0.670783
0.678071
0.684036
0.687329
0.686964
0.682616
0.674647
0.663988
0.651878
0.639685
0.628658
0.619696
0.613138
0.608722
0.605677
0.602955
0.599474
0.594463
0.587768
0.58001
0.572389
0.566337
0.563105
0.563352
0.566991
0.573336
0.58137
0.590077
0.598551
0.60621
0.612717
0.6179
0.62171
0.624079
0.624863
0.623907
0.621151
0.616748
0.611156
0.605034
0.599155
0.594266
0.590905
0.589253
0.589147
0.59019
0.591907
0.593923
0.596047
0.598339
0.600996
0.604251
0.6083
0.613148
0.618589
0.624235
0.629647
0.634379
0.638103
0.640621
0.641906
0.641994
0.641029
0.639239
0.636948
0.563877
0.564565
0.567799
0.573664
0.581836
0.591531
0.601655
0.611013
0.618537
0.623428
0.625183
0.623548
0.618481
0.610126
0.598736
0.58482
0.569199
0.552996
0.537726
0.525112
0.516743
0.513656
0.51603
0.523177
0.533703
0.545899
0.558047
0.56875
0.577028
0.582342
0.584554
0.583952
0.581093
0.576838
0.572023
0.567479
0.563897
0.56176
0.56136
0.562753
0.565866
0.570465
0.576189
0.582549
0.589045
0.595187
0.60063
0.605122
0.608533
0.610716
0.611551
0.610952
0.608884
0.605491
0.601065
0.596027
0.590841
0.585897
0.581477
0.577853
0.575194
0.573612
0.573177
0.573812
0.575224
0.576977
0.578516
0.579313
0.578962
0.577263
0.57417
0.569905
0.564922
0.559783
0.555077
0.551247
0.548508
0.54692
0.546354
0.546581
0.547447
0.548961
0.551172
0.554166
0.558066
0.562876
0.568471
0.574605
0.580997
0.587314
0.593287
0.598712
0.603456
0.607441
0.610503
0.612476
0.613164
0.612388
0.610055
0.606232
0.601163
0.595265
0.589026
0.582868
0.577181
0.57229
0.568435
0.565764
0.564319
0.563985
0.564483
0.56543
0.566402
0.567041
0.567206
0.567052
0.566905
0.567135
0.568149
0.570256
0.573579
0.578034
0.583308
0.588875
0.594082
0.598138
0.600254
0.599766
0.596254
0.589755
0.580804
0.570362
0.559674
0.550003
0.542388
0.537545
0.535708
0.536706
0.540174
0.545607
0.552491
0.560357
0.568659
0.576767
0.583966
0.589497
0.592671
0.593051
0.590485
0.585256
0.57809
0.570065
0.562392
0.55623
0.552621
0.552225
0.555294
0.561676
0.570835
0.581873
0.593724
0.605285
0.61558
0.623801
0.629326
0.631726
0.630775
0.626461
0.619014
0.608919
0.596862
0.583749
0.570511
0.558069
0.547236
0.538723
0.533156
0.530974
0.532456
0.537659
0.546331
0.557791
0.571057
0.584865
0.597837
0.608611
0.616101
0.619614
0.618899
0.614146
0.605879
0.594968
0.582372
0.569121
0.556146
0.544352
0.534572
0.527552
0.523903
0.523978
0.527727
0.534569
0.54346
0.553138
0.562487
0.570695
0.577397
0.582635
0.586685
0.589914
0.592637
0.594998
0.596956
0.598274
0.598615
0.59763
0.595058
0.590907
0.5855
0.579447
0.573619
0.569079
0.566859
0.567793
0.572325
0.580383
0.591243
0.603771
0.616566
0.62821
0.637362
0.642984
0.644339
0.641086
0.633231
0.621168
0.605701
0.587977
0.56939
0.551401
0.53535
0.522308
0.513023
0.50785
0.506832
0.509768
0.516221
0.525559
0.536965
0.549508
0.562307
0.57449
0.5853
0.594156
0.600649
0.604511
0.605635
0.604047
0.599956
0.593729
0.585989
0.57746
0.569016
0.561574
0.555972
0.55292
0.552825
0.555838
0.561832
0.570347
0.580565
0.591424
0.601685
0.610152
0.615818
0.618019
0.616567
0.611731
0.604156
0.594681
0.584259
0.573826
0.564255
0.556261
0.550362
0.546905
0.546068
0.547829
0.552028
0.558313
0.566126
0.574716
0.583138
0.590428
0.595804
0.598696
0.598954
0.596794
0.592689
0.587254
0.581142
0.5749
0.56885
0.563133
0.557735
0.552629
0.547887
0.543854
0.541253
0.541099
0.54443
0.55193
0.563619
0.578625
0.595448
0.612189
0.626928
0.63808
0.644633
0.646136
0.642764
0.635222
0.624533
0.611906
0.59869
0.586135
0.575339
0.567052
0.561667
0.559049
0.558652
0.559614
0.560934
0.561794
0.561664
0.560454
0.558401
0.555999
0.55381
0.552334
0.551945
0.552888
0.555244
0.558855
0.563404
0.568488
0.573591
0.578237
0.582023
0.584763
0.586288
0.586634
0.585927
0.584351
0.582176
0.579736
0.57734
0.57532
0.57397
0.57344
0.573776
0.574788
0.57611
0.577255
0.577714
0.577106
0.575206
0.572116
0.568257
0.564278
0.560946
0.558977
0.558834
0.560693
0.5644
0.569481
0.575272
0.580975
0.585843
0.589246
0.590822
0.590493
0.588515
0.585425
0.581873
0.578474
0.575631
0.573451
0.571785
0.57033
0.568848
0.567316
0.565944
0.565214
0.565672
0.567753
0.571624
0.577185
0.584131
0.591962
0.600046
0.607614
0.613746
0.61762
0.618646
0.616684
0.612028
0.605376
0.597607
0.589591
0.582031
0.575407
0.569908
0.565523
0.562227
0.559952
0.558669
0.558389
0.559119
0.560907
0.563792
0.567727
0.572668
0.578426
0.584494
0.590228
0.594836
0.597576
0.597924
0.595628
0.590794
0.583865
0.575574
0.566793
0.558544
0.551803
0.547425
0.546063
0.548005
0.553079
0.560748
0.570053
0.579782
0.588762
0.596057
0.601035
0.60349
0.603578
0.601759
0.598579
0.594604
0.59029
0.585849
0.58125
0.576259
0.570535
0.563851
0.556176
0.547851
0.539553
0.532267
0.527042
0.524806
0.526119
0.531134
0.539574
0.550839
0.563969
0.577775
0.590948
0.602112
0.610103
0.614134
0.614
0.61001
0.603033
0.594316
0.585255
0.577163
0.571126
0.567831
0.567445
0.569772
0.574316
0.580324
0.587047
0.593706
0.599628
0.604382
0.607674
0.609426
0.609756
0.608897
0.607219
0.605128
0.602888
0.600692
0.598517
0.596227
0.5936
0.590299
0.586014
0.580541
0.573785
0.565755
0.556646
0.546821
0.536769
0.527104
0.518458
0.511566
0.507227
0.5062
0.50913
0.51645
0.528266
0.5442
0.5635
0.584922
0.606908
0.627739
0.645691
0.65923
0.667105
0.668425
0.662856
0.650692
0.632908
0.611128
0.58732
0.563623
0.541973
0.523885
0.510318
0.501718
0.498093
0.499171
0.504426
0.513089
0.524212
0.536758
0.549573
0.561702
0.57248
0.58159
0.589132
0.595485
0.601146
0.606534
0.611864
0.617068
0.621757
0.625406
0.627378
0.627081
0.624124
0.618412
0.610316
0.600626
0.590504
0.581308
0.574404
0.570874
0.571312
0.575781
0.583751
0.594181
0.605781
0.617092
0.626761
0.633637
0.636831
0.635714
0.629992
0.619789
0.605619
0.588323
0.568962
0.548694
0.528665
0.509983
0.493671
0.480631
0.471707
0.467548
0.468548
0.474763
0.485905
0.501249
0.519806
0.540382
0.561571
0.581983
0.600312
0.615486
0.626749
0.633639
0.636038
0.634185
0.628564
0.619858
0.608833
0.596339
0.58329
0.570668
0.559459
0.550646
0.545007
0.542966
0.544589
0.549549
0.557177
0.56656
0.576727
0.586767
0.595862
0.603388
0.608963
0.612399
0.613672
0.612906
0.61034
0.60618
0.600709
0.594218
0.587001
0.579372
0.571746
0.564671
0.55874
0.554601
0.552798
0.553565
0.556777
0.561964
0.568399
0.575292
0.581895
0.587695
0.592438
0.596133
0.598946
0.601085
0.602687
0.603706
0.603936
0.602997
0.600504
0.596083
0.589506
0.580777
0.570152
0.558172
0.545545
0.533082
0.521545
0.511619
0.503861
0.498697
0.496494
0.497502
0.501899
0.509723
0.520814
0.534706
0.55057
0.567355
0.583862
0.598874
0.611281
0.620157
0.624774
0.624828
0.620263
0.611406
0.598962
0.584019
0.567868
0.551964
0.537742
0.52649
0.519227
0.516653
0.51914
0.526657
0.538801
0.554831
0.57378
0.594466
0.615615
0.635964
0.654225
0.66928
0.680193
0.686318
0.687433
0.683812
0.676129
0.66539
0.652733
0.639144
0.625353
0.611758
0.598336
0.584891
0.571215
0.5573
0.543486
0.530418
0.518945
0.509933
0.504009
0.501427
0.502022
0.505259
0.510381
0.516534
0.523008
0.529211
0.53474
0.539387
0.543129
0.546091
0.548401
0.550178
0.551487
0.552361
0.552859
0.55314
0.553544
0.554546
0.556689
0.560498
0.566374
0.574487
0.584669
0.596271
0.60833
0.619631
0.628936
0.635226
0.6378
0.636261
0.63068
0.621453
0.609332
0.595329
0.580653
0.566559
0.554265
0.544801
0.538887
0.536854
0.53864
0.54384
0.551746
0.561466
0.571967
0.582207
0.591249
0.598313
0.602935
0.604973
0.604644
0.602468
0.599101
0.595247
0.591572
0.588628
0.586675
0.585852
0.586098
0.587208
0.588845
0.590638
0.592204
0.593301
0.593736
0.593476
0.592586
0.59115
0.589244
0.586903
0.583994
0.580378
0.575926
0.57052
0.564196
0.557107
0.549484
0.541622
0.533865
0.526511
0.51988
0.514324
0.510194
0.507813
0.50745
0.509238
0.513199
0.519302
0.527499
0.537706
0.549693
0.562936
0.576698
0.590015
0.601862
0.611386
0.617994
0.621488
0.622057
0.620301
0.617152
0.613562
0.610323
0.607897
0.606296
0.605211
0.604052
0.602199
0.599082
0.59444
0.588309
0.581091
0.573469
0.566223
0.560088
0.555625
0.553194
0.552932
0.55487
0.558863
0.564536
0.571337
0.57853
0.58526
0.590663
0.593971
0.594619
0.592284
0.586961
0.578941
0.568827
0.557481
0.545933
0.535286
0.52658
0.520587
0.517811
0.518441
0.522371
0.529275
0.538726
0.550299
0.563585
0.578167
0.593522
0.608947
0.623523
0.636171
0.64582
0.651581
0.652957
0.649824
0.642389
0.631245
0.617292
0.601495
0.584839
0.5682
0.552341
0.537907
0.52543
0.515349
0.508028
0.503749
0.502739
0.50517
0.511071
0.520227
0.532054
0.54572
0.560228
0.574481
0.587571
0.598765
0.60761
0.613961
0.617976
0.620042
0.620631
0.620242
0.619347
0.618275
0.617219
0.616273
0.615468
0.614845
0.614348
0.613883
0.613282
0.61231
0.610663
0.608144
0.604644
0.60014
0.594732
0.588633
0.582057
0.575295
0.568762
0.562907
0.55807
0.554456
0.55203
0.550582
0.549806
0.549357
0.548981
0.54859
0.548169
0.54782
0.547676
0.547746
0.54796
0.548195
0.548266
0.54811
0.547907
0.548097
0.549327
0.552285
0.557321
0.56441
0.573063
0.582597
0.592255
0.601517
0.610068
0.617737
0.624424
0.629975
0.634033
0.636157
0.635833
0.632683
0.62665
0.618004
0.6074
0.595738
0.584072
0.573432
0.564611
0.558086
0.554045
0.552436
0.553112
0.555792
0.560194
0.565952
0.572543
0.579363
0.585726
0.590889
0.594252
0.595471
0.594446
0.591285
0.586342
0.580087
0.573008
0.565675
0.558684
0.552669
0.548274
0.54607
0.546426
0.549449
0.554949
0.562423
0.571126
0.580158
0.588549
0.595382
0.599835
0.601407
0.599864
0.595288
0.588012
0.578632
0.567914
0.556688
0.545762
0.535801
0.527381
0.520921
0.5168
0.515284
0.516451
0.699666
0.700046
0.698225
0.694537
0.689675
0.684742
0.681052
0.679808
0.681837
0.687207
0.695291
0.704931
0.714752
0.723463
0.730025
0.733631
0.73387
0.730612
0.723995
0.714339
0.702121
0.687982
0.672576
0.65676
0.641361
0.627223
0.615095
0.605626
0.599189
0.595894
0.595658
0.598166
0.60308
0.61007
0.618861
0.629229
0.640846
0.653218
0.665571
0.67701
0.686598
0.69352
0.697276
0.697775
0.695377
0.690846
0.685162
0.679319
0.674276
0.670853
0.669662
0.671025
0.675071
0.681626
0.690172
0.69994
0.71001
0.719374
0.726991
0.73193
0.733548
0.731557
0.726057
0.717525
0.706685
0.69432
0.681354
0.668659
0.657148
0.647786
0.641473
0.638883
0.640265
0.645331
0.653327
0.663166
0.673717
0.683908
0.692906
0.700101
0.705098
0.707597
0.70734
0.704092
0.69766
0.688095
0.675775
0.661395
0.646103
0.631275
0.618298
0.608268
0.601804
0.598979
0.599365
0.602172
0.606549
0.611772
0.617461
0.623442
0.62961
0.635812
0.641785
0.647216
0.651884
0.655744
0.6592
0.662917
0.667807
0.67467
0.683977
0.6956
0.708907
0.722818
0.736029
0.74734
0.755734
0.760459
0.761124
0.757638
0.75023
0.73945
0.726203
0.711763
0.697474
0.684593
0.673977
0.665995
0.660466
0.656887
0.654618
0.653021
0.651584
0.64996
0.648079
0.646085
0.644357
0.643326
0.643388
0.644761
0.647393
0.650946
0.6549
0.6586
0.66138
0.66277
0.662522
0.66068
0.657545
0.653608
0.649481
0.645748
0.642852
0.641104
0.640778
0.642047
0.644999
0.649568
0.655491
0.662418
0.670004
0.677788
0.685223
0.691666
0.696386
0.698709
0.698127
0.694465
0.687998
0.679429
0.669739
0.66007
0.651527
0.64493
0.640753
0.639053
0.639623
0.642046
0.645802
0.650289
0.654906
0.659098
0.662386
0.664552
0.665709
0.666305
0.666902
0.667917
0.669486
0.671519
0.673801
0.676137
0.678393
0.680461
0.682241
0.683545
0.684142
0.683964
0.683068
0.681782
0.680607
0.680058
0.68064
0.68265
0.686078
0.690732
0.696196
0.702023
0.70782
0.713245
0.717847
0.721002
0.72202
0.720208
0.715139
0.706692
0.695194
0.681297
0.665826
0.649621
0.63342
0.617905
0.603693
0.591449
0.581945
0.575854
0.573654
0.575475
0.581065
0.589883
0.601242
0.614312
0.628253
0.642214
0.655373
0.667067
0.676804
0.684301
0.689475
0.692464
0.693481
0.692763
0.690481
0.686747
0.68169
0.675605
0.669129
0.663135
0.658673
0.656826
0.658357
0.663559
0.672201
0.683465
0.6961
0.708763
0.720063
0.728727
0.733792
0.734727
0.731408
0.724176
0.713755
0.70113
0.687481
0.673962
0.661663
0.651531
0.644295
0.640465
0.640167
0.643205
0.649044
0.657024
0.6664
0.676264
0.685566
0.693182
0.698139
0.699801
0.697991
0.693051
0.685752
0.677103
0.668231
0.660213
0.653932
0.650101
0.649297
0.651839
0.657739
0.666598
0.677631
0.689562
0.701022
0.710624
0.717174
0.71989
0.718488
0.713062
0.704197
0.692771
0.67978
0.666272
0.65316
0.641078
0.630422
0.621377
0.614055
0.608579
0.605099
0.603641
0.603985
0.605802
0.608718
0.612544
0.617346
0.623354
0.630847
0.639915
0.650444
0.662016
0.67412
0.686169
0.697652
0.708156
0.717237
0.724472
0.729439
0.731758
0.731232
0.727902
0.722192
0.714813
0.706683
0.698762
0.691843
0.686537
0.683152
0.681698
0.681956
0.683559
0.685978
0.688553
0.690593
0.691451
0.690537
0.687404
0.681841
0.67399
0.664426
0.654271
0.644999
0.638159
0.634879
0.635653
0.640208
0.647655
0.656707
0.665944
0.674165
0.680626
0.685056
0.687834
0.689608
0.691057
0.692561
0.694126
0.695135
0.69461
0.691513
0.685
0.674904
0.661905
0.64758
0.63413
0.623933
0.618924
0.620055
0.627134
0.638917
0.653548
0.669135
0.683951
0.696725
0.706589
0.713
0.715674
0.714693
0.71046
0.703778
0.695681
0.6872
0.679078
0.671768
0.665558
0.660647
0.657285
0.655701
0.656045
0.658379
0.662471
0.667894
0.674107
0.680526
0.686562
0.691769
0.695854
0.698532
0.699613
0.699043
0.696897
0.693441
0.689074
0.684161
0.67891
0.673373
0.667573
0.661619
0.655756
0.650454
0.646405
0.644444
0.64531
0.649467
0.6569
0.666989
0.678504
0.689886
0.699537
0.706117
0.708741
0.707067
0.701265
0.691971
0.680208
0.667131
0.653927
0.641582
0.630819
0.621971
0.615064
0.609941
0.60641
0.604412
0.604067
0.605632
0.60941
0.615596
0.624213
0.634997
0.647499
0.661091
0.675065
0.688733
0.701551
0.713097
0.72317
0.73172
0.738737
0.744108
0.747528
0.74863
0.747024
0.74256
0.735461
0.726383
0.716239
0.705975
0.696355
0.687761
0.68035
0.674204
0.669543
0.666722
0.666134
0.667913
0.671843
0.677192
0.682655
0.686766
0.688151
0.685803
0.679297
0.668853
0.65527
0.639796
0.623962
0.609361
0.597495
0.589522
0.586159
0.587507
0.593113
0.602018
0.612965
0.624583
0.635559
0.644802
0.65154
0.655363
0.656229
0.654483
0.650749
0.646042
0.641618
0.638941
0.639287
0.643484
0.651615
0.662935
0.675995
0.688964
0.699964
0.707445
0.71038
0.708577
0.702686
0.694199
0.6852
0.677883
0.674089
0.674841
0.680081
0.688846
0.69954
0.71036
0.719656
0.726252
0.729544
0.729304
0.725696
0.719102
0.710036
0.69916
0.687328
0.675653
0.665468
0.657961
0.653902
0.653398
0.655837
0.660337
0.665979
0.672047
0.678083
0.683739
0.688735
0.692746
0.695312
0.695971
0.694363
0.69039
0.684208
0.676245
0.667199
0.65788
0.64909
0.641502
0.635672
0.631968
0.630619
0.631704
0.635172
0.640801
0.648281
0.657025
0.666269
0.675176
0.682923
0.688842
0.692521
0.693859
0.693054
0.690475
0.686535
0.681595
0.675867
0.669513
0.662862
0.656392
0.650743
0.646608
0.644604
0.645132
0.64818
0.65324
0.659479
0.665882
0.671462
0.675522
0.677715
0.678078
0.676993
0.675052
0.67289
0.671085
0.670119
0.670357
0.671991
0.675135
0.679701
0.685594
0.692583
0.700259
0.708074
0.715327
0.721095
0.72448
0.724593
0.720828
0.712848
0.700806
0.685338
0.667514
0.6489
0.631166
0.615802
0.603923
0.59599
0.59198
0.591538
0.594091
0.598975
0.605473
0.612787
0.620202
0.627245
0.633878
0.640511
0.64776
0.656274
0.666417
0.678201
0.691226
0.704934
0.718702
0.731974
0.744241
0.754984
0.763562
0.769196
0.770957
0.767923
0.759401
0.745167
0.725602
0.701907
0.67608
0.650567
0.627945
0.61049
0.599641
0.595806
0.598347
0.605905
0.616811
0.629408
0.642216
0.654028
0.663913
0.671303
0.675995
0.678291
0.678906
0.678842
0.679239
0.681155
0.685279
0.691873
0.700577
0.710529
0.720557
0.729413
0.735881
0.739171
0.738902
0.735148
0.728463
0.719739
0.709873
0.699626
0.689392
0.679283
0.669274
0.659366
0.649734
0.640717
0.632743
0.626204
0.621243
0.617765
0.615283
0.61311
0.610544
0.607042
0.602333
0.596495
0.58997
0.583495
0.577987
0.57446
0.573805
0.576674
0.583364
0.593771
0.607399
0.62338
0.640744
0.658556
0.676108
0.69305
0.709208
0.724481
0.738675
0.75142
0.762287
0.770822
0.776581
0.779192
0.778495
0.774587
0.767863
0.759001
0.749034
0.738942
0.729568
0.721393
0.714424
0.708185
0.702046
0.695305
0.687479
0.678461
0.668455
0.657943
0.647529
0.637795
0.629081
0.621456
0.614829
0.60903
0.604095
0.600252
0.597904
0.597462
0.599189
0.603196
0.609383
0.61751
0.627212
0.638107
0.649844
0.662045
0.674294
0.68604
0.696664
0.705535
0.712081
0.715893
0.716816
0.714957
0.710528
0.703852
0.695324
0.685287
0.674087
0.662233
0.65046
0.639898
0.631992
0.628097
0.629132
0.63517
0.645419
0.658512
0.672791
0.686615
0.69846
0.707127
0.711704
0.711555
0.706397
0.6965
0.682812
0.666989
0.65132
0.638362
0.630458
0.629094
0.634728
0.646701
0.663474
0.683124
0.703768
0.723805
0.74197
0.757433
0.769631
0.778185
0.782858
0.783418
0.779696
0.771573
0.759139
0.742843
0.723471
0.702122
0.680019
0.658407
0.638267
0.620333
0.605005
0.592458
0.582765
0.575848
0.571541
0.569573
0.569502
0.570809
0.572968
0.575473
0.57791
0.580031
0.581847
0.583657
0.585914
0.589159
0.593954
0.600854
0.610281
0.622584
0.637945
0.656311
0.6774
0.700629
0.725178
0.749918
0.773424
0.794063
0.809951
0.819297
0.820705
0.813423
0.797491
0.773882
0.744411
0.711491
0.677804
0.64608
0.618704
0.597516
0.583667
0.577577
0.578997
0.587224
0.601218
0.619691
0.641216
0.664287
0.687422
0.709189
0.728235
0.743447
0.753862
0.758858
0.758101
0.751572
0.739743
0.723503
0.704174
0.683459
0.663165
0.645056
0.63051
0.620401
0.615192
0.614875
0.619125
0.627389
0.638918
0.652737
0.667654
0.682392
0.695715
0.706482
0.713789
0.717128
0.716423
0.712013
0.704525
0.694818
0.683755
0.672076
0.660307
0.648857
0.638098
0.628436
0.62028
0.614008
0.609983
0.608449
0.609621
0.613652
0.620491
0.629754
0.640722
0.652392
0.663546
0.672892
0.679344
0.682187
0.68123
0.676998
0.670665
0.663934
0.658748
0.656811
0.659331
0.666709
0.678493
0.693509
0.709992
0.725908
0.739301
0.748571
0.75279
0.751771
0.746076
0.736867
0.725606
0.713844
0.702989
0.694171
0.688101
0.685032
0.684642
0.686069
0.688003
0.689022
0.687925
0.683942
0.676969
0.667642
0.657114
0.646781
0.637799
0.630814
0.625827
0.622333
0.619607
0.617046
0.614373
0.611732
0.609809
0.6096
0.6121
0.618003
0.627418
0.639737
0.653858
0.668435
0.682176
0.693921
0.702799
0.708191
0.709747
0.70752
0.701872
0.693551
0.683598
0.673152
0.663299
0.654892
0.648463
0.644319
0.642502
0.642869
0.645132
0.648881
0.653631
0.658926
0.664443
0.669951
0.675294
0.680289
0.68468
0.688157
0.690427
0.69132
0.690738
0.688775
0.685652
0.681676
0.677249
0.67288
0.669084
0.666372
0.665113
0.665574
0.543882
0.551388
0.561971
0.574289
0.586955
0.598759
0.608796
0.616527
0.621784
0.62467
0.625516
0.624842
0.623181
0.621058
0.618808
0.61661
0.614466
0.612141
0.609302
0.605655
0.600986
0.595355
0.589144
0.583105
0.578294
0.575705
0.576149
0.579924
0.586705
0.595634
0.605479
0.614889
0.622705
0.62804
0.630416
0.629874
0.626903
0.622361
0.617397
0.613331
0.611322
0.612218
0.616313
0.62324
0.632053
0.641372
0.649652
0.655498
0.6579
0.656386
0.651218
0.643255
0.633749
0.624101
0.615564
0.608983
0.604756
0.602777
0.602541
0.603283
0.604213
0.604704
0.604344
0.603079
0.601089
0.598641
0.595938
0.593025
0.589787
0.58605
0.581821
0.577308
0.572917
0.569153
0.566477
0.565192
0.565376
0.566865
0.569291
0.572251
0.575279
0.578098
0.580584
0.5827
0.584466
0.585878
0.586835
0.587236
0.587048
0.586357
0.585458
0.584836
0.585101
0.586866
0.590612
0.59652
0.604417
0.613734
0.623709
0.633502
0.642378
0.649754
0.65522
0.658594
0.659902
0.659362
0.657311
0.654163
0.65036
0.646314
0.642281
0.638379
0.634573
0.630706
0.626556
0.621799
0.616165
0.609429
0.601417
0.592154
0.582015
0.571816
0.562481
0.554944
0.54994
0.547841
0.548741
0.552447
0.558552
0.56649
0.575593
0.58519
0.594738
0.603754
0.61186
0.618867
0.624684
0.62938
0.633079
0.635994
0.638316
0.640147
0.641461
0.642043
0.641617
0.639815
0.636351
0.631075
0.624046
0.615488
0.605668
0.594838
0.583163
0.570749
0.557893
0.545157
0.533368
0.523586
0.516861
0.514106
0.515937
0.522538
0.533644
0.548535
0.56619
0.585397
0.605001
0.624116
0.642095
0.658426
0.672524
0.683728
0.691431
0.695229
0.695056
0.691258
0.684402
0.675123
0.664065
0.651851
0.63911
0.62642
0.614348
0.603384
0.593796
0.585652
0.578947
0.573689
0.569854
0.567433
0.566334
0.566407
0.567447
0.569221
0.571475
0.573932
0.57632
0.578368
0.579859
0.580705
0.580972
0.580969
0.581217
0.582184
0.584213
0.587397
0.591441
0.595774
0.599829
0.603048
0.605274
0.606669
0.607628
0.608721
0.610377
0.612921
0.616475
0.620921
0.626046
0.631665
0.637492
0.64332
0.648922
0.654004
0.658177
0.660965
0.661855
0.660366
0.656079
0.648733
0.638265
0.624845
0.608925
0.59129
0.572943
0.555076
0.538964
0.525796
0.516564
0.511942
0.512195
0.517152
0.526318
0.538922
0.554005
0.570615
0.587879
0.605158
0.621998
0.638157
0.653465
0.667678
0.680492
0.691432
0.699894
0.705248
0.70703
0.704935
0.698833
0.688886
0.675496
0.659255
0.641002
0.621672
0.60227
0.58381
0.567246
0.55343
0.54301
0.536451
0.53391
0.535163
0.539606
0.546427
0.554655
0.563329
0.571574
0.578801
0.584693
0.589185
0.592434
0.594815
0.596755
0.598635
0.600737
0.603058
0.605421
0.607559
0.609186
0.610091
0.610239
0.609788
0.609051
0.608353
0.607934
0.607881
0.608092
0.608282
0.608157
0.607384
0.605777
0.603306
0.600167
0.596717
0.593484
0.591107
0.590041
0.590378
0.591636
0.592883
0.593042
0.59119
0.586998
0.580922
0.574188
0.568677
0.566443
0.569112
0.57731
0.590304
0.606217
0.622684
0.637532
0.649165
0.656773
0.660249
0.659943
0.656549
0.650994
0.644181
0.636971
0.630029
0.623865
0.618834
0.615137
0.612948
0.612281
0.612912
0.614352
0.615995
0.617153
0.617233
0.615848
0.612903
0.608543
0.603134
0.597143
0.591014
0.585227
0.580219
0.576346
0.573849
0.572859
0.573412
0.575455
0.578804
0.583053
0.587711
0.592236
0.596142
0.599101
0.600977
0.60177
0.601533
0.600357
0.598339
0.595622
0.592457
0.589172
0.586186
0.58397
0.582924
0.583327
0.585221
0.588496
0.59298
0.598407
0.604535
0.61125
0.618484
0.626122
0.633815
0.641035
0.647059
0.651121
0.652586
0.651118
0.646674
0.639469
0.629995
0.618958
0.607189
0.595627
0.585323
0.577314
0.572554
0.571623
0.574648
0.581134
0.590115
0.600308
0.61046
0.619549
0.626881
0.632156
0.63542
0.636923
0.637108
0.636458
0.635471
0.634608
0.634189
0.634291
0.634701
0.63495
0.63448
0.632746
0.629363
0.624276
0.617734
0.610235
0.602441
0.594957
0.588248
0.582555
0.577795
0.573658
0.569706
0.565536
0.560919
0.555822
0.550494
0.545307
0.54078
0.537434
0.535726
0.536037
0.538646
0.543698
0.551251
0.561198
0.573229
0.586798
0.601189
0.615602
0.629305
0.641648
0.652066
0.660126
0.665595
0.668331
0.668499
0.666522
0.662949
0.658454
0.653751
0.649446
0.645978
0.643512
0.641798
0.640345
0.638481
0.635443
0.630532
0.623315
0.61372
0.602053
0.589081
0.575904
0.563905
0.554504
0.548981
0.548081
0.551884
0.559743
0.570445
0.582486
0.59442
0.605049
0.613493
0.619393
0.62278
0.623945
0.623342
0.621382
0.618362
0.614472
0.609914
0.604931
0.599934
0.595445
0.59218
0.590824
0.591905
0.595669
0.601969
0.610169
0.619239
0.627978
0.635194
0.639919
0.641534
0.639822
0.634992
0.62759
0.618215
0.607525
0.596164
0.58481
0.574172
0.565019
0.558121
0.554121
0.553284
0.555486
0.560285
0.56712
0.575416
0.5847
0.594541
0.604533
0.6142
0.623017
0.630483
0.636161
0.639746
0.641213
0.640828
0.639027
0.636442
0.633691
0.631316
0.629543
0.628446
0.627876
0.627623
0.627493
0.627327
0.627106
0.626901
0.626862
0.627074
0.627543
0.628151
0.628681
0.628832
0.628279
0.626804
0.624368
0.621138
0.617375
0.613387
0.609263
0.604996
0.600411
0.595264
0.589318
0.582443
0.574633
0.566102
0.557184
0.548444
0.540635
0.534626
0.531249
0.53118
0.534693
0.541635
0.551408
0.563076
0.57551
0.58744
0.597625
0.605022
0.608791
0.608548
0.604505
0.597607
0.589555
0.582465
0.578528
0.579437
0.586008
0.597932
0.613827
0.631655
0.649156
0.664262
0.675452
0.681855
0.683235
0.679921
0.672676
0.662472
0.650348
0.637334
0.624358
0.612277
0.60181
0.593639
0.588274
0.585884
0.586356
0.589164
0.593455
0.598275
0.60271
0.606089
0.608144
0.60905
0.609266
0.609377
0.609975
0.611478
0.614068
0.617674
0.621963
0.626446
0.630585
0.633702
0.635196
0.63454
0.63134
0.625456
0.616992
0.606381
0.594331
0.581832
0.570017
0.560041
0.55282
0.548856
0.548219
0.550455
0.55475
0.560027
0.565274
0.569635
0.572572
0.573972
0.574037
0.573188
0.572103
0.571481
0.571952
0.573983
0.577789
0.583348
0.590377
0.598452
0.607062
0.615686
0.623934
0.631496
0.638228
0.64395
0.648576
0.652014
0.65425
0.655274
0.655212
0.654208
0.652457
0.650161
0.647487
0.644517
0.641335
0.637918
0.634207
0.630046
0.625342
0.620044
0.614188
0.607898
0.601385
0.594941
0.5889
0.583626
0.579431
0.576583
0.575309
0.575725
0.57791
0.581786
0.587108
0.593424
0.600083
0.606259
0.611081
0.613863
0.614162
0.61182
0.607056
0.600286
0.592143
0.583378
0.57477
0.567132
0.561225
0.557719
0.557111
0.559557
0.564812
0.572231
0.580989
0.59019
0.599015
0.60685
0.613181
0.617704
0.620151
0.620385
0.618574
0.615041
0.610344
0.605153
0.600154
0.595929
0.592839
0.591013
0.590407
0.590831
0.592121
0.594162
0.59695
0.60065
0.605559
0.611851
0.619508
0.628081
0.63684
0.644819
0.651028
0.654618
0.655059
0.652261
0.64643
0.638233
0.628623
0.618653
0.609337
0.601426
0.595364
0.591266
0.588902
0.587832
0.587482
0.587303
0.586854
0.585832
0.58423
0.582225
0.580219
0.578691
0.577995
0.578355
0.579767
0.581983
0.584743
0.587892
0.591348
0.59529
0.600018
0.605838
0.612847
0.620882
0.629433
0.637759
0.645011
0.650536
0.653936
0.654972
0.653713
0.650381
0.645253
0.638547
0.630518
0.621345
0.611253
0.600591
0.589892
0.579846
0.571177
0.564621
0.560728
0.559781
0.561717
0.566207
0.572612
0.580185
0.588102
0.595606
0.602107
0.607276
0.611051
0.613572
0.615138
0.616173
0.61718
0.618605
0.620774
0.623867
0.62777
0.632145
0.636458
0.640002
0.642183
0.642495
0.640681
0.636701
0.630777
0.623348
0.614924
0.606119
0.597592
0.590101
0.584305
0.580818
0.580017
0.581947
0.586249
0.592217
0.598863
0.6051
0.609945
0.612652
0.6127
0.609967
0.604744
0.597575
0.589267
0.580726
0.572748
0.566029
0.56101
0.557873
0.55663
0.557123
0.559055
0.562092
0.565914
0.570224
0.574798
0.579503
0.584329
0.589381
0.594937
0.601327
0.608917
0.617893
0.628197
0.63938
0.650646
0.660992
0.669322
0.674642
0.676262
0.673832
0.66732
0.656994
0.643287
0.626908
0.608767
0.589987
0.571975
0.556183
0.543944
0.53611
0.532943
0.534126
0.538835
0.546141
0.555183
0.565248
0.57593
0.587047
0.598547
0.610303
0.622065
0.63342
0.643974
0.653408
0.661536
0.668335
0.673751
0.67765
0.679719
0.67943
0.676315
0.670055
0.660643
0.648408
0.633905
0.617842
0.601134
0.584781
0.569942
0.557793
0.549402
0.545456
0.546036
0.550635
0.558274
0.567806
0.57816
0.58846
0.598104
0.606663
0.613817
0.619336
0.623054
0.62491
0.625014
0.623743
0.621649
0.619269
0.617061
0.615246
0.613875
0.612796
0.611822
0.610845
0.60991
0.609071
0.608409
0.60797
0.607842
0.608078
0.608734
0.609799
0.611138
0.612346
0.612873
0.612211
0.609996
0.606189
0.601048
0.595082
0.588918
0.583153
0.57847
0.575451
0.574568
0.576051
0.579742
0.585208
0.591763
0.598634
0.605081
0.610597
0.614982
0.61833
0.620972
0.623344
0.625651
0.627873
0.629695
0.630674
0.630389
0.628651
0.625742
0.622316
0.619278
0.617639
0.618286
0.621556
0.627093
0.63393
0.640783
0.646415
0.649876
0.650849
0.649446
0.64609
0.641257
0.635231
0.62811
0.619882
0.610583
0.60043
0.589861
0.579591
0.570489
0.563411
0.55905
0.557813
0.559637
0.564108
0.570431
0.577644
0.584782
0.591031
0.595675
0.598175
0.598173
0.595491
0.590224
0.582742
0.573765
0.564272
0.630033
0.620164
0.611903
0.606289
0.604016
0.605403
0.610366
0.618429
0.628884
0.640766
0.652945
0.664215
0.673411
0.679673
0.682471
0.681582
0.677195
0.669771
0.659966
0.648624
0.636624
0.624815
0.613984
0.604844
0.598029
0.594137
0.593667
0.59691
0.603882
0.614394
0.628017
0.644094
0.66183
0.680355
0.698698
0.715848
0.730733
0.74234
0.749746
0.752166
0.749053
0.74025
0.726024
0.7072
0.685054
0.661247
0.637657
0.616163
0.598435
0.585763
0.57884
0.577768
0.582012
0.590424
0.601374
0.612988
0.623428
0.631245
0.635551
0.636168
0.633565
0.628615
0.622371
0.615737
0.609395
0.603888
0.599565
0.596778
0.595768
0.596741
0.599749
0.604711
0.611362
0.619306
0.628084
0.637173
0.646169
0.65484
0.66313
0.671086
0.678707
0.685871
0.692247
0.697498
0.70126
0.703235
0.703323
0.701727
0.698865
0.695314
0.691643
0.688319
0.685603
0.683518
0.681856
0.680281
0.678405
0.675777
0.671953
0.666617
0.659738
0.651653
0.643003
0.634641
0.627371
0.6218
0.618087
0.616036
0.615173
0.614837
0.614456
0.613652
0.612374
0.610919
0.609716
0.609306
0.610088
0.612251
0.615805
0.620527
0.625996
0.631739
0.63724
0.642018
0.645552
0.647428
0.647355
0.645317
0.64149
0.636417
0.6309
0.62586
0.622082
0.620148
0.620265
0.622332
0.626057
0.630989
0.636568
0.642265
0.647616
0.6522
0.655682
0.657813
0.658459
0.657634
0.655438
0.652148
0.648133
0.643885
0.640089
0.637405
0.636488
0.637833
0.641593
0.647612
0.655339
0.663987
0.672621
0.680293
0.686106
0.689443
0.689909
0.687407
0.682215
0.674872
0.66611
0.656686
0.64732
0.638605
0.630963
0.624717
0.620097
0.617361
0.616613
0.617854
0.620982
0.625771
0.63191
0.638966
0.646453
0.653853
0.660707
0.666646
0.671392
0.674693
0.676305
0.675934
0.673192
0.667801
0.659754
0.649362
0.637361
0.624754
0.612514
0.601501
0.592394
0.585704
0.581759
0.580762
0.5828
0.587854
0.595602
0.605538
0.616994
0.629248
0.641511
0.653025
0.663065
0.67098
0.67616
0.678159
0.676845
0.672403
0.665386
0.656709
0.647571
0.639274
0.633003
0.629581
0.629308
0.631981
0.637035
0.643718
0.651273
0.659001
0.666335
0.672855
0.678236
0.682247
0.684743
0.685673
0.685066
0.683106
0.680039
0.67607
0.671357
0.665927
0.659738
0.652737
0.644995
0.636834
0.628824
0.621756
0.616563
0.614059
0.61462
0.618171
0.624002
0.631071
0.638128
0.644187
0.648574
0.650999
0.651545
0.650619
0.64866
0.646145
0.643468
0.64099
0.638972
0.637563
0.636877
0.637005
0.638103
0.640315
0.643835
0.648703
0.654753
0.661585
0.668494
0.674594
0.678963
0.680901
0.680027
0.676391
0.670455
0.662925
0.654628
0.646284
0.638375
0.631126
0.624476
0.618341
0.612663
0.607482
0.602984
0.599423
0.597144
0.596476
0.59766
0.600689
0.605267
0.610759
0.616337
0.621245
0.624921
0.627233
0.628483
0.629268
0.630522
0.633251
0.638416
0.646732
0.658424
0.673053
0.689522
0.706188
0.721276
0.733255
0.740976
0.743774
0.741427
0.734082
0.722288
0.706905
0.689086
0.670143
0.651459
0.634265
0.61958
0.608089
0.600035
0.595207
0.592998
0.592623
0.59327
0.594323
0.595465
0.59674
0.598467
0.601107
0.604952
0.610113
0.616449
0.623744
0.631777
0.6404
0.649615
0.659381
0.669506
0.679578
0.689008
0.697097
0.703182
0.706776
0.707673
0.705984
0.702138
0.696797
0.690747
0.684629
0.678867
0.673614
0.668759
0.663976
0.65877
0.652722
0.645482
0.636924
0.627316
0.6172
0.607152
0.597605
0.588772
0.580808
0.573915
0.568569
0.565335
0.564801
0.567391
0.573233
0.582033
0.593154
0.605674
0.618527
0.630671
0.641271
0.649802
0.656038
0.660035
0.662139
0.662911
0.663151
0.663773
0.665563
0.668865
0.673629
0.679409
0.685616
0.691694
0.697088
0.701291
0.703784
0.704136
0.702117
0.697757
0.691308
0.683415
0.674941
0.66678
0.659723
0.654317
0.650645
0.648439
0.647241
0.646508
0.645676
0.644275
0.641945
0.6384
0.633481
0.627212
0.61976
0.611536
0.603137
0.595302
0.588817
0.584388
0.582385
0.582936
0.585923
0.591116
0.598337
0.607414
0.618085
0.629943
0.642474
0.655208
0.667724
0.679621
0.690524
0.699931
0.707274
0.711948
0.713424
0.711318
0.705625
0.696623
0.68492
0.671367
0.656816
0.642083
0.627926
0.615057
0.604178
0.596003
0.591213
0.590348
0.593689
0.601102
0.611964
0.625288
0.639848
0.654365
0.667751
0.679095
0.687729
0.693251
0.69549
0.694503
0.690466
0.683673
0.674591
0.663731
0.651733
0.639291
0.627194
0.616264
0.607377
0.601356
0.598965
0.60077
0.607085
0.617804
0.632411
0.649828
0.668675
0.687412
0.704415
0.718247
0.727766
0.732159
0.731031
0.724311
0.712345
0.695882
0.676009
0.65417
0.63205
0.611454
0.594099
0.58134
0.573953
0.572027
0.574973
0.581734
0.590917
0.601105
0.610949
0.619341
0.625435
0.628633
0.628681
0.625697
0.62006
0.612482
0.603928
0.595679
0.589198
0.585962
0.587177
0.593446
0.604579
0.619617
0.637087
0.655263
0.672417
0.68716
0.698479
0.705776
0.708912
0.708079
0.703863
0.69704
0.688562
0.679373
0.670327
0.662087
0.655138
0.649644
0.645565
0.642614
0.640291
0.638061
0.635423
0.632174
0.628468
0.624775
0.621836
0.620419
0.621058
0.623938
0.628792
0.634939
0.641487
0.647527
0.652338
0.655485
0.656849
0.656586
0.654991
0.652446
0.649286
0.64573
0.641925
0.638053
0.634328
0.631067
0.628728
0.627793
0.62875
0.632103
0.638213
0.647118
0.658294
0.670617
0.682468
0.692101
0.697921
0.698834
0.694401
0.68487
0.671081
0.654378
0.636458
0.619066
0.603785
0.591945
0.584456
0.581765
0.583879
0.590386
0.600359
0.61244
0.625006
0.636348
0.644914
0.649508
0.649475
0.644867
0.636488
0.625854
0.615047
0.606352
0.601873
0.603096
0.610542
0.623729
0.641289
0.66128
0.681555
0.700131
0.71537
0.726142
0.731761
0.731941
0.726789
0.716776
0.702762
0.685966
0.667966
0.650504
0.635313
0.62371
0.616363
0.6133
0.61393
0.617435
0.622863
0.629352
0.635981
0.641871
0.64618
0.648156
0.647388
0.64406
0.639028
0.633788
0.629842
0.628064
0.628431
0.630128
0.632043
0.633348
0.633791
0.633836
0.634376
0.636465
0.640944
0.648124
0.657669
0.668521
0.679125
0.687773
0.692909
0.69354
0.68927
0.680291
0.667359
0.651606
0.634437
0.6175
0.602438
0.590711
0.583281
0.580462
0.58196
0.58704
0.594847
0.604648
0.615952
0.628476
0.64205
0.65641
0.671022
0.685053
0.6974
0.706831
0.712218
0.71286
0.70855
0.699583
0.686654
0.670836
0.653337
0.635542
0.618887
0.604726
0.594216
0.588224
0.587231
0.591328
0.600238
0.613324
0.629597
0.647811
0.666519
0.684109
0.699069
0.710149
0.71655
0.718026
0.714978
0.708292
0.699192
0.689053
0.679006
0.669915
0.662163
0.655775
0.650564
0.646237
0.642507
0.639147
0.636015
0.633099
0.630378
0.627797
0.62513
0.622115
0.618451
0.613979
0.608756
0.603101
0.597569
0.592867
0.589684
0.588459
0.589335
0.592175
0.596661
0.602417
0.609079
0.616366
0.624052
0.631879
0.639581
0.64689
0.65348
0.659101
0.663475
0.66616
0.666748
0.664878
0.660267
0.652957
0.643376
0.632552
0.621885
0.613015
0.607445
0.605995
0.608782
0.615416
0.62524
0.637515
0.651443
0.66599
0.67989
0.691798
0.700478
0.705058
0.705179
0.700992
0.69309
0.682465
0.670418
0.658321
0.647568
0.639302
0.634249
0.632516
0.633545
0.636112
0.638682
0.63976
0.638305
0.634082
0.627724
0.620689
0.61482
0.611895
0.613023
0.618439
0.627482
0.63888
0.651157
0.662967
0.673147
0.680794
0.685432
0.687021
0.685896
0.682756
0.678391
0.673475
0.668381
0.663275
0.658165
0.653166
0.64855
0.644564
0.641368
0.638888
0.636859
0.634812
0.632281
0.628828
0.624221
0.618552
0.612203
0.605865
0.600385
0.596677
0.595498
0.597347
0.602493
0.61085
0.622085
0.635689
0.650948
0.666909
0.682477
0.696362
0.707228
0.71379
0.715005
0.710244
0.699426
0.683124
0.662559
0.639634
0.616682
0.596212
0.580337
0.570383
0.566778
0.569084
0.576339
0.587488
0.601571
0.617831
0.635685
0.654536
0.673585
0.691825
0.708173
0.721525
0.730991
0.735975
0.736247
0.731964
0.723654
0.712034
0.69782
0.681739
0.664521
0.646868
0.629619
0.613688
0.600017
0.589483
0.582637
0.579633
0.579977
0.582784
0.587092
0.59215
0.597648
0.603709
0.610616
0.61863
0.627705
0.637395
0.646938
0.655417
0.661969
0.665913
0.666954
0.665248
0.661403
0.656345
0.651227
0.647186
0.645156
0.645658
0.64867
0.653665
0.659732
0.665819
0.670894
0.674092
0.674852
0.672918
0.668404
0.66181
0.653834
0.645396
0.637496
0.631157
0.627378
0.626933
0.630032
0.636187
0.64416
0.652394
0.659516
0.664613
0.667466
0.668447
0.668303
0.667918
0.668019
0.668992
0.670778
0.67283
0.674339
0.674399
0.672217
0.667315
0.659637
0.649488
0.637476
0.624517
0.611625
0.599794
0.589915
0.582715
0.578535
0.577422
0.579195
0.583493
0.589894
0.598063
0.607662
0.618299
0.629447
0.640443
0.650568
0.659003
0.665119
0.668488
0.668936
0.666584
0.661704
0.654738
0.646271
0.636916
0.627196
0.617647
0.608789
0.601082
0.595042
0.591286
0.590491
0.59332
0.60029
0.611633
0.62713
0.645933
0.666557
0.687096
0.705596
0.720355
0.730236
0.734811
0.734284
0.72939
0.721157
0.710596
0.698574
0.685894
0.673201
0.661147
0.650418
0.64165
0.635352
0.631758
0.630658
0.631407
0.633002
0.634317
0.634409
0.632742
0.629269
0.624361
0.618717
0.613115
0.608271
0.604727
0.602719
0.602266
0.603113
0.604857
0.60702
0.609208
0.611208
0.613102
0.615216
0.618111
0.622311
0.628198
0.635801
0.644783
0.654529
0.664203
0.672928
0.680013
0.685064
0.52846
0.534258
0.54163
0.550063
0.558886
0.567447
0.575105
0.581268
0.585515
0.58758
0.587361
0.584946
0.580636
0.574839
0.568097
0.561153
0.554804
0.549955
0.547439
0.547962
0.551819
0.55887
0.568519
0.579817
0.591641
0.602927
0.612793
0.620545
0.625517
0.627164
0.62495
0.618491
0.607645
0.592616
0.574056
0.553029
0.530969
0.509537
0.490564
0.475832
0.466903
0.464885
0.470209
0.482561
0.500844
0.523343
0.547977
0.572621
0.59536
0.614653
0.629497
0.639354
0.644044
0.643872
0.639385
0.631392
0.620869
0.608916
0.596658
0.584942
0.574179
0.56426
0.554737
0.545087
0.535076
0.524879
0.515131
0.506698
0.50043
0.496976
0.496654
0.499468
0.505207
0.513471
0.523745
0.535459
0.547878
0.560144
0.571342
0.580596
0.587175
0.590623
0.590852
0.588175
0.583256
0.577116
0.57096
0.565973
0.563126
0.563051
0.565794
0.570811
0.577103
0.583355
0.588285
0.59082
0.590408
0.587019
0.581217
0.573847
0.56589
0.558184
0.551399
0.545918
0.541868
0.539241
0.537954
0.537871
0.53888
0.540833
0.543508
0.546629
0.549919
0.553201
0.556459
0.559875
0.563654
0.567989
0.572912
0.578276
0.583729
0.588808
0.592975
0.595735
0.596743
0.595785
0.592863
0.588162
0.581952
0.574558
0.566302
0.557546
0.548692
0.540156
0.53236
0.525689
0.520391
0.516569
0.514202
0.513204
0.513501
0.515077
0.517988
0.522309
0.527998
0.534787
0.542203
0.549622
0.556448
0.562231
0.566741
0.570007
0.572193
0.573595
0.574446
0.574967
0.575281
0.575472
0.575579
0.575612
0.575548
0.575344
0.575026
0.574618
0.57421
0.573979
0.574089
0.574614
0.575542
0.576752
0.578155
0.579639
0.581168
0.582781
0.584564
0.586567
0.588697
0.590624
0.591775
0.591437
0.58894
0.583867
0.576213
0.566584
0.556023
0.545976
0.537972
0.533231
0.53241
0.535513
0.541933
0.55065
0.560423
0.570015
0.578301
0.584385
0.587641
0.587745
0.584647
0.578568
0.570021
0.559671
0.548316
0.536855
0.526255
0.517297
0.510599
0.506404
0.504655
0.505094
0.507314
0.510877
0.515339
0.520342
0.525577
0.530784
0.535728
0.540162
0.543862
0.546673
0.548575
0.549707
0.550407
0.551121
0.552229
0.554044
0.556711
0.56027
0.564629
0.569713
0.575467
0.581871
0.588913
0.596567
0.604535
0.612286
0.619023
0.623872
0.626068
0.625108
0.621007
0.614297
0.605928
0.597034
0.588709
0.581664
0.576235
0.57233
0.569572
0.567438
0.565369
0.562864
0.55961
0.555602
0.551139
0.546772
0.543275
0.541281
0.541222
0.543114
0.546593
0.551054
0.555762
0.55995
0.562936
0.564228
0.563586
0.561039
0.556876
0.551532
0.545611
0.539824
0.534814
0.531094
0.528984
0.528531
0.529577
0.531734
0.534495
0.537371
0.539994
0.542069
0.543483
0.544295
0.544661
0.544785
0.544842
0.544915
0.544938
0.544782
0.544352
0.543606
0.542708
0.541968
0.541897
0.542992
0.545666
0.55003
0.555933
0.563052
0.570868
0.578937
0.586855
0.594316
0.601087
0.606971
0.611727
0.615037
0.61648
0.615676
0.612431
0.606884
0.599533
0.591163
0.582698
0.574889
0.568256
0.562956
0.558877
0.555709
0.553078
0.550625
0.548024
0.545029
0.541542
0.537611
0.533442
0.529338
0.525585
0.522316
0.519516
0.517014
0.514538
0.511943
0.509424
0.507599
0.507355
0.509714
0.515555
0.525335
0.538891
0.555362
0.573338
0.59119
0.607238
0.620054
0.628548
0.632083
0.630522
0.624314
0.614329
0.601722
0.587818
0.573956
0.561332
0.55089
0.54316
0.538296
0.536184
0.536464
0.538714
0.542474
0.54726
0.552548
0.557903
0.562968
0.567495
0.57135
0.574513
0.577038
0.579051
0.580607
0.581864
0.582903
0.583773
0.584499
0.585126
0.585716
0.586337
0.586993
0.587656
0.588273
0.588706
0.588733
0.588171
0.586935
0.585056
0.582579
0.579519
0.575771
0.571128
0.565407
0.558627
0.551004
0.543099
0.535613
0.52937
0.525143
0.523422
0.524475
0.528227
0.534238
0.541826
0.550125
0.5581
0.564751
0.569266
0.571153
0.570322
0.567078
0.56202
0.555939
0.549612
0.543625
0.538352
0.533947
0.530366
0.527481
0.525232
0.523676
0.523059
0.523789
0.526367
0.531169
0.538268
0.547383
0.55778
0.568453
0.578334
0.586537
0.59245
0.595934
0.597175
0.596648
0.595059
0.593048
0.591108
0.589508
0.588332
0.587464
0.586694
0.585814
0.584629
0.58299
0.58071
0.577635
0.573643
0.568781
0.563204
0.557241
0.551318
0.546
0.541749
0.538865
0.537462
0.537393
0.538308
0.539858
0.541811
0.544045
0.546522
0.549217
0.552054
0.554808
0.557214
0.558937
0.559759
0.559548
0.558268
0.556106
0.553404
0.550568
0.548119
0.546579
0.546438
0.548068
0.55154
0.556605
0.562705
0.569072
0.574837
0.579275
0.581951
0.582767
0.581968
0.579934
0.577219
0.574247
0.571363
0.568687
0.56609
0.56334
0.560166
0.556377
0.552061
0.54756
0.543346
0.539905
0.537668
0.536944
0.537889
0.540574
0.544909
0.55077
0.557862
0.565821
0.574135
0.582188
0.58921
0.594431
0.597173
0.596902
0.593333
0.586465
0.576726
0.564962
0.552438
0.540725
0.531468
0.526117
0.525517
0.529772
0.538255
0.549831
0.563106
0.576648
0.589181
0.599689
0.607459
0.612015
0.613158
0.611034
0.606015
0.598682
0.589781
0.580056
0.570172
0.560686
0.551836
0.543782
0.536718
0.530938
0.526976
0.525468
0.526807
0.530964
0.537381
0.545159
0.553226
0.560589
0.566443
0.570269
0.571823
0.571143
0.568472
0.564241
0.559029
0.553483
0.548182
0.543684
0.540414
0.538671
0.538603
0.54027
0.543653
0.548481
0.554338
0.560745
0.567123
0.572892
0.577581
0.580856
0.582559
0.582762
0.581677
0.579613
0.576895
0.573699
0.570098
0.566172
0.562034
0.557907
0.554239
0.551661
0.550721
0.551815
0.554937
0.559756
0.565664
0.571868
0.577536
0.581933
0.584475
0.584845
0.582993
0.579115
0.573641
0.567127
0.560203
0.55351
0.547656
0.543089
0.54009
0.538772
0.538988
0.54039
0.542546
0.544864
0.546886
0.548372
0.549373
0.550212
0.55145
0.553715
0.557509
0.563091
0.57029
0.578606
0.587261
0.595417
0.602317
0.607297
0.609885
0.609812
0.607028
0.601591
0.593739
0.583972
0.573069
0.562083
0.552151
0.544333
0.539404
0.5377
0.538951
0.542309
0.546682
0.550947
0.554166
0.555783
0.555611
0.55387
0.551008
0.547623
0.544241
0.541236
0.538779
0.536903
0.535582
0.534796
0.534566
0.534969
0.535979
0.537448
0.539079
0.540482
0.541211
0.540807
0.539015
0.535897
0.531988
0.528088
0.5253
0.524769
0.52742
0.533739
0.543625
0.556367
0.570866
0.585683
0.599348
0.610545
0.618214
0.621711
0.620843
0.615998
0.608018
0.598147
0.587692
0.577751
0.568934
0.561336
0.554816
0.549249
0.544695
0.541394
0.539599
0.539568
0.541331
0.544713
0.549324
0.554686
0.560301
0.565723
0.570694
0.575047
0.578586
0.581132
0.582578
0.582962
0.582584
0.581922
0.581415
0.581288
0.581463
0.581662
0.581554
0.580996
0.580055
0.578902
0.577755
0.57676
0.575933
0.575106
0.573991
0.572204
0.569395
0.565211
0.559437
0.552151
0.543723
0.5349
0.526685
0.520128
0.516171
0.515398
0.517806
0.522912
0.529776
0.53731
0.544362
0.549909
0.553157
0.553648
0.55137
0.546769
0.540653
0.534097
0.528335
0.524488
0.523496
0.525913
0.53181
0.540843
0.552235
0.564901
0.577702
0.589504
0.599364
0.606617
0.610875
0.61207
0.610407
0.606374
0.600618
0.593919
0.587095
0.580882
0.575879
0.572316
0.570135
0.568965
0.568317
0.567708
0.566814
0.565456
0.563586
0.561183
0.558186
0.554482
0.550003
0.544705
0.538685
0.532239
0.52586
0.520203
0.516087
0.514341
0.515717
0.520746
0.52967
0.542362
0.558191
0.576053
0.594515
0.611895
0.626567
0.637177
0.642718
0.642773
0.637487
0.627563
0.614176
0.598791
0.58295
0.568005
0.554868
0.543917
0.53509
0.52801
0.522205
0.517236
0.512902
0.509215
0.506303
0.504406
0.503831
0.504829
0.507564
0.512123
0.518413
0.526241
0.535328
0.545366
0.555995
0.566837
0.577489
0.587436
0.596157
0.603182
0.608129
0.610844
0.611233
0.609383
0.605518
0.599868
0.592804
0.584809
0.576464
0.568447
0.561484
0.556193
0.552975
0.551969
0.553052
0.555813
0.559754
0.564196
0.568507
0.572158
0.574632
0.575535
0.574483
0.571203
0.565539
0.557593
0.547732
0.53668
0.525509
0.515494
0.507864
0.503667
0.503399
0.506986
0.513813
0.522882
0.533067
0.543338
0.552821
0.560886
0.567126
0.571318
0.573404
0.573538
0.572117
0.569779
0.56724
0.565158
0.563931
0.563591
0.563814
0.564203
0.564378
0.564217
0.563738
0.563034
0.562223
0.561424
0.560649
0.5599
0.559268
0.558927
0.559156
0.560299
0.562633
0.566363
0.57148
0.577758
0.584851
0.592273
0.599347
0.605222
0.609055
0.610014
0.607478
0.601259
0.591687
0.57955
0.566111
0.552833
0.541286
0.532792
0.528291
0.528204
0.532403
0.540152
0.550293
0.561414
0.572114
0.581169
0.587601
0.590919
0.591088
0.588436
0.583525
0.577019
0.569571
0.561766
0.554018
0.546536
0.53947
0.532892
0.526812
0.521298
0.516559
0.512932
0.510886
0.510855
0.513184
0.517974
0.525018
0.533877
0.543942
0.554567
0.565091
0.574953
0.583662
0.590772
0.595954
0.598949
0.599695
0.598304
0.595103
0.590639
0.585586
0.580645
0.57651
0.573898
0.573391
0.575369
0.579846
0.586492
0.59452
0.602841
0.610238
0.615518
0.617702
0.61618
0.610759
0.601621
0.58926
0.574511
0.558428
0.542186
0.526902
0.513544
0.502859
0.495322
0.491166
0.490352
0.492721
0.49788
0.505385
0.514743
0.525451
0.537047
0.549097
0.561127
0.572639
0.583128
0.592083
0.599025
0.603407
0.604837
0.603107
0.598387
0.591118
0.581984
0.571941
0.562066
0.553381
0.546738
0.542767
0.541707
0.543478
0.547786
0.554159
0.561945
0.572639
0.581984
0.627641
0.631837
0.632527
0.62936
0.622347
0.611842
0.598514
0.583381
0.56768
0.552769
0.539958
0.530323
0.524523
0.522801
0.524854
0.529912
0.536891
0.544593
0.552
0.558466
0.56383
0.568349
0.572466
0.576613
0.581063
0.585895
0.591065
0.596449
0.601823
0.606876
0.611393
0.615181
0.618024
0.61967
0.619924
0.618594
0.615528
0.610742
0.604437
0.596885
0.588399
0.579387
0.570372
0.56198
0.554938
0.549924
0.54739
0.547377
0.549515
0.553151
0.557453
0.561709
0.56543
0.568353
0.570449
0.571803
0.572543
0.572824
0.572848
0.572858
0.573122
0.573965
0.575575
0.578025
0.581256
0.585041
0.588978
0.592649
0.595694
0.597918
0.599275
0.599879
0.599945
0.599616
0.599008
0.598217
0.597328
0.596414
0.595537
0.594636
0.59362
0.592444
0.591071
0.589567
0.588099
0.58686
0.585917
0.585274
0.584831
0.58443
0.583964
0.583339
0.582458
0.581184
0.579462
0.577454
0.575512
0.574128
0.573782
0.574843
0.577512
0.581685
0.587145
0.593446
0.600059
0.606359
0.611686
0.615474
0.617371
0.617189
0.61494
0.610868
0.605418
0.599071
0.59228
0.585376
0.578511
0.571685
0.564783
0.557771
0.550755
0.543994
0.537905
0.532992
0.52969
0.52828
0.528898
0.531517
0.535985
0.542174
0.549958
0.559266
0.569931
0.581639
0.593807
0.605514
0.615654
0.623066
0.626811
0.626364
0.62179
0.61382
0.603646
0.592824
0.58295
0.575318
0.570793
0.569648
0.571702
0.576411
0.582997
0.590561
0.598203
0.605138
0.610775
0.614661
0.616601
0.616641
0.614946
0.611727
0.607169
0.601517
0.59504
0.588107
0.581215
0.574915
0.569692
0.565982
0.563962
0.563607
0.5647
0.56684
0.569607
0.572585
0.575468
0.577995
0.580025
0.581459
0.582171
0.58207
0.581046
0.579046
0.576122
0.572484
0.568516
0.564726
0.561721
0.559977
0.55981
0.561357
0.564513
0.568977
0.5743
0.579946
0.585263
0.589648
0.59264
0.594006
0.593715
0.59206
0.589526
0.586737
0.58424
0.582477
0.581576
0.581462
0.58188
0.582407
0.582573
0.581993
0.580419
0.577797
0.574244
0.570011
0.565385
0.560628
0.556098
0.552298
0.54978
0.549111
0.550851
0.555362
0.562753
0.572785
0.584866
0.598078
0.611259
0.623223
0.632854
0.63919
0.641517
0.639502
0.633216
0.623127
0.610139
0.595492
0.580581
0.566844
0.555647
0.548122
0.544937
0.546184
0.551339
0.559336
0.568785
0.578199
0.586286
0.592193
0.595477
0.596235
0.594965
0.592345
0.589103
0.585847
0.582979
0.580826
0.579732
0.579973
0.58176
0.585033
0.589476
0.594546
0.599613
0.603941
0.606953
0.608184
0.607353
0.604419
0.599491
0.592852
0.584979
0.576525
0.568278
0.561235
0.556479
0.554991
0.557425
0.563924
0.573971
0.58635
0.599318
0.610969
0.619649
0.624278
0.624477
0.620575
0.61343
0.604189
0.594022
0.583915
0.574586
0.566474
0.55993
0.555264
0.552835
0.553009
0.556034
0.561937
0.57037
0.580594
0.591561
0.601952
0.610396
0.615743
0.617181
0.614442
0.607881
0.598404
0.587366
0.576291
0.566564
0.559262
0.555047
0.554038
0.556056
0.560626
0.567136
0.574891
0.583119
0.59093
0.597461
0.60196
0.603805
0.602579
0.598228
0.591018
0.58155
0.570693
0.559506
0.549155
0.540642
0.534832
0.532267
0.53317
0.537403
0.544383
0.553206
0.562768
0.571906
0.579567
0.585041
0.588041
0.588654
0.587311
0.58459
0.581128
0.577537
0.574228
0.571512
0.569583
0.568508
0.568293
0.568831
0.569922
0.571336
0.572833
0.57423
0.575539
0.57689
0.578495
0.580508
0.582915
0.585564
0.58818
0.590433
0.592078
0.592868
0.592608
0.591188
0.588627
0.585083
0.580934
0.576767
0.57318
0.570765
0.5699
0.570737
0.573188
0.576941
0.581646
0.587017
0.592851
0.59901
0.605352
0.611603
0.617294
0.621696
0.62403
0.623544
0.619661
0.612207
0.601506
0.58838
0.574141
0.560406
0.548913
0.541239
0.538594
0.541564
0.549969
0.56281
0.57842
0.594807
0.609954
0.622175
0.630358
0.634142
0.633783
0.630219
0.62474
0.618654
0.613042
0.6086
0.605611
0.604016
0.603468
0.603437
0.603378
0.602747
0.601108
0.598168
0.593839
0.588227
0.581597
0.574366
0.566944
0.559795
0.553304
0.547617
0.542721
0.538396
0.534249
0.529819
0.524778
0.519063
0.512881
0.506827
0.501797
0.498829
0.498953
0.50304
0.511625
0.52474
0.5419
0.562231
0.584534
0.6074
0.629337
0.648776
0.664312
0.674849
0.679732
0.67879
0.672289
0.661022
0.646163
0.629053
0.611111
0.593707
0.578085
0.56518
0.555603
0.549463
0.546399
0.545643
0.546166
0.546933
0.547215
0.546776
0.545941
0.545501
0.546503
0.549816
0.555964
0.564846
0.575834
0.58787
0.599736
0.61027
0.618501
0.623783
0.625885
0.62495
0.621522
0.616526
0.611241
0.606975
0.604815
0.605455
0.608901
0.614456
0.620955
0.626948
0.631077
0.632297
0.630069
0.624409
0.615675
0.604442
0.591383
0.577158
0.562436
0.547895
0.534296
0.522399
0.513086
0.507143
0.505208
0.507576
0.514189
0.524569
0.537823
0.552751
0.567963
0.582096
0.593946
0.602607
0.607633
0.609056
0.607433
0.603714
0.599136
0.594947
0.592172
0.591399
0.592725
0.595773
0.59996
0.604742
0.609672
0.614534
0.619192
0.623519
0.627255
0.629815
0.630425
0.628242
0.622647
0.613346
0.60056
0.585021
0.567918
0.550867
0.535801
0.52462
0.518719
0.518494
0.523129
0.531083
0.540604
0.550275
0.559147
0.566789
0.573119
0.578249
0.58239
0.585767
0.588566
0.590885
0.592793
0.59428
0.595308
0.595784
0.595679
0.595119
0.594291
0.593451
0.592818
0.592557
0.59278
0.59352
0.594789
0.59647
0.598348
0.600124
0.601378
0.601785
0.601133
0.599337
0.596527
0.593023
0.589249
0.585581
0.582389
0.579903
0.578192
0.577163
0.576628
0.576276
0.575797
0.574925
0.573542
0.571705
0.569734
0.568208
0.567862
0.569387
0.573282
0.579692
0.588265
0.59821
0.608408
0.617542
0.624284
0.627454
0.626223
0.620212
0.609609
0.595195
0.578389
0.560986
0.544947
0.532092
0.523899
0.521344
0.52481
0.534002
0.54793
0.564903
0.582818
0.599467
0.613026
0.622267
0.626693
0.626449
0.622189
0.614953
0.606155
0.597441
0.590362
0.585992
0.58469
0.586112
0.589333
0.593175
0.596488
0.598458
0.598608
0.596903
0.593624
0.589268
0.584558
0.58013
0.576656
0.574666
0.574486
0.576263
0.579922
0.585149
0.59146
0.598197
0.604615
0.60994
0.613492
0.614776
0.613486
0.609569
0.603192
0.594736
0.584696
0.573784
0.562751
0.55245
0.54372
0.537416
0.534224
0.534507
0.538268
0.545062
0.554097
0.564371
0.57485
0.584634
0.592934
0.599185
0.603001
0.604291
0.603275
0.600405
0.596307
0.591579
0.586578
0.581484
0.576285
0.570896
0.565306
0.559676
0.554374
0.550016
0.547313
0.546945
0.549345
0.554459
0.561768
0.570303
0.57896
0.586751
0.59312
0.597985
0.601633
0.604329
0.606138
0.606987
0.606801
0.605702
0.604099
0.602535
0.601426
0.601016
0.601239
0.601749
0.601989
0.601316
0.59916
0.595186
0.58952
0.582825
0.576231
0.571101
0.568495
0.568917
0.572167
0.577517
0.584046
0.59091
0.597477
0.603281
0.607955
0.6112
0.612692
0.612213
0.609673
0.605194
0.599065
0.591789
0.583952
0.57616
0.569027
0.562961
0.558175
0.554617
0.552058
0.550164
0.548709
0.547621
0.547109
0.547581
0.549441
0.553009
0.558405
0.565564
0.574158
0.583689
0.593501
0.602725
0.610456
0.615817
0.618133
0.617108
0.612951
0.6064
0.598611
0.590796
0.584017
0.579001
0.576083
0.575249
0.576209
0.578539
0.581786
0.585611
0.589832
0.594292
0.598845
0.603267
0.607224
0.610313
0.612133
0.612334
0.610734
0.607365
0.602353
0.595981
0.588502
0.580134
0.571086
0.561515
0.551674
0.541982
0.533262
0.52665
0.52352
0.525204
0.532631
0.545873
0.564005
0.58522
0.607271
0.627889
0.645116
0.657594
0.664592
0.665853
0.66162
0.6526
0.63979
0.62435
0.60753
0.590548
0.574582
0.560693
0.549852
0.542816
0.540079
0.541742
0.547421
0.556254
0.56695
0.577948
0.587655
0.5948
0.598569
0.598654
0.595264
0.588955
0.580437
0.570359
0.559255
0.547659
0.536158
0.525628
0.517145
0.511901
0.510942
0.514807
0.523367
0.535959
0.551591
0.569114
0.587412
0.605386
0.621935
0.636022
0.646755
0.6535
0.655972
0.65431
0.648929
0.640536
0.629958
0.618061
0.605611
0.593326
0.581714
0.57123
0.562165
0.55475
0.549079
0.545212
0.543223
0.543192
0.545228
0.549364
0.555489
0.563272
0.572162
0.581441
0.590361
0.598231
0.604493
0.608864
0.611312
0.612063
0.611528
0.610067
0.607843
0.604798
0.600626
0.594948
0.587469
0.578101
0.567109
0.55498
0.542494
0.530712
0.520812
0.513857
0.510642
0.511679
0.517099
0.526638
0.539759
0.555662
0.573324
0.591558
0.609188
0.624958
0.637771
0.646834
0.651683
0.652153
0.648517
0.641325
0.631321
0.619273
0.605973
0.592238
0.578884
0.56671
0.556529
0.549085
0.544958
0.544563
0.547953
0.554943
0.564989
0.577242
0.590579
0.603741
0.61551
0.624803
0.63078
0.632933
0.63107
0.625274
0.61585
0.603322
0.588462
0.572213
0.555833
0.540701
0.52826
0.519725
0.515919
0.517238
0.523596
0.534447
0.548844
0.56556
0.583154
0.600157
0.615201
0.627223
0.635566
0.640005
0.640689
0.638099
0.632983
0.626165
0.618474
0.610552
0.602864
0.595573
0.588615
0.581736
0.574613
0.566931
0.558569
0.549698
0.540915
0.533182
0.527807
0.526028
0.528629
0.535695
0.546518
0.559765
0.573696
0.586542
0.596673
0.602846
0.604363
0.601132
0.593698
0.58328
0.571616
0.5607
0.552422
0.548253
0.548942
0.55455
0.564546
0.578
0.59373
0.610532
0.627209
0.642532
0.655255
0.664266
0.668563
0.667509
0.660901
0.649059
0.632787
0.613409
0.592449
0.571578
0.552225
0.535529
0.522291
0.679573
0.667449
0.655973
0.645822
0.63758
0.631631
0.628139
0.626902
0.627603
0.630024
0.634047
0.6398
0.647404
0.656761
0.66733
0.678178
0.688122
0.695905
0.700572
0.701647
0.699139
0.693655
0.686219
0.678067
0.670492
0.664582
0.660991
0.659802
0.660577
0.662602
0.665081
0.667532
0.669809
0.672126
0.674929
0.678586
0.683169
0.688321
0.693398
0.697589
0.700114
0.700346
0.697897
0.692591
0.684517
0.674024
0.661789
0.648801
0.636243
0.625501
0.617978
0.614803
0.616555
0.62299
0.633159
0.645641
0.658895
0.671641
0.683015
0.692562
0.700215
0.706081
0.710313
0.713007
0.714158
0.713815
0.712137
0.709404
0.706143
0.702959
0.700445
0.698951
0.698592
0.699211
0.700358
0.701426
0.701804
0.70094
0.69835
0.693713
0.686923
0.678055
0.667384
0.655422
0.642874
0.630486
0.619037
0.609305
0.601877
0.597468
0.596816
0.600471
0.608484
0.620156
0.63406
0.648432
0.661649
0.672431
0.680033
0.684155
0.684876
0.68261
0.678005
0.671903
0.665297
0.659184
0.654433
0.651764
0.651724
0.654679
0.660753
0.669892
0.681673
0.695358
0.70976
0.723235
0.733815
0.739503
0.738603
0.730231
0.714555
0.693004
0.668096
0.643099
0.621397
0.605876
0.598215
0.598584
0.60581
0.617712
0.631716
0.645271
0.656332
0.66365
0.666841
0.666416
0.663722
0.660527
0.658713
0.659787
0.664545
0.672805
0.683573
0.695335
0.706467
0.715603
0.721868
0.724805
0.724401
0.720959
0.714949
0.706944
0.697556
0.687248
0.676483
0.665637
0.655117
0.645404
0.637083
0.630726
0.626743
0.62522
0.625831
0.628017
0.631254
0.635153
0.63954
0.644405
0.649783
0.655632
0.661748
0.66771
0.673057
0.677469
0.680798
0.683176
0.684726
0.685574
0.685703
0.684967
0.683132
0.679988
0.675538
0.670083
0.664169
0.658546
0.654058
0.651542
0.65156
0.654394
0.660024
0.668024
0.677637
0.687915
0.69786
0.706614
0.713562
0.71831
0.720631
0.720426
0.717614
0.712267
0.704571
0.694845
0.68353
0.671389
0.659468
0.649054
0.641464
0.637772
0.638447
0.643296
0.651386
0.66138
0.671885
0.681625
0.689564
0.694956
0.697238
0.696132
0.691749
0.684645
0.675929
0.66712
0.659983
0.656174
0.656744
0.661862
0.670728
0.681648
0.692585
0.701615
0.707364
0.709163
0.707113
0.701962
0.694758
0.686501
0.677879
0.669196
0.660413
0.651385
0.642051
0.632587
0.623532
0.615689
0.609938
0.607058
0.607569
0.611499
0.618476
0.627874
0.638926
0.650849
0.663023
0.675
0.686482
0.697267
0.707246
0.716357
0.724434
0.731222
0.736307
0.739144
0.739117
0.735702
0.728499
0.717267
0.702151
0.683681
0.662893
0.641379
0.621316
0.605175
0.595278
0.593273
0.599787
0.614252
0.635001
0.659736
0.685844
0.710791
0.732308
0.748642
0.758659
0.761912
0.758693
0.749885
0.736999
0.721944
0.706912
0.693687
0.683201
0.675444
0.669588
0.664648
0.659886
0.654999
0.650022
0.645162
0.640701
0.636757
0.633315
0.630303
0.627724
0.625581
0.623941
0.622794
0.622022
0.621291
0.620336
0.619172
0.61828
0.618586
0.621249
0.627299
0.637334
0.651309
0.668489
0.687556
0.706795
0.724433
0.738882
0.748886
0.753765
0.753427
0.748327
0.739359
0.727676
0.714398
0.700481
0.686622
0.673303
0.660899
0.649821
0.640477
0.633307
0.628669
0.626774
0.627635
0.63119
0.637314
0.645851
0.656648
0.669429
0.683591
0.698182
0.712028
0.724014
0.733187
0.739061
0.741539
0.740746
0.736922
0.7303
0.721016
0.70928
0.695481
0.680277
0.664473
0.649041
0.635045
0.623413
0.614795
0.609484
0.607368
0.608108
0.611203
0.6162
0.622656
0.6302
0.638411
0.646816
0.654859
0.661986
0.667816
0.672166
0.675255
0.677535
0.679516
0.681665
0.684222
0.687075
0.689883
0.692162
0.693384
0.693046
0.690852
0.686694
0.680673
0.673115
0.664541
0.655409
0.646173
0.637287
0.629235
0.622672
0.618357
0.61702
0.619157
0.624855
0.633804
0.645453
0.659142
0.674287
0.690206
0.706116
0.721174
0.734358
0.744615
0.75087
0.752138
0.74787
0.738126
0.723761
0.706447
0.688462
0.672206
0.659695
0.652118
0.649633
0.651547
0.656593
0.663234
0.670127
0.676191
0.68058
0.682791
0.682552
0.67983
0.674937
0.668606
0.661894
0.656083
0.652373
0.651601
0.653821
0.658466
0.664493
0.670699
0.676064
0.680086
0.682686
0.684184
0.685066
0.685813
0.686682
0.687638
0.688367
0.688424
0.687342
0.684886
0.681111
0.676346
0.671174
0.666282
0.662364
0.660112
0.66007
0.662588
0.667631
0.67453
0.682015
0.688383
0.691894
0.691285
0.686106
0.67695
0.665297
0.653206
0.642733
0.635497
0.632269
0.632987
0.636779
0.642379
0.648483
0.653931
0.65788
0.659902
0.659901
0.658106
0.654978
0.651251
0.647778
0.645473
0.645033
0.646958
0.651328
0.657898
0.666233
0.675846
0.686371
0.69757
0.709281
0.721348
0.733387
0.744841
0.75494
0.762682
0.766997
0.766989
0.762053
0.751996
0.737156
0.718443
0.697182
0.675089
0.654029
0.635735
0.62144
0.61167
0.606136
0.603854
0.603476
0.603668
0.603423
0.60232
0.600552
0.598884
0.598398
0.600277
0.605461
0.614356
0.626719
0.641707
0.658008
0.674148
0.688763
0.700826
0.709801
0.715618
0.718542
0.719085
0.717753
0.715004
0.711148
0.706477
0.701214
0.695461
0.689245
0.682672
0.675753
0.668581
0.661357
0.654235
0.647416
0.641077
0.635497
0.630933
0.627746
0.626305
0.626971
0.630044
0.635689
0.643874
0.65432
0.666419
0.679302
0.691913
0.703218
0.712293
0.718479
0.721471
0.721195
0.717886
0.711917
0.703812
0.694187
0.683762
0.673349
0.663817
0.655962
0.650367
0.647352
0.646824
0.648408
0.651658
0.656324
0.662402
0.670053
0.679121
0.688866
0.697821
0.704307
0.706944
0.704998
0.698504
0.688317
0.676004
0.663618
0.65335
0.646832
0.6448
0.646937
0.652118
0.65897
0.666235
0.672932
0.678286
0.681826
0.683378
0.683061
0.681331
0.67879
0.676072
0.67375
0.672199
0.671518
0.671564
0.672155
0.672922
0.67359
0.673843
0.673433
0.672209
0.670209
0.667654
0.664854
0.662088
0.659519
0.657282
0.655468
0.654229
0.65383
0.654533
0.65649
0.659724
0.663948
0.668657
0.673251
0.677154
0.679969
0.681678
0.682544
0.683117
0.683892
0.685327
0.687668
0.690993
0.695198
0.699948
0.70478
0.709168
0.712701
0.715149
0.716532
0.71699
0.716601
0.715248
0.712687
0.708562
0.702606
0.694661
0.684601
0.672291
0.65772
0.641084
0.622934
0.60425
0.586431
0.571088
0.559878
0.554084
0.554523
0.561341
0.573992
0.591287
0.611663
0.633276
0.654314
0.673189
0.688616
0.699741
0.706226
0.708226
0.706393
0.701795
0.695772
0.689621
0.68452
0.681367
0.680726
0.682668
0.686943
0.693051
0.700245
0.707542
0.713871
0.718191
0.719682
0.717789
0.71239
0.703796
0.692724
0.680211
0.667517
0.655904
0.646361
0.639397
0.635153
0.633408
0.633795
0.635991
0.639791
0.645004
0.651417
0.658835
0.667037
0.675805
0.684842
0.693875
0.702448
0.709972
0.715853
0.719653
0.721204
0.720604
0.718156
0.714337
0.709669
0.704516
0.699033
0.693266
0.687119
0.680478
0.673279
0.66548
0.657227
0.648736
0.640234
0.631954
0.624075
0.616696
0.609785
0.60335
0.597571
0.592819
0.589632
0.588647
0.590596
0.596144
0.605744
0.619433
0.63673
0.656642
0.677773
0.698546
0.717326
0.732679
0.74344
0.748807
0.748484
0.742851
0.733007
0.720713
0.708197
0.6978
0.691302
0.689604
0.692567
0.699143
0.707786
0.716753
0.724445
0.729449
0.730608
0.727138
0.718659
0.705411
0.688326
0.669023
0.649624
0.632412
0.619478
0.612265
0.611306
0.616105
0.625292
0.636952
0.64905
0.65977
0.667807
0.672597
0.674161
0.673118
0.670443
0.66718
0.664309
0.66244
0.66172
0.661756
0.661917
0.661651
0.660722
0.659275
0.657732
0.656634
0.656399
0.657177
0.658902
0.661431
0.664674
0.668558
0.673067
0.678102
0.683406
0.688472
0.692635
0.695334
0.696388
0.695943
0.694457
0.692345
0.689857
0.687121
0.684321
0.681836
0.679886
0.678389
0.677068
0.675515
0.673514
0.671102
0.668523
0.666096
0.664077
0.662616
0.661809
0.66189
0.663149
0.665879
0.670211
0.675998
0.682772
0.689753
0.696007
0.700519
0.702432
0.701181
0.696697
0.689315
0.679741
0.669024
0.658336
0.648848
0.641574
0.637155
0.635855
0.637518
0.641725
0.647881
0.655337
0.663475
0.671648
0.679317
0.68598
0.691222
0.694871
0.696978
0.697905
0.698234
0.698756
0.700138
0.702747
0.706379
0.710201
0.712995
0.713492
0.710762
0.70451
0.695182
0.68376
0.671481
0.65973
0.649635
0.641951
0.637077
0.634997
0.63545
0.638055
0.642303
0.647579
0.653298
0.658905
0.663904
0.667858
0.670446
0.671537
0.671316
0.67016
0.668681
0.667556
0.667372
0.668485
0.670901
0.674167
0.677411
0.679618
0.679966
0.678002
0.673851
0.668091
0.661634
0.6554
0.650127
0.6463
0.644028
0.643092
0.643078
0.643674
0.644787
0.646644
0.649639
0.654154
0.660292
0.667667
0.675518
0.683021
0.689502
0.694665
0.698661
0.701913
0.704858
0.707878
0.711087
0.71427
0.716987
0.718563
0.718303
0.715669
0.710454
0.702876
0.693596
0.683567
0.673935
0.665715
0.659567
0.655754
0.654173
0.654557
0.656693
0.660444
0.665614
0.67183
0.678477
0.684779
0.690026
0.693662
0.695491
0.695633
0.694228
0.69144
0.687289
0.681744
0.6748
0.666694
0.657964
0.649276
0.641239
0.634313
0.628681
0.624292
0.62101
0.618727
0.617457
0.617373
0.618694
0.621588
0.626188
0.632534
0.640574
0.6502
0.661261
0.673452
0.686293
0.699051
0.710762
0.720354
0.72679
0.72923
0.72734
0.721184
0.711266
0.698516
0.684181
0.669668
0.656338
0.645377
0.637609
0.63356
0.633327
0.636661
0.642983
0.651456
0.661055
0.670695
0.67935
0.686157
0.690383
0.523568
0.526851
0.530512
0.534057
0.537217
0.539978
0.542529
0.545243
0.548595
0.553128
0.559467
0.5682
0.579732
0.594119
0.610827
0.628769
0.646409
0.661893
0.673456
0.679633
0.679626
0.673534
0.662387
0.647884
0.632189
0.617195
0.604344
0.594305
0.587072
0.582185
0.57903
0.577012
0.575603
0.574432
0.573212
0.571773
0.570091
0.568306
0.566725
0.565662
0.565466
0.566359
0.568363
0.571264
0.574613
0.57782
0.580314
0.581691
0.581746
0.580519
0.57827
0.57546
0.572639
0.570383
0.569204
0.569431
0.571175
0.574431
0.57916
0.585297
0.5927
0.601112
0.610059
0.618898
0.626885
0.633332
0.637618
0.639247
0.63791
0.633481
0.626026
0.615767
0.603149
0.58884
0.573716
0.558826
0.545286
0.534133
0.526199
0.521944
0.521467
0.524542
0.530666
0.539203
0.54947
0.560771
0.57241
0.583657
0.59379
0.602121
0.608062
0.611311
0.611895
0.61014
0.606704
0.602484
0.598495
0.595734
0.59494
0.59644
0.600034
0.605032
0.610446
0.615208
0.618403
0.619314
0.617461
0.612621
0.60481
0.594253
0.58154
0.56758
0.553699
0.541405
0.532114
0.526769
0.525576
0.527999
0.533102
0.540003
0.548123
0.5572
0.56716
0.57777
0.588621
0.599077
0.608425
0.616036
0.621401
0.624225
0.6245
0.622469
0.618658
0.613925
0.609161
0.605093
0.601948
0.599312
0.596384
0.592314
0.586571
0.579212
0.570691
0.561945
0.554041
0.547921
0.544251
0.543267
0.54485
0.548634
0.55406
0.560456
0.567025
0.572991
0.577694
0.58081
0.58243
0.583133
0.583888
0.585651
0.588991
0.593746
0.599198
0.60437
0.608505
0.611229
0.612486
0.612423
0.611304
0.609326
0.60666
0.60336
0.599465
0.594964
0.58994
0.584509
0.578789
0.572884
0.567002
0.561519
0.557042
0.554383
0.554429
0.557837
0.564829
0.574984
0.587422
0.600898
0.614052
0.625505
0.633932
0.638258
0.637785
0.632232
0.621822
0.60731
0.589908
0.571165
0.5529
0.53696
0.524985
0.518176
0.517168
0.521837
0.531419
0.544583
0.559638
0.574799
0.588481
0.599514
0.607311
0.611798
0.613302
0.612447
0.609925
0.606295
0.602044
0.597538
0.59304
0.588747
0.584897
0.581713
0.57934
0.577839
0.577196
0.577297
0.577957
0.579053
0.580457
0.582022
0.583489
0.584624
0.585262
0.585299
0.58474
0.583633
0.582054
0.580173
0.578228
0.576564
0.57552
0.575439
0.576633
0.579333
0.583529
0.589049
0.595589
0.602835
0.610372
0.617827
0.624872
0.631121
0.63614
0.639452
0.640537
0.638883
0.634179
0.626249
0.615201
0.601436
0.585615
0.568632
0.551426
0.534994
0.520351
0.508451
0.500054
0.495733
0.495892
0.500668
0.509939
0.523323
0.539959
0.558654
0.577815
0.595636
0.61036
0.620539
0.625119
0.623682
0.616443
0.604163
0.588204
0.570324
0.5525
0.536625
0.52428
0.516568
0.514054
0.516719
0.524079
0.535397
0.549686
0.565933
0.583167
0.600532
0.617292
0.632808
0.646478
0.657798
0.666263
0.671388
0.672787
0.670259
0.663839
0.653863
0.64094
0.625896
0.609678
0.593301
0.577765
0.563906
0.552335
0.543433
0.537364
0.534131
0.533604
0.535481
0.539332
0.544641
0.550831
0.557291
0.563421
0.568684
0.572641
0.575021
0.575766
0.575151
0.573697
0.572191
0.571504
0.572514
0.575826
0.581626
0.58955
0.598721
0.607862
0.615618
0.620852
0.622808
0.621384
0.617024
0.610613
0.603274
0.596041
0.589597
0.584192
0.579712
0.575839
0.572226
0.56865
0.565036
0.561498
0.558166
0.555162
0.552661
0.550833
0.549923
0.550234
0.552022
0.555398
0.560289
0.566462
0.573578
0.581297
0.589356
0.597654
0.606134
0.614766
0.623346
0.631507
0.638688
0.644146
0.647205
0.647344
0.644416
0.638606
0.630375
0.62042
0.609559
0.598529
0.587887
0.578013
0.569154
0.561471
0.555099
0.550135
0.546684
0.544805
0.544432
0.545453
0.547677
0.550878
0.554785
0.559045
0.563165
0.566578
0.568751
0.569158
0.567615
0.564392
0.56022
0.556255
0.553919
0.554471
0.558586
0.566161
0.576348
0.587801
0.599105
0.609017
0.616718
0.621754
0.624091
0.623987
0.621923
0.618502
0.614363
0.610102
0.606164
0.602751
0.599864
0.597314
0.594763
0.591899
0.588402
0.584174
0.579213
0.573612
0.56752
0.561271
0.555367
0.550493
0.547486
0.547212
0.550197
0.556624
0.566217
0.578253
0.591625
0.604957
0.616831
0.626006
0.631517
0.632815
0.629778
0.622729
0.612396
0.599917
0.586737
0.574389
0.564406
0.557977
0.555743
0.557772
0.563557
0.572115
0.582285
0.592897
0.602896
0.611414
0.617821
0.621647
0.622549
0.620309
0.614879
0.606462
0.595469
0.582572
0.568514
0.554231
0.540699
0.52886
0.519532
0.513302
0.51036
0.510576
0.513467
0.518407
0.524725
0.531924
0.539711
0.54802
0.556929
0.566501
0.576782
0.587636
0.598784
0.60972
0.619757
0.628157
0.634153
0.637057
0.636441
0.632172
0.624409
0.613689
0.600864
0.586991
0.573394
0.561459
0.552472
0.54736
0.546494
0.549698
0.556289
0.565241
0.575391
0.585666
0.595215
0.60344
0.609907
0.614345
0.616568
0.61649
0.614156
0.609791
0.603889
0.59721
0.590593
0.584826
0.58053
0.577979
0.577223
0.578106
0.580378
0.583695
0.587672
0.591795
0.595485
0.598091
0.599027
0.597732
0.593854
0.587272
0.578293
0.567664
0.556652
0.546906
0.540155
0.537843
0.540449
0.547397
0.557336
0.568557
0.5795
0.588943
0.596147
0.600749
0.602803
0.602667
0.600953
0.598363
0.595514
0.592811
0.590405
0.588249
0.586228
0.584282
0.582462
0.580847
0.579537
0.578498
0.577611
0.576612
0.57523
0.573239
0.570488
0.567043
0.563257
0.559603
0.556711
0.555241
0.555764
0.558609
0.563816
0.571162
0.580099
0.58989
0.599672
0.608455
0.61538
0.619793
0.621434
0.620534
0.617676
0.613672
0.609397
0.605622
0.602836
0.601143
0.600319
0.599961
0.59946
0.598301
0.596063
0.592544
0.587721
0.581748
0.574901
0.567596
0.560365
0.553841
0.548708
0.545605
0.545022
0.547164
0.551946
0.558979
0.567643
0.577155
0.586708
0.59555
0.603056
0.608791
0.61245
0.613867
0.612936
0.609647
0.604173
0.596836
0.588093
0.57856
0.56899
0.560201
0.552918
0.54768
0.544784
0.54419
0.545649
0.548776
0.553071
0.558053
0.563462
0.569179
0.575241
0.581738
0.588684
0.595909
0.603046
0.609634
0.615199
0.619365
0.62191
0.622717
0.621834
0.619425
0.615816
0.611418
0.606719
0.602193
0.598206
0.595006
0.592716
0.591324
0.590711
0.590711
0.591126
0.591714
0.592296
0.592682
0.592728
0.592338
0.591434
0.589946
0.587889
0.585308
0.582372
0.579391
0.576814
0.575108
0.574719
0.575931
0.578773
0.582939
0.587848
0.592749
0.596925
0.599822
0.601048
0.600402
0.597869
0.593648
0.588021
0.581447
0.574473
0.56769
0.561614
0.556531
0.552494
0.549297
0.546596
0.544045
0.54139
0.538607
0.536015
0.534247
0.534169
0.536653
0.542301
0.551277
0.563143
0.576902
0.591141
0.6043
0.614938
0.621897
0.624483
0.622458
0.61613
0.606302
0.59426
0.581567
0.569915
0.560865
0.555569
0.554584
0.557903
0.564977
0.574937
0.586825
0.599531
0.612042
0.62339
0.632806
0.639681
0.643664
0.644697
0.64295
0.638772
0.632656
0.625125
0.616545
0.607167
0.597097
0.586451
0.575401
0.56432
0.553756
0.544308
0.53654
0.530812
0.527234
0.525679
0.525885
0.527605
0.530668
0.535064
0.540886
0.548213
0.556889
0.566489
0.576337
0.585537
0.593232
0.598754
0.601835
0.602728
0.60214
0.60103
0.600362
0.600639
0.601614
0.602541
0.602592
0.601275
0.598667
0.595343
0.592134
0.589842
0.588973
0.589743
0.591856
0.594631
0.59718
0.598496
0.59766
0.593904
0.586899
0.576774
0.564234
0.550593
0.537512
0.526716
0.519639
0.517234
0.519847
0.527296
0.538997
0.554068
0.571433
0.589853
0.608045
0.624782
0.638961
0.649673
0.656218
0.658256
0.655822
0.649338
0.639656
0.627932
0.615554
0.603822
0.593724
0.585761
0.579852
0.575454
0.571802
0.568176
0.564104
0.559504
0.554671
0.550195
0.546734
0.54484
0.544796
0.546681
0.55048
0.556084
0.563399
0.572253
0.582286
0.592916
0.603358
0.61273
0.620058
0.624479
0.625423
0.622676
0.616561
0.607847
0.597639
0.587161
0.577577
0.569717
0.564181
0.561222
0.560793
0.562572
0.566025
0.57047
0.575219
0.579696
0.583508
0.586462
0.588424
0.589283
0.589009
0.587627
0.585322
0.582523
0.579837
0.577851
0.576873
0.576983
0.578014
0.579739
0.582034
0.584888
0.588315
0.592191
0.596158
0.599691
0.60221
0.603183
0.602251
0.59931
0.594598
0.588584
0.581919
0.575355
0.569575
0.565187
0.562543
0.561772
0.562725
0.564976
0.567985
0.57118
0.574084
0.57645
0.578257
0.579748
0.581379
0.583625
0.586882
0.591322
0.596799
0.602877
0.608876
0.614009
0.617478
0.618699
0.617272
0.613172
0.606835
0.599097
0.590968
0.583482
0.577471
0.573429
0.571461
0.571319
0.572463
0.57426
0.576165
0.577764
0.578822
0.579259
0.579144
0.578624
0.577831
0.576902
0.575964
0.575145
0.574544
0.574163
0.574028
0.574101
0.574312
0.574685
0.575227
0.575964
0.576863
0.577724
0.578262
0.578243
0.577706
0.576961
0.576484
0.576823
0.578405
0.58143
0.585845
0.591322
0.597284
0.603071
0.608038
0.611702
0.613763
0.614183
0.613176
0.611083
0.608401
0.605667
0.603342
0.60172
0.600829
0.600315
0.599593
0.597978
0.594858
0.589843
0.58291
0.574477
0.565281
0.556252
0.548372
0.542445
0.53898
0.538094
0.539588
0.543147
0.548349
0.554801
0.562254
0.570451
0.579087
0.587816
0.596238
0.603898
0.610408
0.615472
0.618888
0.620503
0.620126
0.617608
0.61285
0.605894
0.59707
0.587009
0.576548
0.566709
0.55853
0.55283
0.550138
0.550569
0.553808
0.559319
0.566488
0.574666
0.583138
0.591152
0.597912
0.602703
0.604983
0.604572
0.601652
0.596725
0.598252
0.591264
0.584223
0.577514
0.57124
0.565294
0.559628
0.554267
0.549447
0.545601
0.543288
0.543071
0.545404
0.550514
0.558328
0.568488
0.580316
0.592979
0.605533
0.617031
0.626661
0.633714
0.637682
0.638363
0.635877
0.630598
0.623185
0.614512
0.605625
0.597607
0.591322
0.587296
0.585671
0.586245
0.588524
0.591839
0.595522
0.598878
0.601167
0.601805
0.600336
0.596465
0.590276
0.582105
0.572572
0.562463
0.552686
0.544182
0.537754
0.533995
0.533315
0.536019
0.542224
0.551944
0.564957
0.580722
0.598335
0.616569
0.633998
0.649234
0.66105
0.668481
0.670964
0.668311
0.660709
0.648728
0.633334
0.615773
0.59747
0.579855
0.564276
0.551815
0.543143
0.538481
0.537662
0.540217
0.545483
0.552662
0.560948
0.569511
0.577604
0.584543
0.589822
0.593191
0.594643
0.594423
0.592927
0.590588
0.587865
0.585052
0.582417
0.580155
0.578425
0.577384
0.57722
0.578031
0.579847
0.58253
0.585811
0.589358
0.59283
0.595939
0.598444
0.600091
0.600733
0.600315
0.598967
0.596927
0.594464
0.591777
0.588994
0.586164
0.583347
0.580815
0.579034
0.578604
0.580105
0.583809
0.589557
0.596692
0.604218
0.611081
0.616176
0.618651
0.618012
0.614186
0.607508
0.598677
0.588693
0.578589
0.56924
0.561315
0.555191
0.550986
0.548663
0.54807
0.549068
0.551516
0.555305
0.560361
0.566528
0.573637
0.581496
0.589862
0.598559
0.607373
0.616158
0.624724
0.632834
0.640098
0.645824
0.649282
0.64983
0.647151
0.64133
0.632981
0.623101
0.612809
0.603208
0.595263
0.58957
0.586303
0.585154
0.585466
0.586376
0.587015
0.586655
0.584895
0.581701
0.577317
0.572282
0.567245
0.562843
0.559609
0.557824
0.557482
0.558372
0.560098
0.562192
0.564213
0.565893
0.567119
0.567899
0.56843
0.568949
0.569765
0.571114
0.57318
0.575974
0.579193
0.582402
0.585078
0.586858
0.5877
0.587873
0.58782
0.587937
0.588432
0.589353
0.590715
0.592571
0.595088
0.598482
0.602919
0.60831
0.614275
0.620319
0.625984
0.630907
0.63494
0.638074
0.640287
0.641513
0.641574
0.640176
0.636952
0.631532
0.623727
0.61364
0.601654
0.588396
0.574683
0.561365
0.549175
0.53865
0.530058
0.523384
0.518515
0.515297
0.513674
0.513745
0.515697
0.519744
0.526066
0.534583
0.544933
0.556436
0.568191
0.579195
0.588507
0.5954
0.599489
0.600832
0.599835
0.597184
0.593738
0.590336
0.587757
0.586555
0.587042
0.589225
0.592859
0.597484
0.602513
0.607223
0.610949
0.613093
0.613254
0.611283
0.607329
0.601899
0.595688
0.589595
0.584566
0.581408
0.580742
0.582876
0.587742
0.594885
0.603535
0.61269
0.621189
0.627942
0.63196
0.632541
0.629344
0.622441
0.612337
0.599922
0.586354
0.572925
0.560876
0.551169
0.544391
0.540754
0.540176
0.542285
0.546536
0.552281
0.558973
0.566059
0.573083
0.579611
0.585299
0.589942
0.593508
0.596213
0.598442
0.600549
0.602804
0.605241
0.607735
0.610118
0.612249
0.614012
0.615313
0.616001
0.61595
0.61495
0.612785
0.609231
0.604212
0.597833
0.590276
0.581774
0.572615
0.563126
0.553729
0.545063
0.537958
0.533292
0.531946
0.534545
0.541195
0.551433
0.564175
0.577883
0.590863
0.601564
0.608807
0.612043
0.61136
0.60748
0.601582
0.595076
0.589308
0.585291
0.583627
0.584336
0.587027
0.590997
0.595428
0.599564
0.602874
0.605104
0.606245
0.606511
0.60625
0.605725
0.605209
0.604724
0.604109
0.6031
0.601394
0.598825
0.595364
0.591238
0.586811
0.582497
0.578652
0.575549
0.573386
0.572264
0.572129
0.572793
0.573902
0.574995
0.575627
0.57544
0.57446
0.573057
0.571966
0.572097
0.574276
0.578927
0.585954
0.594744
0.60427
0.6134
0.621109
0.626656
0.629606
0.629725
0.626992
0.621509
0.613518
0.603463
0.59202
0.580204
0.569213
0.560267
0.554442
0.552505
0.554515
0.559846
0.567234
0.574957
0.581274
0.584797
0.584701
0.580848
0.573726
0.564391
0.554226
0.544738
0.537314
0.53306
0.532707
0.536462
0.544082
0.554889
0.567884
0.581851
0.595571
0.608011
0.618354
0.62619
0.631479
0.634364
0.635139
0.634012
0.63113
0.626604
0.620505
0.613126
0.605073
0.597211
0.590515
0.585872
0.583819
0.584309
0.586842
0.590626
0.594752
0.598442
0.601072
0.602318
0.602155
0.600671
0.598116
0.594695
0.590635
0.586129
0.581397
0.576712
0.572494
0.56924
0.567407
0.567366
0.569198
0.572628
0.577061
0.581829
0.586304
0.590131
0.593291
0.595939
0.598377
0.600942
0.603883
0.607206
0.610672
0.613867
0.616222
0.617135
0.616088
0.612702
0.606784
0.598413
0.588028
0.576321
0.564246
0.552877
0.543173
0.535888
0.53149
0.530134
0.531655
0.535651
0.541546
0.54874
0.556618
0.564613
0.57232
0.579508
0.586024
0.591876
0.597208
0.60225
0.607243
0.612314
0.617398
0.622303
0.626561
0.629613
0.630858
0.629837
0.626333
0.620477
0.6127
0.603707
0.594418
0.58594
0.579263
0.575064
0.573522
0.574368
0.57715
0.581349
0.586507
0.592103
0.597562
0.602258
0.605589
0.607086
0.606667
0.604592
0.601418
0.597845
0.594474
0.591657
0.589519
0.588014
0.586972
0.586192
0.58558
0.585039
0.584465
0.583796
0.582995
0.582092
0.581088
0.579896
0.578366
0.576282
0.57342
0.569845
0.565969
0.562516
0.560362
0.560286
0.562704
0.567463
0.573912
0.58107
0.587836
0.593208
0.596454
0.597363
0.596258
0.593819
0.590985
0.58865
0.587491
0.58789
0.589871
0.593148
0.597294
0.601783
0.606146
0.609975
0.613084
0.615524
0.617434
0.619034
0.620489
0.621749
0.622551
0.622462
0.62102
0.617853
0.612803
0.605972
0.597698
0.588337
0.578342
0.568191
0.558309
0.549166
0.541342
0.535476
0.532164
0.531972
0.53527
0.542158
0.552368
0.565155
0.57943
0.593866
0.607108
0.617908
0.625329
0.62886
0.628389
0.624235
0.617082
0.607854
0.597588
0.587367
0.578177
0.570775
0.565667
0.563123
0.563089
0.565255
0.569068
0.573905
0.579216
0.584572
0.589634
0.594153
0.597851
0.600385
0.601349
0.600292
0.596978
0.591399
0.583914
0.575283
0.566524
0.558758
0.55303
0.550091
0.550318
0.553651
0.559698
0.567742
0.576943
0.586363
0.595019
0.602025
0.606673
0.608721
0.608475
0.606723
0.6045
0.602793
0.602242
0.603037
0.604968
0.607633
0.610581
0.613391
0.615726
0.617224
0.617506
0.616259
0.613392
0.609031
0.603495
0.597346
0.591175
0.585521
0.580872
0.577635
0.576125
0.576495
0.578738
0.582576
0.587464
0.59269
0.597373
0.600568
0.601382
0.59907
0.593204
0.583896
0.572009
0.55911
0.547146
0.538033
0.533191
0.533371
0.538633
0.548607
0.562501
0.57917
0.597168
0.614826
0.63046
0.642689
0.650578
0.65375
0.652289
0.646601
0.637363
0.625397
0.611644
0.596966
0.582477
0.569372
0.558981
0.552527
0.550861
0.554206
0.562123
0.573439
0.586583
0.599823
0.611586
0.620631
0.626191
0.627999
0.626245
0.621406
0.614208
0.605399
0.595742
0.585917
0.576458
0.567815
0.560346
0.554373
0.550192
0.548067
0.548092
0.55022
0.554153
0.559379
0.56526
0.571054
0.576141
0.580199
0.583112
0.585071
0.586525
0.588038
0.590156
0.593316
0.597766
0.603504
0.610129
0.617042
0.623413
0.628332
0.630979
0.630765
0.627417
0.620976
0.61195
0.601271
0.590081
0.579676
0.571222
0.565496
0.562842
0.563109
0.565732
0.569984
0.575085
0.580409
0.585521
0.590169
0.594268
0.597652
0.600136
0.601482
0.601458
0.599944
0.596968
0.592835
0.588089
0.583392
0.579434
0.5767
0.575435
0.575607
0.576993
0.579309
0.582278
0.585669
0.589285
0.592934
0.596434
0.599557
0.602024
0.603527
0.603725
0.602365
0.599363
0.594733
0.588745
0.581882
0.57483
0.568285
0.562977
0.559484
0.558243
0.559505
0.563397
0.569935
0.579022
0.590391
0.603484
0.617525
0.631495
0.644251
0.654642
0.661675
0.664536
0.662759
0.656327
0.645636
0.631567
0.615413
0.598771
0.583274
0.570454
0.561506
0.557032
0.557022
0.560964
0.567856
0.576424
0.585336
0.593394
0.599508
0.602935
0.603188
0.6001
0.593725
0.584416
0.572786
0.559738
0.546501
0.534502
0.525294
0.520242
0.520315
0.525856
0.536548
0.551304
0.56852
0.586323
0.602838
0.616445
0.626017
0.630997
0.631442
0.627954
0.621444
0.613043
0.603787
0.5946
0.586095
0.578607
0.572269
0.567088
0.562959
0.559868
0.557879
0.55704
0.557467
0.559262
0.56247
0.567053
0.572952
0.580051
0.588054
0.596602
0.605203
0.61323
0.620135
0.625417
0.628765
0.630035
0.629304
0.62676
0.622649
0.617132
0.610382
0.602546
0.593869
0.584633
0.575269
0.56629
0.558321
0.552018
0.548144
0.54742
0.550305
0.556785
0.566233
0.577579
0.589534
0.600863
0.61056
0.61783
0.622133
0.623109
0.620594
0.614699
0.605836
0.594815
0.582826
0.571262
0.561598
0.555095
0.552605
0.554363
0.559995
0.568544
0.578655
0.588836
0.597706
0.604233
0.607814
0.608385
0.606274
0.602152
0.59673
0.590674
0.584586
0.57903
0.574637
0.572108
0.572091
0.575003
0.580799
0.588875
0.598152
0.607257
0.614862
0.620051
0.62239
0.622012
0.61953
0.615897
0.612099
0.608914
0.606766
0.605576
0.604898
0.603996
0.602082
0.598447
0.592574
0.584293
0.573843
0.561847
0.549335
0.537578
0.52792
0.521518
0.519175
0.521223
0.527386
0.536989
0.549125
0.562847
0.577247
0.591544
0.605137
0.6175
0.628179
0.636726
0.642678
0.645591
0.645195
0.641426
0.63459
0.625447
0.615099
0.604854
0.595974
0.589439
0.585709
0.584733
0.585972
0.58858
0.591531
0.593909
0.595047
0.594587
0.592583
0.589436
0.585773
0.582158
0.579038
0.576615
0.57491
0.573825
0.57315
0.572665
0.57219
0.571592
0.570767
0.569761
0.568791
0.568182
0.568362
0.569644
0.572248
0.576111
0.580969
0.586344
0.591631
0.596276
0.599828
0.601893
