1.8
1.80001
1.80003
1.80005
1.80008
1.80011
1.80015
1.8002
1.80025
1.80031
1.80038
1.80045
1.80053
1.80061
1.8007
1.8008
1.80091
1.80102
1.80114
1.80127
1.8014
1.80154
1.80169
1.80185
1.80202
1.80219
1.80237
1.80256
1.80276
1.80297
1.80318
1.80341
1.80364
1.80388
1.80413
1.8044
1.80467
1.80495
1.80524
1.80555
1.80586
1.80619
1.80653
1.80688
1.80724
1.80762
1.80801
1.80841
1.80883
1.80926
1.80971
1.81018
1.81066
1.81116
1.81168
1.81221
1.81277
1.81335
1.81395
1.81457
1.81521
1.81588
1.81658
1.8173
1.81805
1.81883
1.81964
1.82049
1.82137
1.82228
1.82324
1.82423
1.82526
1.82635
1.82747
1.82865
1.82988
1.83117
1.83252
1.83392
1.8354
1.83694
1.83856
1.84026
1.84203
1.8439
1.84585
1.8479
1.85005
1.85231
1.85467
1.85715
1.85974
1.86244
1.86526
1.86819
1.87122
1.87435
1.87755
1.8808
1.88406
1.88728
1.8904
1.89331
1.89592
1.89807
1.89959
1.9003
1.9
1.89852
1.8958
1.89193
1.88722
1.88228
1.87794
1.87511
1.87452
1.87653
1.88102
1.88743
1.89494
1.90263
1.90965
1.91535
1.9194
1.92188
1.92331
1.92458
1.92673
1.93063
1.93661
1.94436
1.95307
1.96169
1.96927
1.97515
1.97903
1.98088
1.98094
1.97961
1.97737
1.97472
1.97204
1.96957
1.96738
1.96543
1.96363
1.96189
1.96009
1.95811
1.95589
1.9535
1.95126
1.94977
1.9497
1.95162
1.95575
1.96192
1.96968
1.97835
1.98727
1.99578
2.00333
2.00952
2.01411
2.017
2.01828
2.0182
2.01708
2.01537
2.01352
2.012
2.01118
2.01132
2.01252
2.01472
2.01772
2.02124
2.02494
2.02854
2.03178
2.03451
2.03666
2.03828
2.03946
2.04034
2.04106
2.04172
2.04238
2.04302
2.04362
2.04418
2.04469
2.04521
2.04578
2.04645
2.04724
2.04815
2.04912
2.0501
2.05106
2.05198
2.05287
2.05377
2.05475
2.05586
2.05719
2.05875
2.06058
2.06265
2.06491
2.06729
2.06971
2.07206
2.07424
2.07615
2.07771
2.07882
2.07942
2.07947
2.07893
2.07784
2.07628
2.0744
2.07237
2.07039
2.06865
2.06723
2.06607
2.06502
2.0638
2.06212
2.05974
2.05654
2.05259
2.04824
2.04409
2.04095
2.03968
2.04094
2.04496
2.05139
2.0594
2.06792
2.07584
2.08223
2.08634
2.08764
2.08584
2.08102
2.07383
2.06568
2.05865
2.05487
2.05562
2.06071
2.06869
2.07758
2.08559
2.09144
2.0943
2.09372
2.08953
2.08181
2.07096
2.05781
2.04372
2.03054
2.02032
2.01486
2.01515
2.02099
2.03114
2.04371
2.05678
2.06882
2.07891
2.08669
2.09222
2.09582
2.09792
2.09899
2.09943
2.09957
2.09964
2.09975
2.09998
2.10033
2.10076
2.10125
2.10178
2.10232
2.10287
2.10344
2.10401
2.1046
2.10518
2.10572
2.10616
2.10641
2.10635
2.10581
2.10458
2.10241
2.09905
2.09428
2.08802
2.08049
2.07227
2.06439
2.05808
2.05441
2.05375
2.05569
2.05926
2.06334
2.06709
2.07003
2.07203
2.07318
2.07372
2.07392
2.07401
2.07419
2.07456
2.07513
2.07583
2.07654
2.07711
2.07743
2.07744
2.07716
2.0767
2.0762
2.07585
2.07578
2.07603
2.07656
2.07726
2.07795
2.07847
2.07871
2.07861
2.07815
2.07742
2.07652
2.07556
2.07467
2.07396
2.07347
2.07324
2.07323
2.07341
2.07372
2.07412
2.07457
2.07507
2.07561
2.0762
2.07685
2.07757
2.07833
2.07909
2.0798
2.08035
2.08061
2.08043
2.07963
2.07801
2.07535
2.07145
2.06611
2.05926
2.05101
2.04172
2.03215
2.02341
2.01682
2.01363
2.01458
2.0197
2.02822
2.03889
2.05034
2.06142
2.07133
2.07961
2.08608
2.09072
2.09356
2.09466
2.09407
2.09182
2.088
2.08277
2.07648
2.06964
2.06292
2.05699
2.05233
2.04913
2.04722
2.04626
2.04592
2.04599
2.04645
2.04734
2.04869
2.05049
2.0526
2.05486
2.05707
2.05912
2.06095
2.06255
2.06395
2.06521
2.06638
2.06748
2.06853
2.06954
2.07049
2.07138
2.07219
2.07292
2.07356
2.07412
2.07459
2.075
2.07533
2.07562
2.07585
2.07605
2.07621
2.07633
2.07642
2.07645
2.07643
2.07632
2.07612
2.07579
2.07532
2.07468
2.07384
2.07277
2.07147
2.06993
2.06817
2.06625
2.06424
2.06225
2.06041
2.05884
2.05765
2.05688
2.05651
2.05646
2.05658
2.05673
2.05676
2.05655
2.05606
2.05529
2.05431
2.05321
2.05217
2.05133
2.05084
2.05084
2.05138
2.05246
2.054
2.05587
2.0579
2.0599
2.0617
2.06316
2.06421
2.06484
2.06509
2.06504
2.0648
2.06444
2.06402
2.06351
2.06285
2.06195
2.06074
2.05916
2.05724
2.05506
2.05278
2.05058
2.04866
2.04718
2.04626
2.0459
2.04603
2.0465
2.04711
2.04768
2.04808
2.04829
2.04841
2.04864
2.04921
2.05027
2.05186
2.05386
2.05609
2.0583
2.06032
2.06198
2.06317
2.06384
2.06392
2.06344
2.06248
2.06117
2.05975
2.05843
2.05743
2.05691
2.05692
2.05751
2.05871
2.06059
2.06322
2.06663
2.07076
2.0754
2.08026
2.08502
2.08936
2.09304
2.0959
2.09782
2.09875
2.09868
2.09762
2.09565
2.09288
2.0895
2.08577
2.08199
2.07843
2.07534
2.07287
2.07111
2.07009
2.06978
2.07007
2.07076
2.07157
2.0721
2.07198
2.07092
2.06877
2.06562
2.06178
2.05773
2.05404
2.05122
2.04958
2.04917
2.04975
2.05092
2.05224
2.05335
2.05408
2.05446
2.0547
2.0551
2.05595
2.0574
2.05941
2.06179
2.06432
2.06687
2.06947
2.07225
2.07532
2.0787
2.08227
2.08579
2.08897
2.09159
2.09346
2.09451
2.09472
2.0941
2.09268
2.09051
2.08763
2.08407
2.07991
2.07526
2.07031
2.06532
2.06067
2.05678
2.05405
2.05277
2.05304
2.05472
2.05753
2.06105
2.06491
2.06877
2.07241
2.07569
2.07856
2.08101
2.08305
2.08472
2.08605
2.08707
2.08781
2.08827
2.08847
2.08841
2.08811
2.0876
2.08693
2.08622
2.0856
2.08525
2.08534
2.08604
2.08743
2.08951
2.09214
2.0951
2.09808
2.10073
2.10269
2.10357
2.10298
2.10056
2.096
2.08917
2.08028
2.06992
2.05912
2.04916
2.04136
2.03697
2.03702
2.04198
2.05121
2.06285
2.07451
2.08419
2.09064
2.09334
2.09215
2.08713
2.07858
2.06725
2.0549
2.04439
2.03903
2.0409
2.04946
2.06186
2.07478
2.08587
2.09411
2.09946
2.10236
2.10337
2.10299
2.10165
2.09967
2.09733
2.09486
2.09249
2.09048
2.08911
2.08862
2.08911
2.09057
2.09278
2.09543
2.09816
2.10065
2.10263
2.10392
2.1044
2.10395
2.10243
2.09969
2.09556
2.08991
2.08275
2.07437
2.06549
2.05721
2.05092
2.0478
2.04835
2.0522
2.05826
2.06526
2.07205
2.07794
2.08261
2.08603
2.08836
2.08982
2.09065
2.09105
2.09117
2.09108
2.0908
2.09028
2.08948
2.08834
2.08687
2.08513
2.08329
2.08161
2.08034
2.07967
2.07971
2.0804
2.08162
2.0832
2.08502
2.08696
2.0889
2.09072
2.0922
2.09312
2.09326
2.09249
2.09076
2.08821
2.08511
2.08188
2.07895
2.07673
2.07546
2.07521
2.0759
2.07736
2.07934
2.0816
2.08389
2.08596
2.08763
2.08882
2.08951
2.08979
2.08978
2.08965
2.08957
2.0897
2.09017
2.09105
2.09233
2.09392
2.09567
2.09737
2.0988
2.09977
2.10014
2.09984
2.09884
2.09721
2.09506
2.09258
2.09004
2.0877
2.08583
2.08463
2.0842
2.08452
2.08551
2.08702
2.08892
2.0911
2.09344
2.09583
2.09814
2.10027
2.1021
2.10352
2.10446
2.10483
2.1046
2.10373
2.10223
2.1001
2.09739
2.09415
2.09047
2.08647
2.0823
2.07812
2.07411
2.07043
2.0672
2.06453
2.06242
2.06084
2.05973
2.05899
2.05862
2.05865
2.05918
2.06034
2.06219
2.0647
2.06771
2.07097
2.07418
2.07711
2.07957
2.08147
2.08282
2.08365
2.08407
2.08418
2.08408
2.08386
2.08361
2.08339
2.08322
2.08313
2.08311
2.08315
2.0832
2.08322
2.08317
2.08299
2.08262
2.08201
2.08112
2.07991
2.07838
2.07656
2.07453
2.07242
2.0704
2.0687
2.06753
2.06709
2.06747
2.06865
2.07047
2.07266
2.07482
2.0765
2.0772
2.07643
2.07369
2.06859
2.06094
2.05093
2.03936
2.02774
2.01823
2.01304
2.01357
2.0196
2.02918
2.03948
2.04782
2.05245
2.05277
2.04926
2.04331
2.03696
2.03236
2.03102
2.03327
2.03829
2.04463
2.05087
2.05613
2.06011
2.06308
2.06557
2.06814
2.07117
2.07475
2.07874
2.08291
2.08698
2.09078
2.0942
2.0972
2.09978
2.10194
2.10369
2.10501
2.10588
2.10623
2.10596
2.10496
2.10309
2.1002
2.0962
2.09109
2.08502
2.07837
2.07166
2.06539
2.05983
2.05474
2.04944
2.04308
2.03526
2.02659
2.01898
2.01512
2.01708
2.02504
2.03709
2.05052
2.06304
2.07338
2.08114
2.08646
2.08975
2.09143
2.09195
2.09169
2.09101
2.09024
2.0897
2.08966
2.09028
2.09159
2.09348
2.09574
2.09809
2.1003
2.10213
2.10345
2.10418
2.10426
2.10367
2.10238
2.10036
2.09755
2.09387
2.08923
2.08356
2.07683
2.06915
2.06077
2.05212
2.04382
2.03649
2.03069
2.02671
2.02456
2.02403
2.02477
2.02638
2.02846
2.03063
2.03259
2.03414
2.03523
2.03595
2.03649
2.03712
2.03805
2.03946
2.04139
2.04379
2.04652
2.0494
2.05224
2.05487
2.0572
2.05914
2.06068
2.06184
2.06263
2.06311
2.06333
2.06333
2.06316
2.06286
2.06244
2.06194
2.06135
2.06067
2.05989
2.05897
2.05788
2.05655
2.05492
2.05292
2.05047
2.04753
0.394169
0.392812
0.391584
0.390541
0.389731
0.389192
0.388945
0.388993
0.389321
0.389899
0.390684
0.391629
0.392684
0.393802
0.394943
0.396072
0.397164
0.398201
0.399176
0.400084
0.400929
0.401717
0.402459
0.403165
0.403847
0.404515
0.405178
0.405842
0.406512
0.407191
0.407878
0.408573
0.409277
0.409992
0.410721
0.411472
0.412256
0.413088
0.413983
0.414959
0.416028
0.4172
0.418478
0.419855
0.421314
0.422831
0.424376
0.425913
0.427408
0.42883
0.430154
0.431367
0.432463
0.433448
0.434338
0.435154
0.435921
0.436665
0.437408
0.438172
0.438981
0.439862
0.440853
0.442004
0.443376
0.445037
0.447052
0.449471
0.452315
0.455576
0.459206
0.463131
0.467251
0.471459
0.47565
0.479727
0.48361
0.487234
0.490552
0.49353
0.496143
0.498376
0.500217
0.501659
0.502696
0.503325
0.503544
0.503354
0.502761
0.501772
0.500404
0.498681
0.496639
0.494334
0.491841
0.489261
0.486719
0.484366
0.482369
0.48091
0.480164
0.48029
0.481403
0.483556
0.486722
0.490787
0.495558
0.500791
0.506217
0.511576
0.51665
0.521275
0.525349
0.528828
0.531712
0.534034
0.535845
0.537197
0.538144
0.538727
0.53898
0.538931
0.538603
0.538024
0.537226
0.536253
0.53516
0.534013
0.53289
0.531879
0.531073
0.530563
0.530435
0.530755
0.531564
0.53287
0.534643
0.536814
0.539288
0.541947
0.544664
0.547311
0.549771
0.551944
0.553754
0.555149
0.556113
0.556662
0.556845
0.556743
0.556455
0.556086
0.555728
0.555445
0.555261
0.555159
0.55509
0.554986
0.554776
0.5544
0.553821
0.553026
0.552036
0.550895
0.549672
0.548452
0.547331
0.546403
0.545763
0.545497
0.545673
0.546337
0.547494
0.549106
0.551077
0.553267
0.555496
0.55757
0.559299
0.560518
0.561102
0.560979
0.56014
0.55864
0.5566
0.554201
0.551676
0.549283
0.547282
0.545905
0.545327
0.545643
0.546863
0.548907
0.551621
0.554803
0.558223
0.561655
0.564901
0.567809
0.570285
0.572298
0.573877
0.575103
0.57609
0.576966
0.577841
0.57879
0.579839
0.580957
0.582073
0.583094
0.583921
0.584467
0.584668
0.584486
0.583906
0.582934
0.581591
0.579907
0.577917
0.575654
0.573151
0.570436
0.567541
0.564502
0.561374
0.558239
0.555214
0.552447
0.550113
0.548389
0.547422
0.547296
0.548012
0.54947
0.551489
0.553831
0.556237
0.558463
0.560306
0.561619
0.562322
0.562396
0.561891
0.560915
0.559628
0.558227
0.556923
0.555915
0.555356
0.555334
0.555867
0.5569
0.558336
0.560051
0.561919
0.563829
0.565693
0.567446
0.569048
0.570474
0.571716
0.572769
0.573633
0.574307
0.574791
0.575088
0.575209
0.575179
0.575043
0.574866
0.574736
0.574754
0.575021
0.575625
0.576625
0.578038
0.579838
0.58196
0.584312
0.586785
0.589268
0.591662
0.593879
0.59585
0.597524
0.598868
0.599866
0.60052
0.600848
0.600884
0.600677
0.600286
0.59978
0.599224
0.59868
0.598192
0.597784
0.597453
0.597177
0.596913
0.596608
0.59621
0.59567
0.594959
0.594068
0.593012
0.591836
0.590609
0.589421
0.588377
0.587583
0.587128
0.587074
0.587432
0.588165
0.589187
0.590388
0.591651
0.592883
0.594023
0.595046
0.595955
0.596768
0.597507
0.598192
0.59884
0.59946
0.600056
0.600631
0.601186
0.601727
0.602266
0.602827
0.603443
0.604148
0.604967
0.605908
0.606948
0.608036
0.609105
0.610078
0.610884
0.611466
0.611785
0.611813
0.61154
0.61096
0.61008
0.608919
0.607515
0.605931
0.60426
0.602619
0.601147
0.599984
0.59925
0.599021
0.599315
0.600089
0.601245
0.602656
0.604184
0.605702
0.607106
0.608322
0.609305
0.610033
0.610502
0.610717
0.610693
0.610443
0.609986
0.609337
0.608513
0.607531
0.606411
0.605177
0.60386
0.602498
0.601138
0.599834
0.598648
0.597642
0.596876
0.596398
0.596244
0.596424
0.596933
0.597741
0.598805
0.600073
0.601486
0.602987
0.604524
0.60605
0.607527
0.608928
0.610234
0.611444
0.612566
0.613629
0.614673
0.615753
0.616929
0.618258
0.619784
0.621526
0.623472
0.625579
0.627774
0.629964
0.632052
0.63394
0.635543
0.636793
0.637639
0.638054
0.638025
0.637564
0.636703
0.635494
0.634018
0.632379
0.630703
0.629132
0.627812
0.62688
0.626443
0.626566
0.627256
0.628455
0.630043
0.631854
0.633697
0.63539
0.636787
0.637807
0.63844
0.638743
0.638821
0.638798
0.638783
0.638843
0.638985
0.639162
0.639299
0.639322
0.639202
0.638974
0.638755
0.638725
0.639099
0.640074
0.641785
0.644263
0.647427
0.651093
0.655011
0.658906
0.662523
0.665663
0.668198
0.670078
0.671326
0.672021
0.67228
0.672233
0.672004
0.671688
0.671342
0.670974
0.670551
0.670006
0.669256
0.66821
0.66679
0.664933
0.662604
0.659803
0.656564
0.65296
0.649105
0.645151
0.641279
0.637688
0.634571
0.63209
0.630354
0.629393
0.629162
0.629543
0.630378
0.631495
0.632747
0.634025
0.635274
0.636492
0.637711
0.638983
0.64036
0.641877
0.643538
0.645322
0.647179
0.649045
0.650851
0.652532
0.65403
0.655302
0.656315
0.657048
0.657486
0.657618
0.657432
0.656918
0.656061
0.654842
0.653242
0.651241
0.648825
0.645996
0.642785
0.63927
0.635593
0.631972
0.628696
0.626092
0.624466
0.624026
0.624822
0.626729
0.629484
0.632751
0.636201
0.639566
0.642657
0.645367
0.647648
0.649493
0.650916
0.651935
0.652565
0.652811
0.652672
0.652139
0.651211
0.649902
0.64826
0.646379
0.644404
0.642519
0.640912
0.639737
0.63906
0.638844
0.638962
0.639245
0.639546
0.639792
0.640012
0.64032
0.640877
0.641838
0.643299
0.645273
0.647695
0.650441
0.653367
0.656341
0.65926
0.662057
0.664698
0.667174
0.669489
0.67165
0.67366
0.675514
0.677196
0.67868
0.679934
0.680917
0.681583
0.681886
0.681778
0.681212
0.680144
0.678534
0.67635
0.673577
0.670226
0.666353
0.662073
0.657583
0.65317
0.649193
0.646047
0.644075
0.643494
0.644326
0.646399
0.649396
0.65294
0.656677
0.660321
0.663684
0.666665
0.669234
0.671413
0.673258
0.674838
0.676225
0.677485
0.678663
0.679787
0.680859
0.681864
0.68277
0.683539
0.684133
0.684521
0.684686
0.684628
0.684368
0.683947
0.683425
0.682881
0.682402
0.682079
0.681993
0.682207
0.682759
0.683648
0.684842
0.686276
0.687858
0.689479
0.691023
0.692374
0.693422
0.694072
0.694248
0.693898
0.692999
0.691567
0.689659
0.687375
0.684862
0.682303
0.679903
0.677869
0.676386
0.67559
0.675557
0.676293
0.677737
0.679775
0.682256
0.685014
0.687883
0.690714
0.693384
0.695805
0.697919
0.699702
0.701158
0.702317
0.703224
0.703943
0.704542
0.705095
0.705676
0.706352
0.707181
0.708211
0.709477
0.711008
0.712822
0.714928
0.717327
0.720004
0.72293
0.726056
0.729316
0.732632
0.73592
0.7391
0.742104
0.74488
0.747401
0.749665
0.751691
0.753521
0.755211
0.756823
0.758417
0.760043
0.761727
0.763476
0.765269
0.767062
0.768798
0.770412
0.771842
0.773031
0.773941
0.774548
0.774851
0.774869
0.77464
0.774221
0.773683
0.773107
0.772581
0.772191
0.772014
0.772116
0.772542
0.773315
0.774436
0.77589
0.777644
0.779662
0.781903
0.784333
0.786924
0.789655
0.792514
0.795493
0.798584
0.801778
0.805061
0.808417
0.811824
0.815259
0.818696
0.822105
0.825454
0.828702
0.831797
0.834673
0.837251
0.839436
0.841126
0.842222
0.842637
0.842309
0.841212
0.839359
0.836808
0.833668
0.830108
0.826371
0.822775
0.819681
0.817417
0.816165
0.815879
0.816273
0.816918
0.817385
0.817391
0.816887
0.816074
0.815346
0.815184
0.816018
0.818107
0.821484
0.825981
0.831296
0.837066
0.842913
0.84846
0.853362
0.857332
0.860179
0.861846
0.862421
0.862131
0.86131
0.860339
0.859577
0.85929
0.859598
0.860467
0.861737
0.863181
0.86456
0.865669
0.866351
0.866494
0.866024
0.864895
0.863096
0.860658
0.857671
0.854301
0.850783
0.847404
0.844463
0.842214
0.840811
0.840284
0.840534
0.841372
0.842569
0.843909
0.845232
0.846448
0.847539
0.848549
0.849557
0.85066
0.85195
0.853495
0.855324
0.857423
0.859739
0.862188
0.864668
0.867073
0.869304
0.871274
0.872908
0.874147
0.874942
0.875254
0.875054
0.874325
0.873067
0.871299
0.869067
0.866443
0.863518
0.860398
0.857192
0.854013
0.850976
0.84821
0.84587
0.844121
0.843115
0.842937
0.843555
0.844791
0.846327
0.847749
0.848626
0.848607
0.847519
0.845463
0.842852
0.840355
0.838698
0.838388
0.8395
0.841677
0.844337
0.846949
0.849201
0.851007
0.852404
0.853422
0.854006
0.854025
0.853323
0.851797
0.849446
0.846384
0.842814
0.838974
0.835087
0.831324
0.827788
0.824539
0.821619
0.819079
0.816987
0.815417
0.814424
0.814018
0.814155
0.814736
0.815621
0.816657
0.817701
0.818641
0.819415
0.820013
0.820466
0.82084
0.821212
0.82165
0.822202
0.822887
0.823691
0.824577
0.825488
0.826362
0.827136
0.827758
0.828193
0.828424
0.828458
0.82832
0.828052
0.827702
0.827317
0.826938
0.826591
0.826287
0.826021
0.825774
0.825518
0.82522
0.824841
0.824347
0.823707
0.822899
0.821909
0.820736
0.81939
0.817892
0.816273
0.814569
0.812816
0.811048
0.809286
0.80754
0.805804
0.804063
0.802303
0.800525
0.798759
0.797078
0.795588
0.79442
0.793695
0.793495
0.793842
0.794695
0.795966
0.797552
0.799361
0.801331
0.803428
0.805643
0.80797
0.810399
0.812898
0.815417
0.817887
0.820229
0.822362
0.824213
0.825726
0.826864
0.827615
0.827994
0.828048
0.82785
0.827505
0.827138
0.826886
0.82688
0.827229
0.828007
0.829236
0.83089
0.832894
0.835141
0.837496
0.839807
0.841904
0.843605
0.844714
0.845031
0.844364
0.84257
0.839592
0.835517
0.830628
0.825429
0.820619
0.817
0.815314
0.816073
0.819416
0.825064
0.832384
0.840535
0.84864
0.855944
0.861902
0.866207
0.86876
0.869635
0.869027
0.931725
0.9287
0.925114
0.921371
0.91785
0.914869
0.912659
0.911344
0.910948
0.911417
0.912648
0.914529
0.916966
0.919896
0.923292
0.927147
0.931445
0.936129
0.941075
0.946085
0.950903
0.95525
0.958864
0.961532
0.963119
0.963577
0.962943
0.961328
0.958899
0.955853
0.952391
0.948697
0.944922
0.941188
0.937588
0.934197
0.931085
0.928321
0.925991
0.924198
0.923066
0.922726
0.923278
0.924749
0.927051
0.929962
0.933153
0.93625
0.938912
0.940903
0.94212
0.942602
0.942497
0.942027
0.941445
0.941005
0.940926
0.941366
0.942396
0.943988
0.946022
0.948309
0.950617
0.952705
0.954336
0.955286
0.95535
0.954344
0.952129
0.948664
0.944084
0.938807
0.933582
0.929416
0.92729
0.927776
0.930759
0.935497
0.940953
0.946179
0.950531
0.953706
0.955654
0.956471
0.956312
0.955344
0.953714
0.95155
0.948954
0.946011
0.942796
0.939386
0.935868
0.932352
0.928984
0.925937
0.923409
0.921592
0.920638
0.92063
0.921555
0.923305
0.925692
0.928489
0.931463
0.934407
0.937159
0.939603
0.941662
0.943277
0.9444
0.944983
0.944978
0.944356
0.943123
0.941347
0.939158
0.936727
0.934215
0.931712
0.929198
0.926565
0.923679
0.920477
0.917049
0.913659
0.910709
0.908643
0.907828
0.908448
0.910437
0.913476
0.917053
0.920585
0.923556
0.925625
0.926684
0.926859
0.926446
0.925832
0.925385
0.925363
0.925851
0.926757
0.927861
0.928894
0.929618
0.92988
0.92963
0.928906
0.927804
0.926439
0.924905
0.923255
0.921499
0.919608
0.917551
0.915319
0.912953
0.910555
0.90828
0.906312
0.904827
0.903959
0.903771
0.904249
0.905305
0.906803
0.908576
0.910457
0.912289
0.913937
0.915293
0.916276
0.916833
0.916936
0.916584
0.915801
0.914625
0.91311
0.911311
0.909281
0.907066
0.904701
0.902217
0.899648
0.897043
0.894471
0.892039
0.889882
0.888171
0.887088
0.886812
0.887479
0.889158
0.891822
0.895345
0.89951
0.90404
0.908636
0.913016
0.916948
0.920268
0.922892
0.924816
0.926109
0.9269
0.927355
0.927647
0.927928
0.928298
0.92879
0.929368
0.929937
0.93037
0.930535
0.930325
0.929677
0.928589
0.927125
0.925412
0.923625
0.921965
0.920627
0.919756
0.919418
0.919578
0.920106
0.92081
0.921473
0.921901
0.921951
0.921537
0.92063
0.919241
0.9174
0.915147
0.912516
0.909545
0.906303
0.902926
0.899667
0.896907
0.895101
0.894659
0.895786
0.898374
0.90202
0.906151
0.910177
0.91362
0.916165
0.917678
0.918195
0.917901
0.917093
0.916115
0.915265
0.914711
0.914448
0.914311
0.914043
0.913368
0.91206
0.909973
0.907041
0.903271
0.898743
0.893625
0.888209
0.88296
0.878526
0.87567
0.875078
0.877096
0.881541
0.887725
0.894679
0.901461
0.907366
0.912001
0.91524
0.917138
0.917849
0.917566
0.91648
0.914763
0.91256
0.909988
0.907137
0.904076
0.900855
0.897512
0.894075
0.890568
0.887014
0.883436
0.879857
0.876301
0.872791
0.869344
0.865974
0.862683
0.859462
0.856286
0.853122
0.849918
0.846621
0.843173
0.839531
0.83568
0.831655
0.827557
0.823561
0.819906
0.816851
0.814624
0.813356
0.813047
0.813576
0.814738
0.816309
0.818083
0.819904
0.821667
0.823301
0.824767
0.826043
0.827119
0.827998
0.828693
0.829223
0.829612
0.829884
0.830059
0.83015
0.830161
0.830086
0.82991
0.829612
0.829169
0.828558
0.827768
0.8268
0.825678
0.824449
0.82319
0.821994
0.820963
0.820189
0.819733
0.819615
0.819808
0.820254
0.820883
0.821637
0.822488
0.823438
0.824511
0.825729
0.827084
0.82852
0.829924
0.831131
0.83194
0.832135
0.831506
0.829866
0.827073
0.823034
0.81772
0.811156
0.803423
0.794657
0.785078
0.775046
0.765113
0.75602
0.748583
0.743519
0.741288
0.742062
0.745762
0.752097
0.76056
0.770432
0.780869
0.791043
0.800289
0.80818
0.814529
0.819335
0.822724
0.82489
0.826056
0.826455
0.826314
0.825847
0.825248
0.824683
0.824275
0.82409
0.824131
0.824333
0.824573
0.8247
0.824553
0.823996
0.822933
0.821316
0.819141
0.816437
0.813252
0.809644
0.805688
0.801488
0.797205
0.793067
0.789369
0.786445
0.784613
0.784111
0.785046
0.787368
0.790878
0.795269
0.800178
0.805239
0.810116
0.814535
0.818288
0.821239
0.82332
0.824524
0.8249
0.824547
0.823609
0.822267
0.82073
0.819218
0.817939
0.817063
0.816696
0.816864
0.81751
0.818505
0.819675
0.820821
0.821746
0.822268
0.822221
0.821465
0.819874
0.81735
0.813826
0.8093
0.803864
0.797759
0.791407
0.785408
0.780464
0.777228
0.776106
0.777138
0.779987
0.784084
0.788806
0.793638
0.798243
0.80246
0.806261
0.809682
0.812774
0.815558
0.818021
0.820116
0.821791
0.823022
0.823831
0.824314
0.824637
0.825018
0.825691
0.826857
0.828634
0.831034
0.83396
0.837246
0.840693
0.844114
0.847363
0.850344
0.853006
0.855339
0.857357
0.859087
0.86056
0.861801
0.862821
0.86361
0.864141
0.864363
0.864214
0.863631
0.862561
0.860978
0.858895
0.856367
0.853489
0.850385
0.847188
0.844035
0.841063
0.838422
0.836305
0.834953
0.834639
0.835613
0.838013
0.841793
0.846697
0.852294
0.858065
0.863504
0.868185
0.87181
0.874204
0.875311
0.875168
0.873895
0.871684
0.868795
0.865547
0.862308
0.859474
0.857437
0.856544
0.857046
0.859052
0.862487
0.867091
0.872452
0.878066
0.883417
0.888039
0.891567
0.893751
0.894476
0.893765
0.89179
0.888883
0.88552
0.882266
0.879673
0.878153
0.877882
0.87878
0.88057
0.8829
0.885437
0.887931
0.890226
0.892237
0.893929
0.895288
0.896311
0.896996
0.897342
0.897351
0.897027
0.896374
0.895398
0.894101
0.892483
0.890537
0.888259
0.885645
0.882697
0.879427
0.875862
0.87205
0.868057
0.86398
0.859938
0.856078
0.852569
0.849587
0.847305
0.845863
0.845347
0.845766
0.847041
0.849015
0.851473
0.85418
0.856917
0.859503
0.861814
0.863774
0.865349
0.86653
0.867318
0.867716
0.867727
0.867359
0.866623
0.865548
0.864176
0.862564
0.860781
0.858903
0.856999
0.855124
0.853311
0.851555
0.849818
0.848028
0.846096
0.843933
0.841485
0.838758
0.835847
0.832946
0.830332
0.828318
0.827189
0.827124
0.828152
0.830149
0.832877
0.836045
0.839368
0.842598
0.845548
0.848089
0.850143
0.851678
0.8527
0.853248
0.853386
0.853201
0.852788
0.852242
0.851639
0.851024
0.850402
0.849736
0.848956
0.847971
0.846688
0.845033
0.842955
0.840447
0.837543
0.834329
0.830942
0.827575
0.824463
0.821875
0.820079
0.819305
0.819705
0.821324
0.82408
0.827777
0.832131
0.836806
0.841464
0.845788
0.849514
0.852439
0.854423
0.855397
0.855357
0.854365
0.852543
0.850066
0.847145
0.844016
0.840931
0.838147
0.835935
0.834554
0.834216
0.83502
0.836895
0.839583
0.842692
0.845798
0.848547
0.850742
0.852367
0.853575
0.854632
0.855842
0.857471
0.859677
0.862494
0.86584
0.869571
0.873526
0.877567
0.88159
0.885522
0.889299
0.892854
0.896099
0.898924
0.901203
0.902798
0.903574
0.903415
0.902242
0.900027
0.896813
0.892732
0.888014
0.882987
0.878063
0.873698
0.87033
0.868309
0.867832
0.868903
0.87134
0.874835
0.879027
0.883584
0.888265
0.892935
0.89756
0.902162
0.906784
0.911448
0.916134
0.920778
0.925277
0.929517
0.933385
0.936788
0.939664
0.941984
0.94375
0.944991
0.945756
0.946108
0.946122
0.945876
0.94545
0.944921
0.944363
0.943838
0.943393
0.943059
0.942848
0.942746
0.942724
0.942734
0.942721
0.942628
0.942405
0.942016
0.941442
0.940687
0.939775
0.938759
0.937714
0.936741
0.935966
0.935534
0.935593
0.936281
0.937698
0.939887
0.942818
0.946385
0.950419
0.954703
0.959003
0.963085
0.966742
0.969814
0.972194
0.973833
0.974724
0.974881
0.974294
0.972899
0.970567
0.96713
0.962463
0.956611
0.949925
0.943145
0.93733
0.933585
0.932674
0.934718
0.939177
0.945107
0.951504
0.957572
0.962831
0.967091
0.970373
0.972804
0.974536
0.97569
0.976337
0.976516
0.976265
0.97566
0.974834
0.973969
0.973255
0.972838
0.972782
0.973041
0.973474
0.973871
0.973995
0.973626
0.972587
0.970769
0.968134
0.96472
0.960641
0.956086
0.951323
0.946686
0.942562
0.939339
0.937342
0.936763
0.937602
0.939655
0.942559
0.945868
0.949139
0.95201
0.954239
0.955722
0.95648
0.956635
0.956377
0.955923
0.955485
0.95524
0.955314
0.955764
0.956587
0.957726
0.959094
0.960592
0.962133
0.963659
0.965152
0.966634
0.96816
0.969806
0.971644
0.973731
0.976085
0.978683
0.981459
0.984315
0.987129
0.989775
0.992132
0.99409
0.995556
0.996455
0.996732
0.996354
0.995307
0.993602
0.991278
0.988402
0.985073
0.981419
0.977593
0.973768
0.970124
0.96684
0.964075
0.961947
0.960514
0.959764
0.959616
0.959941
0.960592
0.961437
0.962387
0.963397
0.964465
0.965613
0.966867
0.968244
0.969739
0.971326
0.972955
0.97455
0.976017
0.97724
0.9781
0.978493
0.97837
0.977786
0.976935
0.976164
0.97594
0.976757
0.979019
0.982914
0.988358
0.995006
1.00235
1.00986
1.01706
1.02364
1.02944
1.03443
1.03869
1.04233
1.04547
1.04819
1.05049
1.05235
1.05364
1.05421
1.05386
1.05241
1.04965
1.04545
1.03974
1.03255
1.02406
1.01463
1.00486
0.995582
0.987789
0.982508
0.980546
0.982277
0.987533
0.995678
1.0058
1.01692
1.02815
1.03874
1.04811
1.05585
1.06165
1.06534
1.06688
1.06627
1.06362
1.05909
1.0529
1.04528
1.03656
1.02706
1.01718
1.00734
0.998035
0.989801
0.983275
0.979147
0.978039
0.980294
0.985774
0.993826
1.00346
1.01361
1.02338
1.03215
1.03951
1.04526
1.04927
1.0515
1.05194
1.05062
1.04762
1.04308
1.03724
1.03039
1.02293
1.01525
1.0077
1.0005
0.993747
0.987374
0.9813
0.975525
0.970222
0.965767
0.962668
0.961415
0.962284
0.965179
0.84366
0.84896
0.854323
0.859015
0.862525
0.864578
0.865079
0.864043
0.861546
0.857712
0.852736
0.846916
0.840675
0.834557
0.829167
0.825074
0.822698
0.822223
0.823562
0.8264
0.830273
0.834664
0.83908
0.843099
0.846384
0.848681
0.849808
0.849649
0.84816
0.84537
0.841401
0.836472
0.830892
0.825029
0.819281
0.814049
0.80972
0.806654
0.805121
0.805222
0.806808
0.809489
0.812722
0.815963
0.818789
0.820967
0.822452
0.823344
0.823823
0.824087
0.824286
0.824486
0.824641
0.824607
0.824166
0.823081
0.821157
0.818302
0.814589
0.810301
0.805935
0.802147
0.799601
0.798773
0.799786
0.802366
0.805954
0.809891
0.813595
0.816648
0.818824
0.820053
0.820377
0.819915
0.818825
0.817286
0.815478
0.813566
0.811684
0.809917
0.808294
0.806784
0.805296
0.803697
0.801836
0.799563
0.796758
0.793345
0.789302
0.784661
0.779501
0.773932
0.768082
0.762092
0.756117
0.75034
0.74499
0.740349
0.736743
0.734495
0.733862
0.734961
0.737727
0.741917
0.747164
0.753056
0.759206
0.765303
0.771119
0.776507
0.781378
0.78568
0.789383
0.792468
0.794921
0.796731
0.797895
0.798415
0.798303
0.797582
0.796286
0.794465
0.79218
0.789513
0.786557
0.783425
0.780235
0.77711
0.774161
0.771477
0.769109
0.767067
0.76532
0.763804
0.762437
0.761139
0.759842
0.758503
0.757107
0.755669
0.754223
0.752819
0.751504
0.750317
0.749278
0.74838
0.747591
0.746857
0.74611
0.745287
0.744345
0.743274
0.74211
0.740926
0.739821
0.738896
0.73823
0.737862
0.737778
0.737921
0.738206
0.738539
0.738838
0.73905
0.739158
0.739181
0.739166
0.739184
0.739311
0.73962
0.740165
0.740975
0.742047
0.743349
0.744827
0.746412
0.748031
0.74962
0.751124
0.752506
0.753744
0.754829
0.755764
0.756557
0.757222
0.757775
0.758236
0.75863
0.758987
0.759342
0.759736
0.76021
0.760806
0.761559
0.762491
0.763609
0.764898
0.766316
0.767796
0.769238
0.770512
0.771452
0.771858
0.771508
0.770176
0.76768
0.763944
0.759098
0.753556
0.74804
0.743458
0.740636
0.740005
0.741443
0.74437
0.748041
0.751828
0.755366
0.758559
0.761509
0.764417
0.767509
0.770971
0.774917
0.779366
0.784248
0.789416
0.794681
0.799839
0.804704
0.80913
0.813021
0.816333
0.81907
0.821277
0.823027
0.824419
0.825567
0.826604
0.827677
0.828937
0.830533
0.832579
0.835136
0.838183
0.841609
0.845217
0.848744
0.851897
0.854391
0.855985
0.856533
0.856021
0.854601
0.852604
0.850506
0.848831
0.848024
0.848334
0.849755
0.852052
0.854848
0.857714
0.860231
0.862032
0.862808
0.862326
0.860437
0.857098
0.852391
0.846534
0.839862
0.832798
0.825784
0.819235
0.813506
0.808905
0.805719
0.804241
0.804753
0.80747
0.812469
0.819615
0.828542
0.838687
0.849376
0.859932
0.869785
0.878538
0.885992
0.892141
0.897121
0.901146
0.904443
0.907196
0.909508
0.911408
0.912864
0.91383
0.914272
0.914197
0.913664
0.912773
0.911651
0.910426
0.909203
0.908047
0.906979
0.905985
0.905021
0.904034
0.902962
0.901743
0.900319
0.898647
0.89672
0.894595
0.892422
0.890449
0.888998
0.888394
0.888862
0.890448
0.89299
0.896165
0.899581
0.902871
0.90575
0.908044
0.909675
0.91064
0.910993
0.910826
0.910256
0.909418
0.908462
0.907535
0.906777
0.906303
0.906192
0.906473
0.90713
0.9081
0.90929
0.910592
0.911904
0.913147
0.914276
0.915283
0.916197
0.917074
0.91799
0.919032
0.920286
0.921833
0.923741
0.926053
0.928778
0.931876
0.935251
0.938751
0.942177
0.945293
0.947851
0.94961
0.950369
0.949988
0.948423
0.945745
0.942161
0.938006
0.933718
0.929773
0.926608
0.924535
0.92369
0.924021
0.925324
0.927307
0.929655
0.932088
0.93439
0.936419
0.938107
0.939451
0.940504
0.941364
0.942157
0.943009
0.944014
0.945194
0.946474
0.947688
0.948618
0.94906
0.948881
0.948059
0.946689
0.944944
0.943026
0.941113
0.93933
0.93773
0.936307
0.935004
0.93373
0.932382
0.930882
0.929241
0.927627
0.926422
0.926204
0.927597
0.931039
0.936546
0.943641
0.951483
0.959132
0.965794
0.970954
0.974406
0.976202
0.976583
0.975904
0.974558
0.972903
0.971203
0.969592
0.968074
0.966565
0.964947
0.963131
0.961102
0.958937
0.956798
0.9549
0.953465
0.952661
0.952553
0.953077
0.954048
0.955197
0.956219
0.956829
0.956791
0.955954
0.954256
0.951733
0.948514
0.944804
0.940848
0.936888
0.933112
0.929624
0.926435
0.923495
0.920727
0.91807
0.9155
0.91303
0.910698
0.908543
0.906594
0.904863
0.903353
0.902075
0.90107
0.900414
0.900207
0.900546
0.90147
0.902921
0.90472
0.906581
0.908153
0.909084
0.909082
0.90797
0.905737
0.902592
0.899
0.895677
0.893458
0.893053
0.894769
0.898372
0.903187
0.90838
0.91323
0.917287
0.920376
0.92253
0.923899
0.924675
0.925048
0.925175
0.925171
0.925103
0.924989
0.924794
0.924432
0.923771
0.922648
0.920911
0.918464
0.915337
0.911747
0.908124
0.905057
0.903149
0.902819
0.90414
0.906815
0.910303
0.914009
0.917443
0.920292
0.922414
0.923794
0.92449
0.924592
0.924191
0.923363
0.922168
0.920641
0.918803
0.916662
0.914222
0.911489
0.908475
0.905212
0.901746
0.898147
0.894505
0.890927
0.887529
0.884428
0.881731
0.87953
0.877896
0.876872
0.876475
0.876696
0.877501
0.878836
0.880627
0.882785
0.885204
0.887765
0.890334
0.892774
0.894955
0.896764
0.89812
0.898992
0.899403
0.899447
0.899277
0.899088
0.899077
0.899386
0.900062
0.901034
0.902145
0.903204
0.904051
0.904605
0.904881
0.904976
0.90503
0.905183
0.905534
0.906115
0.90689
0.907781
0.90869
0.90954
0.910294
0.910965
0.911609
0.912296
0.913058
0.913852
0.914557
0.915014
0.915111
0.914854
0.914399
0.914016
0.914004
0.914593
0.915874
0.917785
0.920151
0.922746
0.925354
0.927803
0.929979
0.931813
0.933267
0.934324
0.934975
0.935222
0.935083
0.934593
0.933811
0.932819
0.93172
0.930628
0.929656
0.928902
0.928438
0.928298
0.928481
0.928949
0.929638
0.930463
0.931323
0.932106
0.932682
0.932902
0.932591
0.931559
0.929613
0.926597
0.922439
0.917224
0.911254
0.905095
0.89955
0.895537
0.893874
0.895022
0.898923
0.90501
0.91239
0.920112
0.927377
0.933656
0.938698
0.942485
0.945159
0.946946
0.948095
0.948827
0.949299
0.949593
0.949725
0.949666
0.949369
0.948801
0.94796
0.946893
0.945697
0.944521
0.943544
0.942943
0.942851
0.943313
0.944254
0.945481
0.946708
0.94761
0.94787
0.947226
0.945514
0.942699
0.938928
0.934565
0.930207
0.926614
0.924533
0.924456
0.92643
0.930041
0.934586
0.939312
0.943609
0.947076
0.949517
0.950889
0.951252
0.950733
0.949494
0.947711
0.945549
0.943154
0.940655
0.938189
0.935924
0.934073
0.93287
0.932532
0.933191
0.934857
0.937401
0.940586
0.944117
0.947701
0.951083
0.954067
0.95652
0.958354
0.95951
0.959944
0.959614
0.958475
0.956489
0.95364
0.949962
0.945572
0.940703
0.935711
0.931034
0.927114
0.924273
0.922623
0.92204
0.922224
0.922816
0.923506
0.924102
0.924541
0.92487
0.925199
0.925655
0.926343
0.927318
0.928582
0.93008
0.931712
0.933347
0.934831
0.935999
0.936685
0.936741
0.936048
0.93454
0.932216
0.929156
0.925522
0.921552
0.91754
0.913801
0.910636
0.908294
0.906941
0.906642
0.907365
0.908986
0.91131
0.914091
0.917071
0.920003
0.922685
0.924981
0.926831
0.928251
0.929316
0.930137
0.93083
0.931475
0.932097
0.932646
0.933012
0.933049
0.932607
0.931566
0.92986
0.927488
0.924512
0.921048
0.917251
0.913296
0.909352
0.905571
0.902072
0.898941
0.896239
0.894012
0.892305
0.891173
0.890667
0.890822
0.891626
0.892995
0.89477
0.896723
0.898592
0.900122
0.901098
0.901381
0.900914
0.899731
0.89794
0.895709
0.893242
0.890755
0.888452
0.886499
0.88501
0.884035
0.88356
0.883516
0.883793
0.884259
0.884784
0.885256
0.885593
0.885748
0.885713
0.885502
0.885147
0.884672
0.88408
0.883345
0.882402
0.881164
0.879542
0.877477
0.874978
0.872154
0.869232
0.866548
0.864498
0.86345
0.863646
0.865119
0.867677
0.870963
0.874558
0.878083
0.881263
0.883948
0.886093
0.88772
0.888885
0.88964
0.890019
0.890028
0.889649
0.888855
0.887634
0.88601
0.884071
0.881968
0.879912
0.878144
0.876892
0.876329
0.876543
0.877536
0.879227
0.881487
0.884151
0.887041
0.889978
0.892786
0.895304
0.897391
0.89893
0.899829
0.900025
0.899471
0.89814
0.896003
0.893031
0.889181
0.884401
0.878655
0.871955
0.864434
0.856408
0.848423
0.841214
0.835577
0.832176
0.83138
0.833207
0.837375
0.843396
0.850673
0.858588
0.866573
0.874173
0.881073
0.887096
0.892179
0.896338
0.899643
0.902191
0.90409
0.905447
0.906354
0.906884
0.907085
0.906972
0.906534
0.905732
0.90451
0.902806
0.900559
0.897729
0.894302
0.8903
0.885788
0.880864
0.875665
0.870353
0.865111
0.860135
0.855617
0.851736
0.848626
0.846365
0.84496
0.844356
0.84444
0.845071
0.846088
0.847327
0.848638
0.849895
0.851011
0.851946
0.852708
0.853346
0.853932
0.854549
0.85527
0.856148
0.857207
0.858442
0.859826
0.861314
0.862854
0.864395
0.865893
0.867312
0.86862
0.869785
0.870768
0.871514
0.871957
0.872019
0.871625
0.870721
0.869291
0.86738
0.865098
0.862615
0.86014
0.857877
0.855988
0.854562
0.853616
0.853109
0.85297
0.853121
0.853488
0.853999
0.854581
0.855162
0.855675
0.856065
0.856294
0.856349
0.856241
0.856008
0.855711
0.855433
0.855268
0.855308
0.855623
0.856241
0.857137
0.858229
0.859392
0.860477
0.861336
0.861845
0.861918
0.861514
0.860639
0.859337
0.85769
0.855805
0.853811
0.851845
0.850048
0.848551
0.847461
0.846849
0.846743
0.847117
0.847898
0.848979
0.850235
0.851547
0.852824
0.949787
0.950875
0.951819
0.952696
0.953586
0.954553
0.955629
0.956805
0.958047
0.959302
0.960517
0.96165
0.962675
0.963579
0.964361
0.965026
0.965582
0.966039
0.96641
0.966706
0.96694
0.967118
0.967241
0.967305
0.9673
0.967228
0.967107
0.966995
0.966986
0.967209
0.967791
0.968824
0.970318
0.972184
0.974226
0.976182
0.977775
0.978781
0.97907
0.978637
0.977592
0.976137
0.974526
0.973025
0.971871
0.971244
0.971238
0.971849
0.972978
0.974447
0.976029
0.977486
0.978601
0.979208
0.979204
0.978555
0.977286
0.975476
0.973237
0.970708
0.968049
0.965435
0.963058
0.961111
0.959768
0.959147
0.959279
0.960096
0.961435
0.963081
0.964801
0.96639
0.967692
0.968611
0.969109
0.969193
0.968901
0.968283
0.967388
0.966258
0.964933
0.963454
0.961877
0.960266
0.958685
0.957178
0.955764
0.954438
0.953199
0.952081
0.951169
0.950602
0.950529
0.951062
0.952219
0.953912
0.955953
0.958111
0.960156
0.96191
0.963272
0.964213
0.964774
0.965044
0.965135
0.965167
0.965241
0.965429
0.965764
0.966236
0.966798
0.96738
0.967896
0.968262
0.968404
0.968267
0.967825
0.967082
0.966088
0.964932
0.963748
0.962699
0.961953
0.961654
0.961887
0.962658
0.963882
0.965404
0.967023
0.968532
0.969749
0.970551
0.970887
0.970792
0.970386
0.969861
0.969456
0.969403
0.969871
0.970911
0.972421
0.974161
0.975803
0.977004
0.977476
0.977043
0.975663
0.973437
0.970594
0.967455
0.96439
0.961757
0.959844
0.958821
0.958714
0.95942
0.960739
0.962423
0.964225
0.965938
0.967417
0.968586
0.969437
0.970009
0.970374
0.970613
0.970803
0.971006
0.971271
0.971644
0.972179
0.972939
0.973996
0.975412
0.977224
0.979424
0.981964
0.984759
0.987705
0.990688
0.993587
0.996281
0.998646
1.00056
1.00192
1.00261
1.00256
1.00174
1.00015
0.997859
0.995024
0.991885
0.988761
0.986005
0.98394
0.982788
0.982617
0.983337
0.984734
0.986537
0.988484
0.990362
0.992033
0.993433
0.99456
0.995469
0.996249
0.997018
0.997908
0.999049
1.00055
1.00248
1.00483
1.00752
1.01041
1.01332
1.01607
1.0185
1.02051
1.02205
1.02308
1.02362
1.02368
1.02329
1.02246
1.02122
1.01959
1.01763
1.01544
1.01317
1.01099
1.0091
1.00768
1.00684
1.00668
1.00724
1.00856
1.01067
1.01359
1.01732
1.02184
1.02704
1.03276
1.03877
1.04483
1.05066
1.05601
1.06067
1.06445
1.06726
1.06901
1.06971
1.06938
1.0681
1.06599
1.06319
1.05988
1.05628
1.05266
1.04932
1.04662
1.04489
1.0444
1.04528
1.04748
1.05076
1.05476
1.05908
1.06333
1.06716
1.07031
1.07255
1.07376
1.07391
1.07304
1.07132
1.06895
1.06616
1.06314
1.06002
1.05687
1.05373
1.05067
1.04785
1.0455
1.04387
1.04315
1.0434
1.04453
1.04633
1.04849
1.05063
1.05241
1.05347
1.05352
1.05236
1.04988
1.04614
1.04138
1.03605
1.03076
1.02622
1.0231
1.02188
1.02276
1.02562
1.03009
1.03564
1.0417
1.04775
1.05338
1.05832
1.06241
1.06559
1.06789
1.06938
1.07017
1.07037
1.07009
1.06943
1.06848
1.06732
1.066
1.06458
1.06312
1.06163
1.06015
1.05866
1.05718
1.0557
1.05421
1.05274
1.05132
1.04997
1.04875
1.04766
1.04668
1.04577
1.04484
1.04378
1.04248
1.04086
1.03887
1.03649
1.03376
1.03073
1.02752
1.02426
1.02113
1.01832
1.01604
1.01446
1.0137
1.0138
1.01468
1.01622
1.01822
1.02049
1.02286
1.02517
1.02733
1.02925
1.03085
1.03208
1.03285
1.03308
1.0327
1.03166
1.03
1.02791
1.02574
1.02395
1.02296
1.02293
1.02362
1.02449
1.02494
1.02463
1.0237
1.02287
1.02314
1.0254
1.02996
1.03638
1.04374
1.05103
1.05746
1.06268
1.06664
1.06957
1.07176
1.07357
1.07527
1.07709
1.07912
1.08139
1.08385
1.08638
1.08885
1.09111
1.09302
1.09447
1.09537
1.09566
1.09533
1.09438
1.09286
1.09084
1.08842
1.08573
1.0829
1.0801
1.07746
1.07514
1.07323
1.07177
1.07075
1.07004
1.06946
1.0688
1.06786
1.06651
1.0647
1.06246
1.05996
1.0574
1.05504
1.05311
1.05179
1.05111
1.05099
1.05118
1.05137
1.05118
1.05027
1.04833
1.04517
1.04077
1.03534
1.02939
1.02374
1.0194
1.01733
1.01804
1.02141
1.02681
1.0334
1.04044
1.04739
1.05395
1.05993
1.06521
1.06969
1.07329
1.07599
1.07776
1.07863
1.07867
1.07799
1.07677
1.0752
1.07351
1.07194
1.07064
1.0697
1.06911
1.06878
1.06857
1.06835
1.06799
1.06745
1.06676
1.06605
1.06551
1.06538
1.06588
1.06716
1.0693
1.07222
1.07572
1.07954
1.08335
1.08686
1.08983
1.09207
1.0935
1.09409
1.0939
1.09303
1.09161
1.08982
1.08785
1.0859
1.08417
1.08283
1.082
1.08176
1.0821
1.08298
1.08427
1.08579
1.08736
1.08876
1.08981
1.09035
1.09026
1.08949
1.08802
1.08593
1.08335
1.08045
1.07744
1.07456
1.072
1.06992
1.0684
1.06746
1.06706
1.06708
1.06739
1.06784
1.0683
1.06865
1.06884
1.06884
1.0687
1.06852
1.06841
1.0685
1.06894
1.06983
1.07124
1.07319
1.07565
1.07856
1.08179
1.08516
1.08847
1.0915
1.09403
1.09587
1.09692
1.09716
1.09667
1.09565
1.0944
1.09323
1.09247
1.09232
1.09287
1.09405
1.09564
1.09737
1.09898
1.10027
1.10112
1.10149
1.10142
1.101
1.10033
1.09953
1.09868
1.09786
1.09712
1.09649
1.09602
1.09578
1.09588
1.09647
1.09768
1.09955
1.10199
1.10475
1.1075
1.10991
1.11173
1.11284
1.11323
1.113
1.11228
1.11123
1.10996
1.10856
1.10709
1.10559
1.1041
1.10266
1.10134
1.1002
1.09931
1.0987
1.09842
1.09846
1.09877
1.09928
1.09984
1.1003
1.10051
1.10033
1.0997
1.09866
1.09735
1.09598
1.09485
1.09428
1.09456
1.09591
1.09844
1.10214
1.10688
1.1124
1.11838
1.12446
1.13026
1.13543
1.13967
1.14275
1.14456
1.14507
1.14438
1.14268
1.14023
1.13737
1.13443
1.13175
1.1296
1.12817
1.12758
1.12785
1.12889
1.13058
1.1327
1.13504
1.13731
1.13925
1.14056
1.14096
1.14021
1.13813
1.13466
1.12989
1.12408
1.11768
1.11129
1.1056
1.10125
1.09876
1.09843
1.1003
1.10417
1.10964
1.11617
1.12319
1.13014
1.13655
1.1421
1.14655
1.14982
1.15191
1.15289
1.15288
1.15202
1.15048
1.14842
1.14602
1.14344
1.14082
1.13827
1.13585
1.13359
1.13151
1.12961
1.12792
1.12654
1.12556
1.12513
1.12531
1.12609
1.12738
1.12899
1.13071
1.13234
1.13372
1.13476
1.13539
1.13559
1.13536
1.13469
1.13358
1.13206
1.13015
1.12792
1.12544
1.12279
1.12004
1.11723
1.11438
1.11143
1.10832
1.10491
1.10111
1.09682
1.09202
1.08678
1.08129
1.0758
1.07063
1.06608
1.06233
1.05945
1.05737
1.05591
1.05483
1.0539
1.0529
1.05176
1.0505
1.04926
1.04833
1.04802
1.04865
1.05041
1.05336
1.05734
1.0621
1.06728
1.07253
1.07755
1.08212
1.08608
1.08934
1.09188
1.09369
1.09477
1.09516
1.09487
1.09394
1.09243
1.09042
1.08805
1.08552
1.08307
1.08097
1.07947
1.07876
1.07891
1.07986
1.08145
1.08349
1.08574
1.08803
1.0902
1.09214
1.09379
1.09509
1.09603
1.09658
1.09675
1.09654
1.09598
1.0951
1.09395
1.09257
1.091
1.0893
1.08747
1.0855
1.08334
1.08094
1.0782
1.07501
1.07129
1.06699
1.0621
1.05669
1.05094
1.04512
1.03956
1.03469
1.03089
1.02855
1.02794
1.02923
1.03241
1.03732
1.04365
1.05098
1.05883
1.06674
1.07427
1.08105
1.08673
1.091
1.09359
1.09426
1.09289
1.08958
1.08481
1.07949
1.07485
1.07215
1.07208
1.07456
1.07877
1.08366
1.08831
1.09214
1.09482
1.09617
1.09605
1.0943
1.09083
1.08572
1.07928
1.0722
1.06541
1.05983
1.056
1.05389
1.05296
1.05254
1.05216
1.05171
1.05137
1.0514
1.05196
1.05298
1.05423
1.05542
1.05633
1.05689
1.0571
1.05704
1.05674
1.05616
1.05517
1.05366
1.05159
1.04913
1.0467
1.04488
1.04418
1.04477
1.04633
1.04819
1.04956
1.04977
1.04846
1.04553
1.04111
1.03549
1.02902
1.02208
1.01509
1.00848
1.00274
0.998323
0.995561
0.994528
0.995015
0.996634
0.999009
1.00193
1.00537
1.00939
1.01401
1.01912
1.02449
1.02986
1.03501
1.03978
1.04408
1.04789
1.05118
1.05395
1.05621
1.05793
1.05913
1.0598
1.05994
1.05958
1.05874
1.05743
1.05569
1.05356
1.05107
1.04826
1.04519
1.04193
1.03855
1.03512
1.03175
1.02854
1.02561
1.02308
1.02105
1.01963
1.01889
1.01885
1.01948
1.02071
1.02239
1.02438
1.02652
1.02863
1.0306
1.03231
1.0337
1.03475
1.03545
1.03585
1.03602
1.03606
1.03608
1.03619
1.03647
1.03699
1.03773
1.03866
1.03969
1.04069
1.04155
1.04217
1.04245
1.04236
1.04192
1.0412
1.04037
1.03962
1.03921
1.03933
1.04015
1.0417
1.04385
1.0464
1.04907
1.0516
1.05377
1.05549
1.05676
1.05764
1.05826
1.05874
1.05922
1.05979
1.06054
1.0615
1.06268
1.06406
1.06556
1.06704
1.06832
1.06914
1.06919
1.06815
1.06571
1.06168
1.05605
1.04912
1.04161
1.03466
1.02962
1.02757
1.0288
1.03265
1.03788
1.04329
1.04808
1.05199
1.05502
1.05734
1.05908
1.06031
1.0611
1.06154
1.06177
1.06197
1.06236
1.06311
1.06433
1.06602
1.06809
1.07035
1.07258
1.07453
1.07603
1.07696
1.07726
1.07698
1.07622
1.07511
1.07381
1.07244
1.0711
1.06986
1.06875
1.0678
1.06703
1.06642
1.06592
0.758615
0.758577
0.758638
0.758681
0.758636
0.758485
0.758261
0.758022
0.757834
0.757753
0.757815
0.758033
0.758399
0.758888
0.759459
0.760061
0.760637
0.761134
0.761509
0.761733
0.761802
0.761735
0.761569
0.761353
0.761139
0.76097
0.760873
0.760858
0.760919
0.761049
0.76124
0.7615
0.761852
0.762336
0.762997
0.763881
0.765022
0.766433
0.768103
0.769996
0.772058
0.774223
0.776421
0.778582
0.780635
0.782511
0.784138
0.785439
0.786339
0.786768
0.78668
0.786072
0.785008
0.783636
0.782185
0.780936
0.780154
0.78001
0.780533
0.781593
0.782944
0.784298
0.785382
0.785975
0.78592
0.785118
0.783525
0.781156
0.778093
0.774494
0.770603
0.766738
0.763267
0.760554
0.758905
0.758512
0.759425
0.76155
0.764679
0.768533
0.77281
0.777218
0.781501
0.785456
0.78894
0.791866
0.794196
0.795938
0.79713
0.797833
0.79812
0.798073
0.797773
0.797303
0.79674
0.796157
0.795619
0.795188
0.794918
0.794858
0.79505
0.79553
0.796325
0.797455
0.798921
0.800712
0.802798
0.805132
0.807655
0.810298
0.812994
0.815672
0.818267
0.820714
0.822947
0.824898
0.826491
0.82765
0.8283
0.828376
0.82784
0.82669
0.824985
0.822853
0.820491
0.818145
0.816066
0.814461
0.813443
0.813007
0.813044
0.813379
0.813821
0.814206
0.814438
0.814503
0.814477
0.814518
0.814836
0.815646
0.817121
0.819334
0.822243
0.825697
0.829481
0.833364
0.837153
0.840726
0.844038
0.847117
0.850038
0.852892
0.855754
0.858658
0.861577
0.864424
0.867063
0.869328
0.871048
0.872076
0.872306
0.871687
0.870224
0.86798
0.865069
0.861662
0.857989
0.854331
0.851
0.84827
0.846311
0.845131
0.844585
0.844437
0.84446
0.844523
0.84462
0.844868
0.84546
0.846615
0.848526
0.851326
0.855067
0.859705
0.865107
0.871055
0.877263
0.883401
0.889129
0.894135
0.898162
0.901033
0.902647
0.902983
0.902078
0.900011
0.896888
0.892833
0.887984
0.882509
0.876627
0.87062
0.864833
0.859655
0.855468
0.852601
0.851286
0.851638
0.853642
0.857166
0.861964
0.867698
0.873963
0.880318
0.886327
0.891601
0.895836
0.898854
0.900628
0.901298
0.901158
0.900622
0.90015
0.900168
0.900983
0.902727
0.905339
0.908597
0.912179
0.915731
0.918936
0.921549
0.923416
0.924472
0.924716
0.92419
0.922949
0.921045
0.918531
0.915477
0.912011
0.908358
0.904845
0.901875
0.899831
0.898975
0.89937
0.900874
0.9032
0.906004
0.908965
0.911823
0.914394
0.916564
0.918275
0.919515
0.9203
0.920666
0.920654
0.920295
0.919604
0.918565
0.917135
0.915241
0.912796
0.909715
0.90594
0.901475
0.896413
0.890966
0.885485
0.880443
0.876396
0.873882
0.873294
0.874769
0.878138
0.882986
0.88877
0.894946
0.901059
0.906775
0.911879
0.916254
0.919854
0.922689
0.924805
0.926275
0.927189
0.92764
0.927716
0.92749
0.927018
0.926335
0.925464
0.92441
0.923168
0.921718
0.920024
0.918036
0.915701
0.912984
0.909884
0.906458
0.902832
0.899199
0.895806
0.892908
0.890729
0.889409
0.88898
0.889362
0.890404
0.891927
0.893775
0.895837
0.898054
0.900406
0.902887
0.905488
0.908183
0.910929
0.913667
0.916332
0.918856
0.92117
0.923208
0.9249
0.926172
0.926944
0.927137
0.926673
0.925494
0.923567
0.920906
0.917578
0.913712
0.909505
0.905217
0.901165
0.89771
0.895214
0.893982
0.894169
0.895723
0.898386
0.90176
0.905424
0.909022
0.912308
0.915129
0.917395
0.919043
0.920011
0.920234
0.919652
0.918218
0.915919
0.912799
0.908989
0.904743
0.900449
0.896603
0.893722
0.892201
0.892186
0.893517
0.895794
0.898516
0.901224
0.903589
0.905435
0.9067
0.907392
0.907537
0.907151
0.906228
0.90476
0.902758
0.90029
0.897506
0.894638
0.891974
0.889796
0.888312
0.887596
0.887575
0.888059
0.888798
0.889557
0.890162
0.890527
0.890654
0.890606
0.890471
0.890325
0.890196
0.890061
0.889845
0.889454
0.888798
0.887817
0.886501
0.884897
0.883103
0.88126
0.879535
0.878103
0.877123
0.876725
0.876992
0.877959
0.879612
0.881901
0.884759
0.888109
0.891884
0.896023
0.900464
0.905136
0.909944
0.914772
0.919486
0.923947
0.928035
0.931653
0.934742
0.937282
0.939284
0.940789
0.941859
0.942564
0.942985
0.943202
0.943294
0.943338
0.943409
0.943582
0.94393
0.944521
0.945417
0.946668
0.948302
0.950323
0.952703
0.955387
0.958291
0.961319
0.964373
0.967362
0.97022
0.972901
0.975384
0.97766
0.97972
0.981547
0.983112
0.984376
0.985303
0.985871
0.986083
0.98598
0.985641
0.985181
0.984745
0.984496
0.984594
0.985186
0.986385
0.988266
0.99086
0.99416
0.998124
1.00268
1.00774
1.01318
1.01888
1.02469
1.03041
1.03588
1.04092
1.04539
1.0492
1.05235
1.0549
1.05692
1.05852
1.05978
1.06075
1.06145
1.06191
1.06215
1.06222
1.06217
1.06197
1.06147
1.06042
1.05852
1.05557
1.05157
1.04678
1.04173
1.03707
1.03345
1.03132
1.03089
1.0321
1.0347
1.0383
1.04246
1.04673
1.05065
1.05387
1.05611
1.05723
1.05722
1.05619
1.05433
1.05193
1.04931
1.04681
1.04469
1.04315
1.04223
1.04184
1.04178
1.0418
1.04173
1.04153
1.04132
1.04133
1.04182
1.04302
1.04506
1.04796
1.05169
1.05611
1.06107
1.06638
1.07183
1.07717
1.08217
1.08661
1.0903
1.0931
1.09493
1.09573
1.09551
1.09431
1.09221
1.08932
1.08579
1.08178
1.07748
1.07302
1.0685
1.06396
1.05937
1.05463
1.04968
1.04448
1.03906
1.03356
1.02825
1.02349
1.01975
1.01744
1.01684
1.01797
1.02048
1.02378
1.02715
1.02992
1.03161
1.03198
1.0311
1.02924
1.02686
1.02453
1.02286
1.02238
1.02352
1.02646
1.03115
1.0373
1.04441
1.0519
1.05915
1.06564
1.07094
1.0748
1.07714
1.07803
1.07771
1.07647
1.07466
1.07255
1.07033
1.06812
1.06601
1.06414
1.06277
1.06232
1.06331
1.06619
1.07117
1.07807
1.08635
1.09521
1.10382
1.11147
1.11764
1.122
1.12441
1.12491
1.12371
1.12119
1.11792
1.11457
1.11181
1.11021
1.1101
1.11149
1.11416
1.11768
1.1216
1.12553
1.12919
1.13239
1.1351
1.13734
1.13922
1.14093
1.14267
1.1446
1.14681
1.14926
1.15175
1.15396
1.1555
1.15601
1.15517
1.1528
1.14889
1.14361
1.1373
1.13048
1.12375
1.11779
1.11317
1.11026
1.10907
1.10914
1.10967
1.10969
1.10847
1.10578
1.10202
1.09811
1.09523
1.09446
1.09662
1.10211
1.1109
1.12233
1.13526
1.14824
1.15996
1.16951
1.17646
1.18076
1.18266
1.18257
1.18098
1.17841
1.17535
1.17219
1.16924
1.16664
1.16442
1.16255
1.16095
1.1595
1.1581
1.15664
1.15498
1.15297
1.15044
1.14726
1.14337
1.13888
1.13417
1.12988
1.1268
1.12564
1.12678
1.13015
1.13529
1.14151
1.14804
1.15425
1.15975
1.16442
1.16841
1.17194
1.17524
1.17839
1.18133
1.18388
1.18578
1.18679
1.18673
1.18546
1.18286
1.17888
1.17346
1.16657
1.15828
1.14883
1.13881
1.1292
1.12142
1.11688
1.1165
1.12012
1.12651
1.13388
1.14048
1.14499
1.14664
1.14508
1.14037
1.13297
1.12389
1.1147
1.1074
1.10394
1.10564
1.11271
1.12429
1.13882
1.15463
1.17025
1.18461
1.197
1.20702
1.21451
1.2195
1.22217
1.22283
1.2219
1.21985
1.21716
1.21423
1.21139
1.20885
1.20669
1.20489
1.20338
1.20202
1.20064
1.19905
1.19706
1.1945
1.19128
1.18741
1.1831
1.1787
1.1747
1.1716
1.16983
1.16957
1.17074
1.17302
1.17594
1.17903
1.18184
1.18403
1.18543
1.18605
1.18609
1.18592
1.186
1.18673
1.18828
1.19054
1.19313
1.19558
1.19747
1.19852
1.19863
1.19787
1.19638
1.19433
1.19191
1.18923
1.18637
1.18337
1.18024
1.17702
1.17375
1.17056
1.16759
1.16504
1.16311
1.16195
1.16167
1.16225
1.1636
1.16551
1.1677
1.16983
1.17154
1.17248
1.17237
1.17099
1.16819
1.16389
1.15806
1.15071
1.1419
1.13186
1.1212
1.11128
1.10434
1.10305
1.10927
1.12273
1.14107
1.16108
1.18012
1.19669
1.21026
1.22082
1.22858
1.23374
1.23643
1.23669
1.23451
1.22996
1.22325
1.21494
1.20597
1.19767
1.19139
1.18804
1.18771
1.18965
1.1926
1.19528
1.19671
1.19631
1.19389
1.18952
1.18352
1.17636
1.16874
1.16152
1.15562
1.15168
1.14987
1.14985
1.151
1.15271
1.15458
1.15633
1.15774
1.15848
1.15809
1.15613
1.15229
1.14656
1.13933
1.13136
1.12363
1.11712
1.11254
1.11017
1.10984
1.11109
1.11331
1.11593
1.11848
1.12066
1.12237
1.12363
1.12464
1.12567
1.12702
1.12894
1.13164
1.13516
1.13945
1.14431
1.14945
1.15453
1.15914
1.16291
1.16543
1.16633
1.16524
1.16183
1.15585
1.14719
1.13601
1.12284
1.10871
1.09504
1.08347
1.07543
1.07171
1.07227
1.07627
1.08237
1.08911
1.09526
1.09995
1.10268
1.1033
1.10182
1.09842
1.09341
1.08726
1.08062
1.07433
1.0692
1.0658
1.06423
1.06412
1.06481
1.06561
1.06604
1.06584
1.06501
1.06365
1.0619
1.05993
1.05786
1.05578
1.05379
1.05192
1.05024
1.04878
1.04756
1.04659
1.04586
1.04534
1.04499
1.04482
1.04484
1.0451
1.04569
1.04666
1.04798
1.04951
1.05099
1.05211
1.05251
1.0519
1.05007
1.04699
1.04279
1.03784
1.03272
1.02814
1.0248
1.02325
1.02362
1.02561
1.02856
1.03168
1.03427
1.0359
1.03648
1.0362
1.03538
1.03442
1.03368
1.0335
1.03417
1.03596
1.03903
1.04338
1.04885
1.05506
1.06159
1.06798
1.07388
1.07906
1.08343
1.087
1.08984
1.09207
1.0938
1.09514
1.09618
1.09701
1.0977
1.09834
1.099
0.739785
0.740881
0.742349
0.744175
0.746318
0.748722
0.751308
0.753988
0.756666
0.759242
0.76162
0.763715
0.765456
0.766795
0.767713
0.768223
0.768374
0.768253
0.767976
0.767684
0.767528
0.767652
0.768185
0.769227
0.770842
0.773064
0.775892
0.779296
0.783219
0.787577
0.792265
0.797164
0.802156
0.807137
0.812026
0.816774
0.821352
0.825748
0.829947
0.833925
0.83764
0.841028
0.844011
0.846496
0.848393
0.849612
0.850079
0.849738
0.848564
0.846582
0.843894
0.8407
0.837323
0.834198
0.831821
0.830672
0.831119
0.833341
0.837299
0.842748
0.849278
0.856383
0.863533
0.870243
0.876111
0.880837
0.884214
0.886109
0.886451
0.885231
0.882529
0.878528
0.873533
0.867961
0.862307
0.857097
0.85284
0.84999
0.848902
0.849784
0.852636
0.857231
0.863131
0.869764
0.876528
0.882897
0.888501
0.893144
0.896778
0.899424
0.901101
0.901793
0.901497
0.9003
0.898446
0.896307
0.894242
0.892422
0.890726
0.888797
0.886214
0.882675
0.878101
0.872646
0.866643
0.860559
0.854951
0.850411
0.847499
0.846636
0.848023
0.851586
0.856993
0.863719
0.871151
0.878689
0.885833
0.892229
0.897681
0.902113
0.905521
0.907922
0.909314
0.90967
0.908958
0.907163
0.904313
0.900494
0.895852
0.890583
0.884931
0.879176
0.873628
0.868607
0.864418
0.861317
0.859477
0.858967
0.859765
0.861786
0.864927
0.86909
0.87417
0.879997
0.886269
0.892512
0.898116
0.902433
0.904921
0.905284
0.903567
0.900194
0.895915
0.891694
0.888532
0.887285
0.888499
0.892307
0.89841
0.906155
0.914716
0.923295
0.931279
0.938295
0.944189
0.948962
0.952709
0.955571
0.957691
0.959179
0.960087
0.9604
0.960058
0.958992
0.957163
0.954581
0.951304
0.947418
0.943008
0.938128
0.932793
0.926989
0.920726
0.914138
0.907612
0.901908
0.898127
0.897451
0.90065
0.907641
0.91743
0.928488
0.93929
0.948681
0.955994
0.961001
0.963813
0.964802
0.964526
0.963646
0.962801
0.962471
0.962859
0.96387
0.965173
0.966342
0.966999
0.966917
0.966065
0.964591
0.96279
0.96105
0.959797
0.959439
0.960307
0.962599
0.966342
0.971376
0.977374
0.98388
0.99037
0.99631
1.00121
1.00467
1.00641
1.00627
1.00423
1.00039
0.994907
0.987962
0.97971
0.970281
0.959847
0.948737
0.937545
0.927162
0.91866
0.913053
0.910995
0.912567
0.917236
0.924006
0.931713
0.939322
0.946139
0.951876
0.956606
0.960641
0.964409
0.968342
0.972788
0.977938
0.983799
0.990223
0.997009
1.00401
1.01119
1.01856
1.0261
1.03359
1.04065
1.04676
1.05142
1.0542
1.0548
1.053
1.04869
1.04176
1.03219
1.02003
1.00552
0.9892
0.97201
0.955314
0.940784
0.930066
0.924332
0.923928
0.928322
0.936363
0.946641
0.957774
0.968555
0.978011
0.985438
0.990408
0.992766
0.992611
0.990262
0.986212
0.981088
0.975608
0.970535
0.966626
0.964577
0.964959
0.968133
0.974154
0.982706
0.993126
1.00454
1.01605
1.0269
1.03655
1.04469
1.05118
1.05601
1.05926
1.06107
1.06164
1.06116
1.05986
1.05791
1.05546
1.05265
1.04957
1.04637
1.04322
1.04035
1.03803
1.03648
1.03587
1.03622
1.03737
1.03909
1.04101
1.04282
1.04422
1.04505
1.04522
1.04471
1.04354
1.04174
1.0393
1.03624
1.0327
1.02897
1.02553
1.02298
1.02178
1.02208
1.02355
1.02553
1.02726
1.02807
1.02755
1.02556
1.02224
1.01795
1.01325
1.00886
1.0055
1.00376
1.00394
1.00598
1.00952
1.01412
1.01938
1.02506
1.03107
1.03734
1.04375
1.05004
1.05583
1.0607
1.06426
1.06625
1.0666
1.06543
1.06302
1.05974
1.05603
1.05225
1.04869
1.04551
1.04275
1.04026
1.03778
1.03496
1.03141
1.02684
1.02113
1.01439
1.00701
0.999536
0.992542
0.986408
0.98119
0.976613
0.972196
0.96745
0.962076
0.956114
0.950017
0.944591
0.940809
0.939513
0.941187
0.945892
0.95337
0.963189
0.974829
0.987706
1.00118
1.01459
1.02732
1.03883
1.04869
1.05661
1.06237
1.06585
1.06698
1.06573
1.06211
1.05621
1.04829
1.03888
1.02891
1.0196
1.01225
1.00772
1.00613
1.00682
1.00876
1.01096
1.01279
1.014
1.01459
1.01472
1.01453
1.01413
1.01353
1.01262
1.01126
1.00921
1.00627
1.00227
0.997144
0.990989
0.984079
0.976867
0.969935
0.963915
0.959396
0.956848
0.956573
0.958692
0.96315
0.969722
0.97803
0.987579
0.997813
1.00819
1.01824
1.02763
1.03611
1.04356
1.04986
1.05489
1.05852
1.06055
1.06083
1.0593
1.05608
1.05157
1.04645
1.04154
1.03765
1.03537
1.03482
1.03562
1.037
1.03806
1.03796
1.03623
1.03271
1.02768
1.02173
1.01576
1.01085
1.00808
1.00826
1.01159
1.01754
1.02494
1.03239
1.03866
1.04304
1.04534
1.04584
1.04517
1.0441
1.0434
1.04363
1.04504
1.04754
1.05068
1.05388
1.05648
1.05797
1.058
1.05639
1.05316
1.04841
1.04244
1.03567
1.0287
1.02222
1.01687
1.01307
1.01093
1.01022
1.01055
1.01149
1.01272
1.01403
1.01528
1.01637
1.01714
1.01742
1.01711
1.01633
1.01552
1.01536
1.01657
1.01952
1.02401
1.02934
1.03464
1.03925
1.04285
1.0455
1.04745
1.049
1.05037
1.0517
1.05302
1.05431
1.05547
1.05637
1.05683
1.0566
1.05542
1.05311
1.04957
1.04486
1.03922
1.03296
1.02643
1.01983
1.01318
1.00639
0.999384
0.992356
0.985876
0.980844
0.978211
0.978591
0.981961
0.987658
0.994664
1.00198
1.00888
1.01493
1.01997
1.02393
1.02686
1.02881
1.02991
1.03035
1.03037
1.03022
1.03014
1.03028
1.03073
1.03145
1.03233
1.03316
1.03363
1.03338
1.03199
1.02908
1.02444
1.01811
1.01054
1.00255
0.995235
0.989674
0.986726
0.986841
0.990015
0.995826
1.00355
1.01231
1.02128
1.02978
1.03737
1.0438
1.04898
1.05291
1.05557
1.05691
1.05678
1.05501
1.05148
1.04624
1.03962
1.03222
1.02488
1.01845
1.01352
1.01027
1.00845
1.00756
1.00709
1.00666
1.00613
1.00552
1.00492
1.00441
1.00403
1.00379
1.00367
1.0037
1.00395
1.00457
1.00571
1.00754
1.01018
1.01363
1.01779
1.02242
1.02715
1.03154
1.03507
1.03725
1.03766
1.03601
1.0322
1.02634
1.01875
1.00996
1.00064
0.991481
0.983123
0.976027
0.970422
0.966309
0.963534
0.961892
0.961213
0.961398
0.962386
0.96409
0.966347
0.968914
0.971507
0.97386
0.975771
0.977116
0.977839
0.977938
0.977448
0.97644
0.975025
0.973359
0.971647
0.970128
0.969032
0.968515
0.968596
0.96912
0.969806
0.970328
0.970407
0.969863
0.968607
0.966609
0.963871
0.960416
0.956312
0.951702
0.946826
0.942008
0.937609
0.933954
0.931244
0.929494
0.928532
0.928066
0.927806
0.927574
0.927367
0.927346
0.927764
0.928853
0.930729
0.933331
0.936438
0.939736
0.942904
0.945678
0.947878
0.949404
0.950212
0.950286
0.949627
0.94826
0.946248
0.943724
0.940904
0.93808
0.935578
0.933682
0.932569
0.93226
0.932624
0.93343
0.934407
0.935306
0.935938
0.936184
0.93598
0.935279
0.934033
0.932184
0.929702
0.926615
0.923029
0.91911
0.915038
0.910969
0.907022
0.903291
0.899884
0.896954
0.894706
0.893382
0.893219
0.894398
0.897001
0.900978
0.906156
0.912252
0.918927
0.92582
0.932592
0.938939
0.94459
0.949296
0.952824
0.954969
0.955576
0.95459
0.95212
0.9485
0.944331
0.940452
0.93781
0.93724
0.939215
0.94371
0.950251
0.958109
0.966548
0.97499
0.983087
0.990711
0.997887
1.00471
1.01129
1.01764
1.02374
1.02947
1.03468
1.03922
1.04292
1.04566
1.04738
1.04802
1.04762
1.04625
1.04406
1.04125
1.03811
1.03494
1.03207
1.02974
1.02806
1.02701
1.0264
1.02595
1.02536
1.02434
1.02269
1.02031
1.01719
1.01342
1.00915
1.00459
0.99998
0.995586
0.991691
0.988582
0.986529
0.985737
0.986273
0.988
0.99055
0.993364
0.995812
0.997333
0.997582
0.996531
0.994508
0.992167
0.990375
0.990019
0.991795
0.996026
1.00258
1.01091
1.02014
1.02927
1.0373
1.04346
1.04726
1.04864
1.04793
1.04586
1.04343
1.04169
1.04156
1.04361
1.04793
1.05417
1.06163
1.06938
1.0765
1.08217
1.08581
1.08712
1.0861
1.083
1.07825
1.0723
1.06554
1.05826
1.05065
1.04293
1.03559
1.02943
1.02555
1.02498
1.0283
1.03536
1.04535
1.05708
1.06939
1.08129
1.09207
1.10125
1.10855
1.11383
1.11706
1.11829
1.11762
1.11518
1.11115
1.10575
1.09926
1.09203
1.08448
1.07706
1.07026
1.06445
1.05989
1.05666
1.05464
1.05365
1.05347
1.054
1.05523
1.05728
1.06025
1.06416
1.06883
1.07393
1.07897
1.08345
1.08692
1.08907
1.08978
1.08903
1.08695
1.08374
1.07968
1.07505
1.07018
1.06538
1.06091
1.05698
1.05371
1.05112
1.04918
1.04782
1.04694
1.04643
1.04616
1.04598
1.04566
1.04497
1.04364
1.04149
1.03849
1.03479
1.03067
1.02644
1.02234
1.01845
1.0148
1.01143
1.00842
1.00592
1.00405
1.0029
1.00248
1.00278
1.00377
1.00537
1.00749
1.00997
1.0126
1.01514
1.01736
1.01909
1.02026
1.02089
1.02112
1.0211
1.02099
1.02079
1.02037
1.01946
1.01775
1.01501
1.01127
1.00691
1.00257
0.999063
0.997117
0.997157
0.999189
1.00281
1.00732
1.01192
1.01587
1.01868
1.02014
1.02028
1.01935
1.01766
1.01553
1.01321
1.01084
1.00844
1.00592
1.00317
1.00007
0.99654
0.992603
0.98836
0.984002
0.979779
0.975962
0.972805
0.97052
0.969262
0.969123
0.97013
0.972239
0.975336
0.979232
0.983678
0.988383
0.993045
0.997386
1.00118
1.00427
1.00658
1.00808
1.00882
1.00884
1.00822
1.007
1.0052
1.00281
0.999872
0.996528
0.993091
0.815523
0.814579
0.815493
0.818399
0.82314
0.829326
0.83646
0.844075
0.851809
0.859429
0.815523
0.814579
0.815493
0.818399
0.82314
0.829326
0.83646
0.844075
0.851809
0.859429
0.866798
0.873836
0.880484
0.886685
0.892378
0.897512
0.902045
0.905957
0.909247
0.911925
0.914007
0.915499
0.916394
0.916674
0.916316
0.915301
0.913633
0.911341
0.908493
0.905201
0.90163
0.898011
0.894627
0.891782
0.889738
0.888655
0.888553
0.889341
0.890876
0.893035
0.895742
0.898965
0.902679
0.90684
0.911365
0.916137
0.921015
0.925852
0.930491
0.934766
0.938493
0.941478
0.943545
0.944563
0.944461
0.94323
0.940923
0.937669
0.933716
0.929485
0.925606
0.922877
0.922116
0.923912
0.928376
0.935025
0.942886
0.950793
0.957695
0.962868
0.965964
0.966948
0.965991
0.963367
0.959373
0.954275
0.94829
0.94159
0.934335
0.926721
0.919014
0.911566
0.904768
0.898965
0.894361
0.890942
0.888465
0.886515
0.884601
0.882292
0.879346
0.87581
0.872056
0.868706
0.866446
0.865797
0.866957
0.869769
0.873834
0.878666
0.883822
0.88895
0.893791
0.89813
0.901761
0.904455
0.905948
0.905964
0.904238
0.900576
0.894918
0.887423
0.878554
0.869119
0.860206
0.852963
0.848292
0.846592
0.847729
0.851195
0.856335
0.86251
0.869188
0.875972
0.882593
0.888873
0.894662
0.899801
0.904116
0.907457
0.909737
0.910956
0.911187
0.910554
0.909195
0.907236
0.904779
0.90191
0.898712
0.89528
0.891726
0.888173
0.88474
0.881521
0.878574
0.87591
0.873503
0.871299
0.869238
0.867283
0.865445
0.86381
0.862545
0.861875
0.86204
0.863233
0.865538
0.868899
0.873127
0.87794
0.883013
0.888029
0.892713
0.896845
0.900254
0.902818
0.904442
0.905061
0.904628
0.903122
0.900549
0.896951
0.892406
0.887032
0.88098
0.874422
0.867549
0.860564
0.853687
0.847165
0.841271
0.836275
0.832402
0.829778
0.828395
0.828138
0.828855
0.830441
0.832864
0.836131
0.840216
0.845017
0.85036
0.856039
0.861855
0.867643
0.873269
0.878624
0.883615
0.888167
0.892218
0.895728
0.898677
0.901066
0.902899
0.904175
0.904869
0.904924
0.904253
0.902744
0.900281
0.89678
0.892234
0.886758
0.88064
0.874352
0.868518
0.863835
0.860946
0.860314
0.862135
0.866328
0.872574
0.880399
0.889247
0.898533
0.907689
0.916199
0.923632
0.929662
0.93408
0.936782
0.937764
0.937098
0.934923
0.93144
0.926912
0.921658
0.916035
0.910411
0.905116
0.900403
0.896422
0.893209
0.890692
0.888705
0.887017
0.885386
0.883617
0.881636
0.879546
0.87765
0.876414
0.876367
0.877923
0.881222
0.886029
0.891762
0.897638
0.902881
0.906906
0.90944
0.910546
0.910576
0.910073
0.909658
0.909925
0.911349
0.914228
0.918651
0.924491
0.931429
0.938998
0.946656
0.953857
0.960124
0.965086
0.968503
0.970256
0.970331
0.968799
0.965808
0.961565
0.956328
0.950391
0.944085
0.937776
0.931883
0.926866
0.923175
0.921152
0.920906
0.92223
0.924616
0.927361
0.929739
0.931148
0.931207
0.929789
0.926998
0.923119
0.918549
0.913718
0.909017
0.904734
0.90103
0.897954
0.895492
0.893627
0.892392
0.89189
0.892264
0.893648
0.896087
0.899488
0.903605
0.908081
0.912514
0.916524
0.919799
0.922118
0.923338
0.923385
0.922234
0.919901
0.916452
0.912018
0.906829
0.901228
0.895671
0.890676
0.886727
0.884149
0.883015
0.883122
0.884058
0.885319
0.886442
0.887097
0.887141
0.886627
0.885775
0.884918
0.884412
0.884535
0.885405
0.886943
0.888904
0.890942
0.892699
0.893874
0.894258
0.893754
0.892374
0.890215
0.887436
0.884234
0.880814
0.877371
0.874079
0.871083
0.868496
0.866398
0.86483
0.863795
0.863254
0.863128
0.863312
0.863679
0.864093
0.864425
0.864566
0.864446
0.86406
0.863491
0.862919
0.862613
0.862894
0.864067
0.866355
0.869839
0.874428
0.879872
0.885794
0.891738
0.89722
0.901779
0.90503
0.906709
0.906731
0.905233
0.90259
0.899389
0.896312
0.893979
0.892774
0.89276
0.89371
0.895239
0.896944
0.898498
0.899686
0.900389
0.900562
0.900208
0.899368
0.898133
0.896661
0.895207
0.894145
0.893945
0.895077
0.897829
0.902151
0.907602
0.913476
0.919011
0.92358
0.926787
0.928477
0.928681
0.927567
0.925386
0.922435
0.919029
0.915479
0.912074
0.90907
0.90667
0.905017
0.90418
0.90414
0.9048
0.905995
0.907512
0.909116
0.910572
0.91167
0.91225
0.912242
0.911706
0.910862
0.910084
0.909836
0.910545
0.912452
0.915518
0.919412
0.92361
0.927525
0.930637
0.932577
0.933166
0.93241
0.930484
0.9277
0.924478
0.921293
0.918612
0.916809
0.916095
0.916486
0.917831
0.919891
0.922425
0.925244
0.928217
0.93125
0.934275
0.937245
0.940133
0.942909
0.9455
0.947752
0.949433
0.950257
0.949924
0.948169
0.944788
0.939664
0.932811
0.924419
0.914901
0.904913
0.895306
0.887015
0.880898
0.877571
0.877291
0.879932
0.885038
0.891931
0.899821
0.907912
0.915471
0.921869
0.926609
0.929333
0.929835
0.928078
0.924206
0.918552
0.911637
0.904121
0.896743
0.890219
0.885153
0.881961
0.880842
0.881793
0.884644
0.889101
0.894789
0.901288
0.908182
0.915107
0.921798
0.928114
0.934035
0.939624
0.944976
0.950154
0.955158
0.959907
0.964255
0.968016
0.970987
0.972975
0.973809
0.973365
0.971599
0.968587
0.96456
0.959918
0.955209
0.95104
0.947952
0.946277
0.946037
0.946932
0.948418
0.94984
0.950578
0.950161
0.948335
0.945102
0.94071
0.935621
0.930447
0.925862
0.92251
0.920915
0.921412
0.924094
0.928805
0.93517
0.94268
0.950781
0.958964
0.966815
0.974025
0.980381
0.985736
0.989995
0.993101
0.995037
0.995841
0.995618
0.994555
0.992918
0.991038
0.989284
0.988013
0.987518
0.987988
0.989478
0.991922
0.995155
0.998968
1.00315
1.00752
1.01194
1.01632
1.02058
1.02464
1.02844
1.03188
1.03488
1.03735
1.03921
1.04036
1.04071
1.04016
1.03857
1.03576
1.03155
1.02573
1.01815
1.00877
0.997715
0.985384
0.972521
0.960222
0.949832
0.942681
0.939713
0.941148
0.946396
0.954248
0.963257
0.972107
0.979866
0.98609
0.990796
0.994356
0.99733
1.00029
1.00365
1.00759
1.01204
1.01674
1.02136
1.02561
1.02925
1.03212
1.03412
1.03515
1.03512
1.03393
1.03148
1.02773
1.02267
1.01643
1.0093
1.00175
0.99442
0.987992
0.983059
0.979933
0.97857
0.978619
0.979565
0.980884
0.982138
0.983005
0.983285
0.982893
0.98187
0.980388
0.978733
0.977244
0.976226
0.975872
0.976231
0.977224
0.978709
0.980535
0.982595
0.984853
0.987358
0.990224
0.993591
0.997568
1.00217
1.00731
1.01277
1.01827
1.02348
1.02814
1.03203
1.03508
1.0373
1.03883
1.03984
1.04046
1.04069
1.04032
1.039
1.03634
1.0321
1.02647
1.02026
1.01492
1.01224
1.01367
1.01958
1.02907
1.0404
1.0518
1.06191
1.07001
1.07585
1.07946
1.08107
1.08099
1.0796
1.07731
1.07452
1.0716
1.06884
1.06633
1.06399
1.06156
1.05868
1.05501
1.05031
1.04459
1.03815
1.03155
1.02561
1.02124
1.01926
1.0202
1.02418
1.03076
1.03913
1.04827
1.05723
1.06522
1.0717
1.07631
1.07886
1.07924
1.07741
1.07341
1.06729
1.0592
1.0493
1.03785
1.02519
1.01183
0.998435
0.985835
0.974953
0.966665
0.961613
0.960046
0.961744
0.966068
0.972103
0.978827
0.985268
0.990632
0.99439
0.996343
0.99663
0.995693
0.994167
0.992713
0.991851
0.991839
0.992667
0.99414
0.995997
0.997988
0.999904
1.00157
1.00281
1.00349
1.00343
1.00251
1.00064
0.997799
0.994044
0.989554
0.984631
0.979697
0.975256
0.971802
0.969711
0.969129
0.969931
0.971767
0.974179
0.976724
0.979054
0.980935
0.982229
0.982868
0.982845
0.982226
0.98118
0.979989
0.979029
0.978708
0.979366
0.981179
0.984115
0.987944
0.992307
0.996785
1.00097
1.00449
1.00708
1.00853
1.00873
1.00764
1.00527
1.00171
0.997135
0.991852
0.986293
0.980991
0.976486
0.973179
0.971203
0.970361
0.970183
0.970058
0.969389
0.967714
0.964791
0.960625
0.95547
0.94979
0.944183
0.93926
0.9355
0.933122
0.932022
0.931825
0.932019
0.932153
0.931987
0.93158
0.931278
0.931624
0.933216
0.936545
0.941851
0.949053
0.957778
0.967472
0.977542
0.98747
0.996881
1.00555
1.01336
1.02029
1.0263
1.03135
1.0353
1.03803
1.03943
1.03948
1.03831
1.03621
1.03359
1.03088
1.02851
1.02679
1.02591
1.02586
1.02657
1.02782
1.0294
1.03106
1.03255
1.03368
1.03427
1.03423
1.03357
1.03246
1.03123
1.03032
1.03015
1.03097
1.03274
1.03514
1.0377
1.03996
1.04153
1.04214
1.0416
1.0398
1.03663
1.0321
1.02633
1.01959
1.01242
1.00564
1.00037
0.997783
0.998757
1.00342
1.01107
1.02041
1.03009
1.03902
1.04653
1.05225
1.05598
1.05758
1.05697
1.05416
1.04942
1.04337
1.03698
1.03139
1.02745
1.02536
1.0246
1.02426
1.02353
1.022
1.01971
1.01703
1.01442
1.01229
1.0109
1.01032
1.01052
1.01132
1.01249
1.01377
1.01489
1.01561
1.01575
1.01516
1.01378
1.01161
1.00872
1.00525
1.00139
0.997374
0.993427
0.989715
0.986342
0.983367
0.980849
0.978836
0.977302
0.97605
0.974674
0.972637
0.969477
0.965052
0.959732
0.954426
0.950357
0.948596
0.949587
0.952999
0.95802
0.963859
0.970071
0.976562
0.983361
0.990373
0.997272
1.00355
1.00866
1.01214
1.01372
1.01325
1.01073
1.00627
1.00003
0.99225
0.983254
0.973436
0.96329
0.953399
0.944391
0.936853
0.931212
0.927623
0.925915
0.92563
0.926139
0.926791
0.927045
0.926552
0.925176
0.92298
0.920186
0.917116
0.914131
0.911565
0.909675
0.908603
0.908361
0.908851
0.909898
0.911314
0.912969
0.914865
0.917171
0.920195
0.924278
0.929636
0.936227
0.943712
0.951525
0.959022
0.965623
0.970908
0.974656
0.976836
0.977572
0.828015
0.827175
0.826077
0.824907
0.823822
0.82294
0.822344
0.822061
0.822056
0.822224
0.822419
0.822491
0.822351
0.822015
0.82164
0.821499
0.821922
0.823188
0.825437
0.828631
0.832571
0.836972
0.841534
0.845987
0.850108
0.853722
0.856685
0.858882
0.860223
0.860654
0.860166
0.858801
0.85666
0.8539
0.850757
0.847565
0.844777
0.842942
0.842605
0.844136
0.84758
0.852612
0.858649
0.865045
0.871272
0.877003
0.88211
0.886599
0.890548
0.894047
0.897181
0.900013
0.902597
0.90498
0.90721
0.909338
0.911425
0.913542
0.915765
0.918172
0.920843
0.923888
0.927476
0.931842
0.937239
0.943822
0.951525
0.960005
0.968702
0.976971
0.984233
0.990061
0.994208
0.996569
0.997129
0.995907
0.992915
0.988149
0.981622
0.973419
0.963799
0.953289
0.942726
0.933196
0.925842
0.921581
0.920871
0.923619
0.929285
0.937107
0.946312
0.956227
0.966285
0.97598
0.984838
0.992433
0.998441
1.00271
1.0053
1.00657
1.00706
1.00749
1.00844
1.01018
1.01249
1.01466
1.01573
1.0147
1.01079
1.00361
0.993172
0.979941
0.964784
0.948882
0.933599
0.92031
0.910206
0.904141
0.902502
0.905168
0.911534
0.920628
0.93128
0.942326
0.952769
0.961906
0.96938
0.975198
0.97968
0.983357
0.986811
0.990494
0.994609
0.999078
1.00361
1.00777
1.01111
1.01323
1.01383
1.01285
1.01047
1.00714
1.00352
1.00027
0.997871
0.996455
0.995797
0.995412
0.994743
0.993318
0.990838
0.987188
0.982418
0.976712
0.970385
0.96387
0.95768
0.952315
0.948138
0.94527
0.943549
0.942599
0.941953
0.941194
0.940046
0.938434
0.936503
0.934599
0.933204
0.932805
0.933736
0.936081
0.939675
0.944217
0.94941
0.955045
0.960985
0.967076
0.973057
0.978533
0.983037
0.98613
0.987488
0.986941
0.984461
0.980118
0.974041
0.966381
0.957295
0.946942
0.935495
0.923154
0.910188
0.896989
0.884141
0.872457
0.862939
0.856594
0.854117
0.85556
0.860221
0.866849
0.874069
0.880784
0.88636
0.890622
0.89372
0.89598
0.897772
0.899419
0.901152
0.903109
0.905352
0.907907
0.910796
0.914033
0.917601
0.921417
0.925305
0.929011
0.932234
0.934675
0.936073
0.936229
0.935001
0.932311
0.92814
0.922546
0.915679
0.907818
0.899382
0.89091
0.882986
0.876104
0.870527
0.866207
0.862821
0.859913
0.857083
0.854132
0.851137
0.848402
0.846337
0.845288
0.845397
0.846564
0.848506
0.850864
0.853296
0.85552
0.857315
0.858496
0.858901
0.858383
0.856825
0.854155
0.85038
0.845604
0.840058
0.83411
0.828268
0.82314
0.819366
0.817515
0.817975
0.820866
0.826005
0.832935
0.841009
0.849505
0.857741
0.865158
0.871375
0.876202
0.879634
0.881821
0.883024
0.883562
0.883738
0.883783
0.883817
0.883858
0.883852
0.883732
0.883473
0.883118
0.882799
0.882704
0.883048
0.884004
0.88566
0.887978
0.890803
0.8939
0.897013
0.899925
0.902501
0.904697
0.906549
0.908152
0.909616
0.911046
0.912517
0.914061
0.915666
0.917274
0.918785
0.920069
0.920973
0.921347
0.921054
0.919993
0.918111
0.915419
0.912013
0.908077
0.903888
0.899786
0.896127
0.893216
0.891254
0.890293
0.890236
0.890862
0.891881
0.893004
0.893997
0.894711
0.895061
0.894971
0.894329
0.892974
0.890734
0.887506
0.88331
0.878322
0.872856
0.867322
0.862182
0.857906
0.854939
0.853662
0.854336
0.857045
0.861653
0.867812
0.875007
0.882637
0.890107
0.896911
0.902708
0.907355
0.910901
0.913545
0.915566
0.917269
0.918932
0.920783
0.922979
0.925589
0.928569
0.931755
0.934874
0.937589
0.939553
0.940483
0.940203
0.938673
0.935971
0.932257
0.927723
0.922537
0.916818
0.910635
0.904058
0.897236
0.890478
0.884307
0.879429
0.876613
0.876489
0.879351
0.885035
0.892939
0.902171
0.91175
0.920788
0.9286
0.934767
0.939138
0.941816
0.943102
0.943416
0.943184
0.942728
0.942203
0.941578
0.940687
0.939301
0.937217
0.93435
0.930802
0.926892
0.923109
0.91998
0.917903
0.917032
0.917261
0.918308
0.919839
0.921562
0.923264
0.924817
0.926156
0.927262
0.928143
0.928838
0.929411
0.929962
0.930618
0.93151
0.932743
0.93437
0.936371
0.938666
0.941131
0.943631
0.946049
0.948302
0.950351
0.9522
0.953875
0.955398
0.956755
0.957867
0.958577
0.958658
0.957857
0.955964
0.952907
0.948831
0.944132
0.9394
0.935268
0.932203
0.930378
0.929669
0.929799
0.930516
0.931709
0.933398
0.935649
0.93846
0.941679
0.94498
0.947908
0.94998
0.95081
0.950226
0.948343
0.945555
0.942451
0.939659
0.937697
0.936893
0.937399
0.939258
0.942454
0.946911
0.952458
0.958821
0.965657
0.972642
0.979559
0.986355
0.993116
0.99998
1.007
1.01407
1.02083
1.02681
1.03145
1.03429
1.03505
1.03366
1.03025
1.02514
1.01877
1.01171
1.00464
0.998351
0.993626
0.991023
0.990652
0.99211
0.994658
0.997528
1.00016
1.00226
1.00377
1.00473
1.00524
1.00541
1.00533
1.00512
1.00486
1.00459
1.00428
1.00385
1.0032
1.00228
1.00113
0.999939
0.998975
0.998527
0.998777
0.999711
1.00109
1.00253
1.0036
1.00399
1.00365
1.00283
1.002
1.0017
1.00235
1.0041
1.00683
1.01028
1.01416
1.01822
1.02223
1.02604
1.02947
1.03235
1.03452
1.03583
1.03613
1.0353
1.03321
1.02978
1.02498
1.01887
1.01159
1.00342
0.994659
0.985622
0.976568
0.967678
0.959072
0.950843
0.943077
0.935882
0.929417
0.923951
0.919915
0.917896
0.918523
0.92224
0.929067
0.938483
0.949525
0.961064
0.972104
0.981974
0.990366
0.997261
1.0028
1.00715
1.01047
1.01282
1.01423
1.01469
1.01422
1.01289
1.01084
1.00826
1.00537
1.00236
0.999351
0.996366
0.99334
0.990134
0.986551
0.982371
0.977371
0.971361
0.964225
0.95598
0.946837
0.937251
0.927931
0.919783
0.913779
0.910752
0.911165
0.914932
0.921386
0.929438
0.937872
0.945639
0.95203
0.956711
0.959657
0.961056
0.961226
0.96056
0.959507
0.958542
0.958124
0.95862
0.960221
0.962892
0.966384
0.970293
0.974156
0.977541
0.980106
0.981624
0.981986
0.981185
0.979305
0.976511
0.97304
0.969193
0.965303
0.961674
0.958505
0.95582
0.953451
0.951087
0.948384
0.945079
0.941094
0.936572
0.931868
0.927476
0.923934
0.921705
0.921073
0.922085
0.924547
0.928072
0.93217
0.936338
0.940142
0.943261
0.945506
0.946801
0.947155
0.946629
0.945303
0.943252
0.940539
0.937217
0.933339
0.928989
0.924326
0.919622
0.91527
0.911719
0.909357
0.908389
0.908805
0.910458
0.913186
0.916895
0.921547
0.927103
0.933452
0.940388
0.947609
0.954767
0.961518
0.967574
0.972737
0.976906
0.980052
0.982191
0.983349
0.983538
0.982754
0.980967
0.978136
0.974198
0.969061
0.96262
0.954846
0.946026
0.937112
0.929928
0.92676
0.929191
0.936975
0.948063
0.95978
0.970034
0.977757
0.982708
0.9851
0.985324
0.983825
0.981067
0.977535
0.97374
0.970195
0.967363
0.965585
0.964999
0.965487
0.966672
0.967983
0.968784
0.968528
0.966899
0.963899
0.959859
0.955388
0.951294
0.948504
0.947952
0.950373
0.95599
0.964273
0.973977
0.983529
0.991522
0.997082
0.999978
1.00053
0.999442
0.997499
0.995379
0.993472
0.991851
0.990345
0.98865
0.986435
0.983413
0.979398
0.974342
0.968364
0.961735
0.954831
0.948063
0.941799
0.936322
0.931825
0.928442
0.926298
0.925531
0.926281
0.928643
0.9326
0.937984
0.944475
0.951637
0.958973
0.965982
0.972202
0.977248
0.980847
0.982868
0.983346
0.982455
0.980454
0.977613
0.974177
0.970393
0.966572
0.963128
0.960516
0.959107
0.959055
0.960252
0.962381
0.965036
0.967847
0.970555
0.973026
0.975219
0.977131
0.978747
0.979998
0.980761
0.980874
0.980183
0.978574
0.976008
0.97254
0.968319
0.963581
0.958636
0.95384
0.949559
0.946132
0.943831
0.942811
0.943084
0.944504
0.946794
0.949605
0.952606
0.955545
0.958279
0.960752
0.962944
0.964816
0.966296
0.967291
0.967728
0.967567
0.966798
0.965388
0.963223
0.960079
0.955681
0.949832
0.942604
0.934479
0.926356
0.919376
0.914581
0.912577
0.913368
0.916439
0.921011
0.926306
0.931706
0.936798
0.941322
0.945102
0.947999
0.94988
0.950637
0.950213
0.948647
0.946135
0.943091
0.940151
0.938076
0.937515
0.938743
0.941542
0.945331
0.949443
0.953356
0.956777
0.959588
0.961751
0.963237
0.963995
0.963956
0.96307
0.961333
0.958831
0.955767
0.952489
0.949477
0.947305
0.946549
0.947668
0.950889
0.956138
0.963054
0.971061
0.979486
0.987666
0.995032
1.00115
1.00574
1.00866
1.0099
1.00959
1.00796
1.00532
1.00203
0.998472
0.995046
0.992103
0.989915
0.988636
0.988287
0.988766
0.989875
0.991349
0.992883
0.994166
0.994923
0.994939
0.994081
0.992285
0.989549
0.985928
0.981563
0.976728
0.971855
0.967512
0.964296
0.962679
0.962844
0.96462
0.967518
0.970896
0.974164
0.976956
0.97921
0.981133
0.983098
0.985517
0.988731
0.992932
0.998114
1.00406
1.01038
1.01654
1.02202
1.02634
1.0292
1.03051
1.03037
1.02905
1.02694
1.02444
1.02193
1.01972
1.01803
1.01691
1.01627
1.01591
1.01562
1.01527
1.01487
1.01454
1.01454
1.01507
1.01625
1.01799
1.01994
1.02149
1.02185
1.02017
1.01576
1.00818
0.99742
0.983952
0.968748
0.953193
0.938886
0.92736
0.91977
0.916655
0.917833
0.922474
0.929298
0.936848
0.943752
0.948921
0.951662
0.951697
0.949129
0.944359
0.937987
0.930717
0.923263
0.916282
0.910313
0.905751
0.902817
0.901553
0.901839
0.903432
0.906028
0.909317
0.91303
0.916952
0.920924
0.924844
0.928655
0.932341
0.935906
0.939357
0.942676
0.94581
0.948669
0.951129
0.953047
0.954268
0.954633
0.953981
0.952156
0.949017
0.944454
0.938407
0.930876
0.921944
0.911794
0.900751
0.889323
0.87823
0.913608
0.905709
0.90067
0.898839
0.900104
0.903973
0.909754
0.916716
0.924198
0.93166
0.938685
0.944968
0.950299
0.95453
0.957561
0.959327
0.959797
0.958986
0.956962
0.953858
0.949865
0.945231
0.940252
0.935256
0.930591
0.926597
0.923571
0.921717
0.921097
0.921604
0.922982
0.924875
0.926922
0.928829
0.930422
0.931661
0.932621
0.933448
0.934309
0.93534
0.936604
0.938079
0.939673
0.941263
0.94274
0.944049
0.945205
0.946282
0.947377
0.948561
0.949833
0.951102
0.952191
0.952883
0.952991
0.952425
0.951241
0.949646
0.947939
0.946421
0.945299
0.944636
0.944363
0.944344
0.944432
0.944513
0.944496
0.94429
0.94377
0.942781
0.941153
0.938762
0.93557
0.931666
0.927273
0.922731
0.918462
0.91492
0.912536
0.911662
0.912522
0.915179
0.919528
0.925307
0.932152
0.939648
0.947393
0.955037
0.962308
0.969016
0.975056
0.980397
0.985074
0.989164
0.992771
0.995992
0.998902
1.00154
1.00389
1.00592
1.00755
1.00865
1.00909
1.00871
1.00736
1.00497
1.00153
0.997106
0.991874
0.986034
0.979802
0.973381
0.966958
0.960719
0.954879
0.949685
0.945414
0.942333
0.940653
0.940484
0.94181
0.944495
0.948314
0.952982
0.958193
0.96364
0.969038
0.97414
0.97876
0.982778
0.986149
0.988895
0.99108
0.992785
0.99407
0.994939
0.995324
0.99508
0.994015
0.991937
0.988716
0.984351
0.979017
0.97309
0.967107
0.961686
0.957404
0.954668
0.953634
0.954198
0.95605
0.958787
0.962019
0.96545
0.968918
0.972393
0.975944
0.979689
0.983739
0.988155
0.992912
0.997902
1.00295
1.00784
1.01237
1.01636
1.01967
1.02218
1.02385
1.02467
1.0247
1.02409
1.02302
1.02175
1.0205
1.01949
1.01889
1.01883
1.01943
1.02072
1.02268
1.02515
1.02792
1.03074
1.03334
1.03553
1.03713
1.03795
1.03779
1.03638
1.03347
1.02889
1.02265
1.01503
1.00668
0.99851
0.991549
0.986609
0.984003
0.983437
0.98415
0.9852
0.985762
0.985291
0.98358
0.980727
0.977067
0.973103
0.969423
0.966625
0.965221
0.96556
0.967765
0.971708
0.977036
0.98323
0.989667
0.995673
1.00055
1.00362
1.00423
1.00192
0.996476
0.988192
0.977931
0.967166
0.957795
0.951777
0.950666
0.955204
0.965119
0.979194
0.995582
1.01224
1.02738
1.03976
1.04881
1.05466
1.05793
1.05957
1.06061
1.06194
1.06415
1.06744
1.07167
1.07639
1.08105
1.08503
1.08778
1.08886
1.08799
1.08501
1.07999
1.07317
1.06502
1.05625
1.04767
1.0401
1.03417
1.03021
1.02818
1.02774
1.02829
1.0291
1.02952
1.02916
1.02796
1.02622
1.02436
1.02275
1.02158
1.02092
1.02071
1.02094
1.02159
1.02259
1.02383
1.02508
1.02604
1.0264
1.02599
1.02491
1.02358
1.02274
1.02306
1.0249
1.02801
1.03167
1.03506
1.03755
1.03887
1.03908
1.03837
1.03693
1.03488
1.03227
1.02912
1.02553
1.02159
1.01743
1.01314
1.00885
1.00472
1.00097
0.997878
0.995653
0.994336
0.993776
0.993688
0.993758
0.993717
0.993359
0.992515
0.991034
0.988808
0.985839
0.982301
0.978571
0.975173
0.972649
0.971408
0.971594
0.973065
0.97547
0.978417
0.98164
0.985102
0.98898
0.993536
0.99893
1.00506
1.01151
1.01763
1.02263
1.02579
1.02655
1.02462
1.02001
1.01304
1.00432
0.994646
0.98495
0.976114
0.968888
0.963823
0.961248
0.96126
0.963709
0.968205
0.974172
0.980962
0.987972
0.994726
1.00092
1.00639
1.01113
1.01519
1.01867
1.02166
1.0242
1.02622
1.02759
1.02806
1.02736
1.02524
1.02152
1.01621
1.00952
1.0019
0.993978
0.986514
0.980163
0.975287
0.971834
0.969438
0.967714
0.966611
0.966569
0.968338
0.972548
0.979308
0.988092
0.997936
1.00777
1.01668
1.02409
1.02973
1.03358
1.03576
1.03641
1.03568
1.03365
1.03033
1.02575
1.01993
1.01298
1.00513
0.99676
0.988354
0.980485
0.973709
0.968458
0.964949
0.963126
0.962673
0.963083
0.963777
0.96425
0.964224
0.963763
0.963285
0.963399
0.964604
0.967003
0.970254
0.973775
0.977046
0.979788
0.981958
0.983632
0.984878
0.985697
0.986032
0.985815
0.985014
0.983653
0.98181
0.979576
0.977017
0.974142
0.970892
0.967153
0.962787
0.957677
0.951772
0.945149
0.938078
0.931057
0.924792
0.920056
0.917477
0.91733
0.919444
0.923277
0.928086
0.933122
0.937773
0.941637
0.944545
0.946527
0.947764
0.948515
0.949042
0.949556
0.950194
0.951053
0.95224
0.953927
0.956352
0.959743
0.964189
0.969543
0.975412
0.98126
0.986556
0.990898
0.994066
0.996019
0.996858
0.996781
0.996051
0.994972
0.99386
0.993013
0.992672
0.99298
0.993958
0.995505
0.997436
0.999527
1.00157
1.0034
1.00493
1.00612
1.00699
1.00761
1.00809
1.00855
1.00911
1.00986
1.01086
1.01207
1.01344
1.01485
1.01617
1.01731
1.01816
1.01866
1.0188
1.01857
1.01793
1.01686
1.01529
1.01319
1.01057
1.00759
1.00455
1.00195
1.00035
1.00028
1.00208
1.00574
1.01093
1.01706
1.02339
1.02923
1.03397
1.03717
1.03851
1.0378
1.03494
1.02993
1.02293
1.01424
1.00447
0.994455
0.985286
0.978074
0.97373
0.972738
0.975034
0.980047
0.98685
0.994358
1.00149
1.00731
1.01107
1.01236
1.01121
1.00827
1.00483
1.00272
1.00374
1.00903
1.01856
1.03115
1.04496
1.0582
1.06954
1.07825
1.08401
1.08683
1.08677
1.08402
1.07896
1.07238
1.06572
1.06077
1.05906
1.06104
1.0661
1.07326
1.08187
1.09141
1.10091
1.10894
1.11419
1.11606
1.11484
1.11143
1.10697
1.10251
1.0988
1.09628
1.09514
1.09549
1.09735
1.10068
1.10529
1.11082
1.11676
1.12247
1.12731
1.13071
1.13225
1.13171
1.12909
1.12468
1.11901
1.1129
1.10732
1.10329
1.10161
1.10263
1.10617
1.11152
1.11756
1.12307
1.12692
1.12825
1.12663
1.12216
1.1155
1.10779
1.10045
1.09486
1.092
1.09229
1.09569
1.10183
1.11022
1.12026
1.13119
1.14215
1.15224
1.16066
1.16684
1.17054
1.17188
1.17125
1.16922
1.16635
1.16311
1.1598
1.15664
1.15386
1.15178
1.15069
1.15058
1.15096
1.15098
1.14981
1.14706
1.14302
1.13859
1.13489
1.13279
1.13258
1.134
1.13649
1.13953
1.14276
1.14598
1.14903
1.15172
1.15373
1.15469
1.15424
1.15206
1.14797
1.14202
1.13449
1.12589
1.11694
1.10841
1.1011
1.09564
1.09251
1.09191
1.09383
1.09814
1.1046
1.11284
1.12229
1.13225
1.14199
1.15096
1.15879
1.16526
1.17023
1.17363
1.17537
1.17543
1.17383
1.17068
1.16615
1.16055
1.15432
1.148
1.14225
1.13764
1.13455
1.13303
1.1327
1.1329
1.13286
1.13195
1.12985
1.12656
1.12226
1.11715
1.11139
1.10515
1.09877
1.09295
1.08861
1.08668
1.0876
1.09108
1.09618
1.10163
1.1063
1.10947
1.11092
1.11081
1.10946
1.10717
1.10414
1.10051
1.09647
1.09234
1.0885
1.08535
1.08304
1.08145
1.0801
1.07827
1.07514
1.07006
1.0627
1.05331
1.04279
1.03257
1.0243
1.01938
1.01843
1.0211
1.02623
1.03233
1.03808
1.04255
1.0453
1.04622
1.04544
1.04325
1.04013
1.03663
1.03334
1.03071
1.029
1.02816
1.02795
1.02808
1.02832
1.02863
1.02909
1.02989
1.03117
1.03296
1.03518
1.03759
1.03988
1.04175
1.04294
1.04326
1.04263
1.04106
1.03868
1.03569
1.03238
1.02913
1.02634
1.02439
1.02365
1.02438
1.0267
1.03059
1.03587
1.04223
1.04926
1.05654
1.06367
1.07028
1.07611
1.08095
1.08466
1.08712
1.08825
1.08801
1.0864
1.08349
1.07943
1.07449
1.06904
1.06356
1.0586
1.05469
1.05215
1.05103
1.05097
1.05139
1.05156
1.05088
1.04893
1.04559
1.04091
1.03501
1.02803
1.02013
1.0117
1.00363
0.997212
0.993818
0.994246
0.998332
1.00498
1.01256
1.01943
1.02432
1.02654
1.02601
1.0232
1.019
1.01457
1.0111
1.00962
1.01079
1.01474
1.02113
1.02928
1.03836
1.04761
1.05644
1.06442
1.07131
1.07698
1.08139
1.08454
1.08644
1.08714
1.08668
1.08505
1.08225
1.07822
1.07289
1.0662
1.05817
1.049
1.03911
1.02927
1.02051
1.01398
1.01061
1.01069
1.0137
1.01855
1.02381
1.02812
1.03036
1.02985
1.02639
1.02037
1.01271
1.0048
0.998221
0.994442
0.994325
0.997829
1.004
1.01135
1.01844
1.02435
1.02906
1.0333
1.03821
1.04468
1.05284
1.06193
1.0707
1.07792
1.08275
1.08489
1.08445
1.08187
1.07777
1.07288
1.06794
1.06362
1.06039
1.05845
1.05765
1.05753
1.05741
1.0566
1.05455
1.05111
1.04659
1.04175
1.03752
1.03472
1.03369
1.03427
1.03601
1.03836
1.04087
1.04319
1.04512
1.04647
1.04713
1.04701
1.04606
1.04434
1.04195
1.03905
1.03586
1.03255
1.02932
1.02629
1.02362
1.02151
1.02021
1.01993
1.02076
1.02254
1.02484
1.02703
1.02848
1.0286
1.027
1.02346
1.01798
1.01088
1.00275
0.994441
0.986882
0.980765
0.976329
0.973326
0.971237
0.96958
0.968157
0.967099
0.966769
0.96758
0.969826
0.973592
0.978742
0.984971
0.991869
0.998985
1.00586
1.01208
1.01729
1.02127
1.02396
1.02556
1.02644
1.02708
1.02788
1.02902
1.03042
1.03175
1.03264
1.03273
1.0318
1.02982
1.0269
1.02334
1.01959
1.01613
1.0134
1.01165
1.01094
1.01107
1.01166
1.01234
1.01281
1.01308
1.01338
1.01413
1.01564
1.01787
1.02045
1.02277
1.02435
1.02504
1.02509
1.02502
1.02535
1.02643
1.02822
1.03035
1.03225
1.03332
1.03307
1.03116
1.02744
1.02185
1.01448
1.00548
