-4.71475
-4.71475
-4.71475
-4.71475
-4.71384
-4.71173
-4.70931
-4.70493
-4.70236
-4.69994
-4.69843
-4.69587
-4.69602
-4.69541
-4.69541
-4.69435
-4.6948
-4.6954
-4.6957
-4.69631
-4.69616
-4.69706
-4.69843
-4.69737
-4.69828
-4.69888
-4.69858
-4.69919
-4.69888
-4.69934
-4.69964
-4.70039
-4.70145
-4.70206
-4.7019
-4.70206
-4.70175
-4.70039
-4.69994
-4.7007
-4.70009
-4.70085
-4.69994
-4.69994
-4.70009
-4.70009
-4.70024
-4.69994
-4.69888
-4.69888
-4.69979
-4.69979
-4.69979
-4.70024
-4.7007
-4.7013
-4.70175
-4.70191
-4.70206
-4.70221
-4.70145
-4.7013
-4.70191
-4.70221
-4.70191
-4.70191
-4.70145
-4.701
-4.70055
-4.69994
-4.69964
-4.69919
-4.69964
-4.70009
-4.70024
-4.7007
-4.7013
-4.7007
-4.70145
-4.70085
-4.70115
-4.701
-4.70115
-4.7004
-4.70055
-4.69949
-4.69888
-4.69919
-4.69904
-4.69889
-4.69798
-4.69798
-4.69753
-4.69677
-4.69707
-4.69919
-4.69934
-4.69934
-4.69949
-4.69919
-4.69919
-4.69934
-4.69994
-4.69964
-4.69995
-4.7001
-4.701
-4.70025
-4.69995
-4.69904
-4.69889
-4.69904
-4.69844
-4.69813
-4.69693
-4.69708
-4.69677
-4.69707
-4.69602
-4.69662
-4.69722
-4.69723
-4.69783
-4.69798
-4.69859
-4.69844
-4.69859
-4.69798
-4.69768
-4.69828
-4.69904
-4.69934
-4.69979
-4.7001
-4.70025
-4.701
-4.70131
-4.70176
-4.70146
-4.70085
-4.70085
-4.70085
-4.70055
-4.70116
-4.70131
-4.70146
-4.70101
-4.70161
-4.70161
-4.70221
-4.70357
-4.70357
-4.70297
-4.70418
-4.70387
-4.70433
-4.70417
-4.70402
-4.70418
-4.70312
-4.70191
-4.70206
-4.70237
-4.70206
-4.70237
-4.70267
-4.70297
-4.70312
-4.70372
-4.70402
-4.70312
-4.70251
-4.70191
-4.70161
-4.70115
-4.701
-4.70206
-4.70236
-4.70131
-4.70131
-4.70116
-4.701
-4.701
-4.70085
-4.70116
-4.70146
-4.70161
-4.70161
-4.70146
-4.70116
-4.69995
-4.70085
-4.7007
-4.70025
-4.69995
-4.69949
-4.6998
-4.7001
-4.7004
-4.70085
-4.70085
-4.70131
-4.70191
-4.70267
-4.70161
-4.70116
-4.70131
-4.70221
-4.70221
-4.70206
-4.70206
-4.70146
-4.70146
-4.70161
-4.7004
-4.7004
-4.69964
-4.69949
-4.69889
-4.69859
-4.69874
-4.69859
-4.69798
-4.69859
-4.69934
-4.6998
-4.69919
-4.69919
-4.6998
-4.69995
-4.7004
-4.701
-4.70161
-4.70116
-4.70116
-4.7001
-4.70025
-4.70146
-4.70116
-4.701
-4.70116
-4.70236
-4.70327
-4.70282
-4.70312
-4.70282
-4.70297
-4.70343
-4.70343
-4.70448
-4.70478
-4.70463
-4.70524
-4.70463
-4.70433
-4.70418
-4.70387
-4.70433
-4.70478
-4.70433
-4.70433
-4.70403
-4.70418
-4.70433
-4.70433
-4.70403
-4.70372
-4.70327
-4.70418
-4.70403
-4.70418
-4.70372
-4.70463
-4.70372
-4.70251
-4.70297
-4.70327
-4.70267
-4.70251
-4.70191
-4.70221
-4.70176
-4.70161
-4.7007
-4.70146
-4.70252
-4.70297
-4.70206
-4.70131
-4.70161
-4.70116
-4.70131
-4.70161
-4.70115
-4.70115
-4.70085
-4.70191
-4.70221
-4.70191
-4.70267
-4.70327
-4.70327
-4.70297
-4.70266
-4.70297
-4.70297
-4.70282
-4.70327
-4.70418
-4.70433
-4.70388
-4.70372
-4.70418
-4.70463
-4.70418
-4.70327
-4.70418
-4.70448
-4.70479
-4.70418
-4.70373
-4.70433
-4.70433
-4.70372
-4.70448
-4.70463
-4.70478
-4.70433
-4.70463
-4.70463
-4.70524
-4.70539
-4.70539
-4.70524
-4.70493
-4.70448
-4.70388
-4.70403
-4.70493
-4.70388
-4.70478
-4.70387
-4.70448
-4.70403
-4.70388
-4.70403
-4.70448
-4.70342
-4.70327
-4.70357
-4.70282
-4.70221
-4.70206
-4.70206
-4.70146
-4.70191
-4.70221
-4.70312
-4.70342
-4.70327
-4.70267
-4.70267
-4.70236
-4.70206
-4.70176
-4.70116
-4.70176
-4.70191
-4.70206
-4.70222
-4.70176
-4.70101
-4.70025
-4.70025
-4.6998
-4.69995
-4.7004
-4.69995
-4.70025
-4.7001
-4.70071
-4.70071
-4.6995
-4.69874
-4.69874
-4.69904
-4.69949
-4.6998
-4.70055
-4.70025
-4.69965
-4.69965
-4.69935
-4.6995
-4.69935
-4.6992
-4.69935
-4.6998
-4.7001
-4.69995
-4.6995
-4.7001
-4.69919
-4.7001
-4.70025
-4.70055
-4.7004
-4.69995
-4.7004
-4.70025
-4.70116
-4.70086
-4.70025
-4.70055
-4.70101
-4.70086
-4.70101
-4.70116
-4.70191
-4.70191
-4.70222
-4.70252
-4.70237
-4.70252
-4.70282
-4.70237
-4.70252
-4.70297
-4.70237
-4.70206
-4.70161
-4.70116
-4.70101
-4.70055
-4.7007
-4.70055
-4.70116
-4.70131
-4.70131
-4.7007
-4.7004
-4.70055
-4.70055
-4.7007
-4.70161
-4.70206
-4.70191
-4.70176
-4.70146
-4.70146
-4.70146
-4.70206
-4.70252
-4.70327
-4.70493
-4.70448
-4.70403
-4.70388
-4.70312
-4.70297
-4.70281
-4.7013
-4.70085
-4.70085
-4.70055
-4.69995
-4.7004
-4.7004
-4.7007
-4.70131
-4.70131
-4.70146
-4.70131
-4.70146
-4.7007
-4.70055
-4.70055
-4.70025
-4.70116
-4.70101
-4.70101
-4.70085
-4.70176
-4.70176
-4.70161
-4.70131
-4.70176
-4.70176
-4.70146
-4.70146
-4.70116
-4.7007
-4.70131
-4.70116
-4.70176
-4.70131
-4.70131
-4.70055
-4.7004
-4.7007
-4.70086
-4.70101
-4.7004
-4.6998
-4.6998
-4.69965
-4.6998
-4.69919
-4.69934
-4.69904
-4.69964
-4.69889
-4.69859
-4.69859
-4.6998
-4.70055
-4.70055
-4.70025
-4.70085
-4.70131
-4.70025
-4.69995
-4.69995
-4.6998
-4.7001
-4.70085
-4.7004
-4.70025
-4.70055
-4.69979
-4.69949
-4.69904
-4.69873
-4.69798
-4.69858
-4.69889
-4.69934
-4.69904
-4.69934
-4.69874
-4.69813
-4.69753
-4.69844
-4.69859
-4.69798
-4.69783
-4.69753
-4.69874
-4.69844
-4.69889
-4.69859
-4.69889
-4.69934
-4.69994
-4.70025
-4.69994
-4.701
-4.7013
-4.70085
-4.7007
-4.70055
-4.7013
-4.70176
-4.70236
-4.70206
-4.70206
-4.70161
-4.70206
-4.70191
-4.70221
-4.70206
-4.70206
-4.70176
-4.70145
-4.701
-4.70115
-4.7013
-4.70085
-4.7004
-4.7001
-4.70025
-4.70085
-4.7007
-4.6998
-4.69904
-4.69889
-4.69798
-4.69783
-4.69768
-4.69813
-4.69828
-4.69813
-4.69813
-4.69828
-4.69843
-4.69798
-4.69813
-4.69753
-4.69707
-4.69738
-4.69798
-4.69723
-4.69647
-4.69813
-4.69843
-4.69813
-4.69874
-4.69889
-4.69859
-4.69889
-4.69889
-4.69949
-4.69919
-4.69995
-4.69934
-4.69949
-4.69949
-4.69919
-4.69979
-4.7007
-4.7007
-4.70025
-4.70055
-4.70115
-4.70206
-4.70146
-4.70176
-4.70236
-4.70282
-4.70267
-4.70282
-4.70312
-4.70312
-4.70327
-4.70357
-4.70433
-4.70418
-4.70327
-4.70267
-4.70206
-4.70206
-4.70282
-4.70372
-4.70282
-4.70236
-4.70221
-4.70312
-4.70433
-4.70433
-4.70478
-4.70433
-4.70478
-4.70448
-4.70417
-4.70433
-4.70508
-4.70448
-4.70478
-4.70357
-4.70357
-4.70327
-4.70312
-4.70402
-4.70417
-4.70433
-4.70297
-4.70282
-4.70327
-4.70266
-4.70297
-4.70312
-4.70327
-4.70266
-4.70312
-4.70281
-4.70297
-4.70312
-4.70236
-4.70206
-4.70267
-4.70327
-4.70267
-4.70251
-4.70312
-4.70357
-4.70297
-4.70342
-4.70236
-4.70252
-4.70282
-4.70222
-4.70207
-4.70252
-4.70267
-4.70297
-4.70266
-4.70191
-4.70327
-4.70312
-4.70221
-4.70327
-4.70297
-4.70402
-4.70463
-4.70448
-4.70478
-4.70403
-4.70478
-4.70403
-4.70448
-4.70418
-4.70342
-4.70297
-4.70312
-4.70357
-4.70448
-4.70417
-4.70342
-4.70342
-4.70342
-4.70417
-4.70357
-4.70342
-4.70266
-4.70327
-4.70281
-4.70251
-4.70206
-4.70145
-4.70206
-4.7016
-4.7016
-4.70206
-4.70281
-4.70326
-4.70342
-4.70372
-4.70463
-4.70463
-4.70523
-4.70432
-4.70447
-4.70553
-4.70644
-4.70644
-4.70599
-4.70508
-4.70538
-4.70523
-4.70614
-4.70568
-4.70553
-4.70538
-4.70478
-4.70432
-4.70463
-4.70463
-4.70357
-4.70311
-4.70221
-4.70221
-4.7016
-4.70236
-4.70251
-4.70281
-4.70311
-4.70251
-4.70266
-4.70342
-4.70266
-4.70281
-4.70312
-4.70342
-4.70342
-4.70417
-4.70417
-4.70478
-4.70493
-4.70463
-4.70448
-4.70432
-4.70463
-4.70463
-4.70447
-4.70463
-4.70402
-4.70282
-4.70312
-4.70236
-4.70236
-4.70266
-4.70176
-4.70161
-4.70191
-4.70145
-4.70191
-4.70191
-4.70176
-4.7004
-4.70055
-4.701
-4.70131
-4.70176
-4.70176
-4.70236
-4.70115
-4.7007
-4.701
-4.70115
-4.70115
-4.7007
-4.69994
-4.7007
-4.70131
-4.701
-4.70085
-4.701
-4.7007
-4.69964
-4.70025
-4.70055
-4.70024
-4.70055
-4.7013
-4.70145
-4.70236
-4.70176
-4.70251
-4.70327
-4.70266
-4.70266
-4.70327
-4.70206
-4.70206
-4.70161
-4.7013
-4.701
-4.7007
-4.70176
-4.70115
-4.70191
-4.70281
-4.70281
-4.70251
-4.70296
-4.70387
-4.70327
-4.70327
-4.70281
-4.70281
-4.70372
-4.70402
-4.70357
-4.70372
-4.70402
-4.70402
-4.70357
-4.70281
-4.70311
-4.70311
-4.70311
-4.70311
-4.70281
-4.70251
-4.70266
-4.70296
-4.70266
-4.7016
-4.70221
-4.70281
-4.70402
-4.70372
-4.70417
-4.70463
-4.70508
-4.70493
-4.70538
-4.70553
-4.70614
-4.70508
-4.70583
-4.70629
-4.70629
-4.70614
-4.70598
-4.70613
-4.70674
-4.70659
-4.70614
-4.70614
-4.70614
-4.70583
-4.70583
-4.70462
-4.70462
-4.70417
-4.70402
-4.70417
-4.70372
-4.70432
-4.70432
-4.70432
-4.70402
-4.70357
-4.70402
-4.70432
-4.70402
-4.70417
-4.70341
-4.70432
-4.70507
-4.70553
-4.70523
-4.70538
-4.70523
-4.70538
-4.70523
-4.70538
-4.70492
-4.70417
-4.70372
-4.70462
-4.70447
-4.70387
-4.70417
-4.70477
-4.70447
-4.70401
-4.70462
-4.70432
-4.70372
-4.70387
-4.70387
-4.70387
-4.70417
-4.70447
-4.70477
-4.70447
-4.70432
-4.70553
-4.70553
-4.70568
-4.70613
-4.70613
-4.70644
-4.70583
-4.70568
-4.70538
-4.70432
-4.70387
-4.70357
-4.70357
-4.70417
-4.70402
-4.70357
-4.70387
-4.70372
-4.70311
-4.70356
-4.70296
-4.70266
-4.70236
-4.7013
-4.70085
-4.70085
-4.70024
-4.69979
-4.70024
-4.7007
-4.69979
-4.69979
-4.69934
-4.69949
-4.69903
-4.69979
-4.70009
-4.69933
-4.69979
-4.69949
-4.69964
-4.69994
-4.69994
-4.70055
-4.70085
-4.70145
-4.70069
-4.70084
-4.70039
-4.70009
-4.70024
-4.69994
-4.69979
-4.70054
-4.70069
-4.69994
-4.69933
-4.69949
-4.69858
-4.69888
-4.69798
-4.78205
-4.78159
-4.7825
-4.7825
-4.7825
-4.7825
-4.78265
-4.78295
-4.78265
-4.78295
-4.7828
-4.78295
-4.7828
-4.78371
-4.78401
-4.78325
-4.78401
-4.78401
-4.78431
-4.78431
-4.78447
-4.78477
-4.78462
-4.78416
-4.78341
-4.78341
-4.78371
-4.78401
-4.78461
-4.78552
-4.78552
-4.78582
-4.78582
-4.78613
-4.78567
-4.78598
-4.78613
-4.78613
-4.78552
-4.78537
-4.78537
-4.78507
-4.78461
-4.78477
-4.78507
-4.78582
-4.78643
-4.78613
-4.78673
-4.78658
-4.78613
-4.78718
-4.78733
-4.78718
-4.78733
-4.78764
-4.78824
-4.78899
-4.78884
-4.78945
-4.78945
-4.78824
-4.78809
-4.78824
-4.78839
-4.78824
-4.78975
-4.79006
-4.79142
-4.79172
-4.79187
-4.79126
-4.79126
-4.79202
-4.79232
-4.79292
-4.79232
-4.79277
-4.79262
-4.79232
-4.79277
-4.79217
-4.79202
-4.79157
-4.79096
-4.79051
-4.79036
-4.789
-4.78915
-4.78854
-4.78794
-4.78748
-4.78764
-4.78733
-4.78703
-4.78779
-4.78779
-4.789
-4.7893
-4.78991
-4.79006
-4.79006
-4.7896
-4.7887
-4.78839
-4.7887
-4.78764
-4.78749
-4.78673
-4.78719
-4.78794
-4.78703
-4.78718
-4.78688
-4.78537
-4.78461
-4.78552
-4.78582
-4.78627
-4.78552
-4.78507
-4.78492
-4.78431
-4.78416
-4.78386
-4.78446
-4.78537
-4.78567
-4.78567
-4.78552
-4.78582
-4.78537
-4.78537
-4.78567
-4.78597
-4.78537
-4.78628
-4.78582
-4.78476
-4.78461
-4.78507
-4.78552
-4.78552
-4.78613
-4.78628
-4.78613
-4.78597
-4.78567
-4.78461
-4.78567
-4.78522
-4.78492
-4.78567
-4.78567
-4.78582
-4.78552
-4.78552
-4.78477
-4.78477
-4.78552
-4.78582
-4.78643
-4.78658
-4.78703
-4.78628
-4.78597
-4.78597
-4.78749
-4.78749
-4.78779
-4.78779
-4.78809
-4.78749
-4.78779
-4.78824
-4.78869
-4.78975
-4.79035
-4.7899
-4.78899
-4.78869
-4.78809
-4.78794
-4.78718
-4.78703
-4.78658
-4.78733
-4.78688
-4.78688
-4.78688
-4.78688
-4.78688
-4.78643
-4.78658
-4.78703
-4.78688
-4.78612
-4.78612
-4.78552
-4.78507
-4.78476
-4.78431
-4.78507
-4.78582
-4.78537
-4.78567
-4.78476
-4.78537
-4.78597
-4.78658
-4.78643
-4.78703
-4.78703
-4.78627
-4.78642
-4.78597
-4.78627
-4.78627
-4.78567
-4.78537
-4.78597
-4.78567
-4.78612
-4.78582
-4.78627
-4.78612
-4.78552
-4.78597
-4.78567
-4.78537
-4.78627
-4.78688
-4.78627
-4.78597
-4.78612
-4.78506
-4.78476
-4.78536
-4.78506
-4.78567
-4.78657
-4.78687
-4.78748
-4.78733
-4.78657
-4.78642
-4.78552
-4.78552
-4.78582
-4.78552
-4.78627
-4.78703
-4.78718
-4.78642
-4.78612
-4.78612
-4.78688
-4.78582
-4.78612
-4.78552
-4.78491
-4.78642
-4.78597
-4.78612
-4.78627
-4.78642
-4.78582
-4.78582
-4.78582
-4.78491
-4.78536
-4.78536
-4.78521
-4.78446
-4.78506
-4.78446
-4.78431
-4.784
-4.7837
-4.7834
-4.7837
-4.78355
-4.78355
-4.78446
-4.78446
-4.78461
-4.78446
-4.78476
-4.78491
-4.78431
-4.78521
-4.78491
-4.78521
-4.78431
-4.78476
-4.78386
-4.78401
-4.78416
-4.78416
-4.78431
-4.78431
-4.784
-4.78446
-4.78415
-4.78461
-4.78476
-4.78552
-4.78521
-4.78506
-4.78582
-4.78597
-4.78642
-4.78536
-4.78536
-4.78597
-4.78627
-4.78642
-4.78703
-4.78688
-4.78703
-4.78642
-4.78612
-4.78567
-4.78612
-4.78612
-4.78627
-4.78582
-4.78521
-4.78537
-4.78612
-4.78597
-4.78612
-4.78612
-4.78627
-4.78703
-4.78733
-4.78657
-4.78733
-4.78657
-4.78597
-4.78582
-4.78612
-4.78612
-4.78567
-4.78551
-4.78552
-4.78521
-4.78446
-4.78385
-4.78416
-4.78461
-4.78446
-4.78431
-4.78446
-4.78416
-4.78491
-4.78461
-4.78446
-4.78446
-4.78552
-4.78642
-4.78657
-4.78642
-4.78597
-4.78596
-4.78627
-4.78672
-4.78597
-4.78672
-4.78642
-4.78627
-4.78552
-4.78612
-4.78627
-4.78612
-4.78597
-4.78627
-4.78627
-4.78672
-4.78627
-4.78582
-4.78597
-4.78521
-4.78582
-4.78612
-4.78597
-4.78581
-4.78642
-4.78612
-4.78627
-4.78581
-4.78476
-4.784
-4.78521
-4.78582
-4.78491
-4.78536
-4.78582
-4.78536
-4.78551
-4.78506
-4.78521
-4.78551
-4.78521
-4.78581
-4.78566
-4.78581
-4.78627
-4.78642
-4.78672
-4.78642
-4.78672
-4.78687
-4.78672
-4.78672
-4.78657
-4.78672
-4.78687
-4.78718
-4.78702
-4.78627
-4.78642
-4.78657
-4.78687
-4.78672
-4.78687
-4.78687
-4.78733
-4.78763
-4.78763
-4.78732
-4.78838
-4.78853
-4.78914
-4.78884
-4.78899
-4.78914
-4.78839
-4.78778
-4.78808
-4.78823
-4.78793
-4.78793
-4.78869
-4.78778
-4.78748
-4.78733
-4.78748
-4.78854
-4.78838
-4.78808
-4.78823
-4.78944
-4.78914
-4.78899
-4.78989
-4.78974
-4.78974
-4.79035
-4.7911
-4.79035
-4.79095
-4.78989
-4.7905
-4.78989
-4.79035
-4.7902
-4.79005
-4.7905
-4.79126
-4.79126
-4.79171
-4.79201
-4.7908
-4.7905
-4.7902
-4.79065
-4.78959
-4.79035
-4.79004
-4.78989
-4.79035
-4.79125
-4.79156
-4.79171
-4.79171
-4.79156
-4.79065
-4.79065
-4.7908
-4.79005
-4.78989
-4.78899
-4.78808
-4.78748
-4.78763
-4.78733
-4.78823
-4.78808
-4.78763
-4.78702
-4.78763
-4.78823
-4.78869
-4.78793
-4.78838
-4.78869
-4.78823
-4.78838
-4.78854
-4.78899
-4.78838
-4.78778
-4.78793
-4.78733
-4.78733
-4.78672
-4.78657
-4.78657
-4.78733
-4.78703
-4.78642
-4.78672
-4.78567
-4.78567
-4.78551
-4.78521
-4.78581
-4.78657
-4.78687
-4.78582
-4.78521
-4.78521
-4.78506
-4.78476
-4.78491
-4.78446
-4.78446
-4.784
-4.7843
-4.7837
-4.7837
-4.7837
-4.78264
-4.7834
-4.78325
-4.7834
-4.784
-4.7834
-4.78355
-4.78355
-4.78385
-4.78355
-4.7834
-4.784
-4.78446
-4.784
-4.78385
-4.78446
-4.78506
-4.78597
-4.78521
-4.78506
-4.78536
-4.78552
-4.78627
-4.78672
-4.78703
-4.78793
-4.78793
-4.78672
-4.78718
-4.78672
-4.78657
-4.78597
-4.78612
-4.78521
-4.78582
-4.78627
-4.78703
-4.78657
-4.78672
-4.78642
-4.78642
-4.78627
-4.78567
-4.78521
-4.78521
-4.78537
-4.78506
-4.78506
-4.78537
-4.78476
-4.78506
-4.78476
-4.78461
-4.78401
-4.78401
-4.7837
-4.78401
-4.78219
-4.78189
-4.78174
-4.78143
-4.78174
-4.78159
-4.78219
-4.78204
-4.78234
-4.78219
-4.78265
-4.7831
-4.7831
-4.78355
-4.78355
-4.78355
-4.78295
-4.78265
-4.78295
-4.78325
-4.78265
-4.78234
-4.7837
-4.78476
-4.78491
-4.78506
-4.78521
-4.78536
-4.78551
-4.78567
-4.78551
-4.78431
-4.7834
-4.78355
-4.78416
-4.784
-4.7837
-4.78265
-4.78219
-4.78174
-4.78083
-4.78098
-4.78113
-4.78174
-4.78234
-4.78249
-4.78219
-4.78234
-4.78249
-4.78294
-4.78279
-4.7831
-4.78234
-4.78204
-4.78144
-4.78189
-4.78204
-4.78174
-4.78204
-4.78264
-4.78295
-4.78355
-4.7843
-4.78506
-4.78597
-4.78582
-4.78582
-4.78536
-4.78566
-4.78566
-4.78597
-4.78597
-4.78536
-4.78491
-4.78476
-4.78476
-4.78521
-4.78551
-4.78506
-4.78536
-4.78612
-4.78551
-4.78506
-4.78476
-4.78431
-4.78415
-4.78385
-4.784
-4.784
-4.78415
-4.7834
-4.7837
-4.784
-4.78415
-4.7834
-4.78325
-4.784
-4.78355
-4.78234
-4.78249
-4.78249
-4.78279
-4.78279
-4.7831
-4.7831
-4.784
-4.78355
-4.78249
-4.78279
-4.78355
-4.78325
-4.78431
-4.7837
-4.78385
-4.78431
-4.78415
-4.78415
-4.7843
-4.78445
-4.78536
-4.78506
-4.78551
-4.78597
-4.78627
-4.78642
-4.78551
-4.78597
-4.78536
-4.78566
-4.78612
-4.78596
-4.78657
-4.78687
-4.78687
-4.78642
-4.78642
-4.78596
-4.78581
-4.78566
-4.78581
-4.78642
-4.78717
-4.78748
-4.78687
-4.78657
-4.78627
-4.78627
-4.78566
-4.78551
-4.78536
-4.78581
-4.78642
-4.78596
-4.78551
-4.78506
-4.7843
-4.78355
-4.78355
-4.7837
-4.784
-4.78415
-4.78385
-4.7837
-4.78294
-4.78446
-4.784
-4.784
-4.7843
-4.78476
-4.78385
-4.78385
-4.78324
-4.78264
-4.78294
-4.78324
-4.7837
-4.78309
-4.78309
-4.78279
-4.78264
-4.78249
-4.78249
-4.78355
-4.78324
-4.7834
-4.78309
-4.78324
-4.78324
-4.7837
-4.784
-4.78415
-4.784
-4.7837
-4.78385
-4.78445
-4.78506
-4.78506
-4.78581
-4.78627
-4.78536
-4.78491
-4.78476
-4.78581
-4.78536
-4.78521
-4.78566
-4.78581
-4.78551
-4.78536
-4.78536
-4.78566
-4.78657
-4.78627
-4.78642
-4.78642
-4.78672
-4.78702
-4.78702
-4.78627
-4.78642
-4.78596
-4.78551
-4.78566
-4.78611
-4.78626
-4.78521
-4.78536
-4.7849
-4.78506
-4.78445
-4.78506
-4.78521
-4.7846
-4.784
-4.78491
-4.78551
-4.78551
-4.78551
-4.78642
-4.78642
-4.78717
-4.78642
-4.78657
-4.78657
-4.78596
-4.78581
-4.78626
-4.78687
-4.78642
-4.78687
-4.78732
-4.78763
-4.78808
-4.78868
-4.78853
-4.78913
-4.78838
-4.78898
-4.78914
-4.78868
-4.78899
-4.78868
-4.78823
-4.78883
-4.78838
-4.78868
-4.78808
-4.78823
-4.78793
-4.78853
-4.78838
-4.78823
-4.78672
-4.78672
-4.78702
-4.78732
-4.78702
-4.78717
-4.78778
-4.78853
-4.78823
-4.78823
-4.78808
-4.78793
-4.78944
-4.78853
-4.78913
-4.78868
-4.78928
-4.78853
-4.78868
-4.78883
-4.78823
-4.78747
-4.78732
-4.78581
-4.78581
-4.78475
-4.78445
-4.78521
-4.78491
-4.78581
-4.78521
-4.78475
-4.78476
-4.78475
-4.78445
-4.78491
-4.78536
-4.78506
-4.78506
-4.78536
-4.78611
-4.78777
-4.78883
-4.78868
-4.78943
-4.78928
-4.78928
-4.78913
-4.78913
-4.78929
-4.78989
-4.78974
-4.78883
-4.78913
-4.78898
-4.78883
-4.78853
-4.78883
-4.78898
-4.78929
-4.78913
-4.78989
-4.78959
-4.78974
-4.78974
-4.78944
-4.78883
-4.78898
-4.78898
-4.78959
-4.78959
-4.78989
-4.79049
-4.79019
-4.79049
-4.79095
-4.79125
-4.79095
-4.79065
-4.78944
-4.78944
-4.78989
-4.78974
-4.78974
-4.78898
-4.78853
-4.78823
-4.78732
-4.78777
-4.78732
-4.78732
-4.78717
-4.78656
-4.78551
-4.78596
-4.78551
-4.78551
-4.78536
-4.78551
-4.78581
-4.78596
-4.78551
-4.7843
-4.78385
-4.784
-4.7837
-4.78385
-4.78354
-4.78415
-4.78445
-4.78506
-4.78475
-4.78521
-4.78551
-4.78581
-4.78551
-4.78505
-4.78475
-4.7846
-4.7849
-4.78415
-4.78324
-4.78294
-4.78234
-4.78234
-4.78294
-4.78294
-4.78294
-4.63968
-4.64044
-4.64013
-4.63983
-4.64013
-4.64028
-4.64059
-4.64059
-4.64089
-4.64013
-4.63953
-4.63998
-4.63923
-4.63968
-4.63938
-4.63908
-4.63877
-4.63968
-4.63968
-4.63908
-4.63908
-4.63877
-4.63893
-4.63802
-4.63832
-4.63832
-4.63923
-4.63938
-4.63802
-4.63802
-4.63802
-4.63832
-4.63802
-4.63892
-4.63847
-4.63877
-4.63892
-4.63832
-4.63802
-4.63817
-4.63847
-4.63832
-4.63756
-4.63771
-4.63756
-4.63756
-4.63756
-4.63786
-4.63832
-4.63953
-4.63937
-4.63952
-4.63922
-4.63922
-4.63968
-4.63922
-4.63922
-4.63998
-4.63998
-4.64043
-4.64028
-4.64043
-4.64103
-4.64103
-4.64209
-4.64224
-4.64149
-4.64119
-4.64119
-4.64149
-4.64104
-4.64088
-4.64073
-4.64028
-4.64088
-4.64043
-4.64043
-4.64013
-4.63998
-4.64013
-4.64103
-4.64058
-4.64104
-4.64119
-4.64119
-4.64103
-4.64058
-4.64133
-4.64133
-4.64103
-4.64043
-4.64058
-4.64058
-4.64058
-4.64028
-4.64073
-4.64058
-4.63998
-4.64028
-4.63922
-4.63892
-4.63862
-4.63831
-4.63801
-4.63801
-4.63771
-4.63711
-4.63695
-4.6368
-4.63695
-4.63695
-4.63726
-4.6359
-4.6365
-4.63725
-4.63725
-4.63756
-4.63771
-4.63771
-4.63771
-4.63771
-4.63801
-4.63786
-4.63831
-4.63892
-4.63952
-4.63937
-4.63922
-4.63892
-4.63877
-4.63922
-4.63862
-4.63816
-4.63817
-4.63786
-4.63741
-4.63817
-4.63786
-4.63756
-4.63771
-4.63771
-4.63786
-4.63816
-4.63816
-4.63786
-4.63786
-4.63741
-4.63726
-4.63696
-4.63711
-4.63771
-4.63756
-4.63726
-4.63741
-4.6368
-4.63786
-4.63801
-4.63756
-4.63816
-4.63877
-4.63907
-4.63937
-4.64043
-4.64088
-4.64119
-4.64088
-4.63938
-4.63922
-4.63847
-4.63877
-4.63877
-4.63877
-4.63877
-4.63938
-4.63907
-4.63877
-4.63786
-4.63681
-4.63711
-4.63666
-4.63666
-4.63681
-4.63666
-4.63635
-4.63605
-4.6356
-4.63545
-4.63666
-4.63726
-4.63756
-4.63756
-4.63771
-4.63771
-4.63771
-4.63726
-4.63741
-4.63756
-4.63817
-4.63907
-4.63983
-4.63968
-4.63968
-4.63953
-4.63892
-4.63877
-4.63877
-4.63862
-4.63923
-4.63923
-4.63953
-4.63923
-4.63968
-4.64013
-4.64028
-4.64028
-4.63968
-4.63983
-4.64058
-4.64013
-4.64028
-4.63923
-4.63953
-4.63953
-4.63953
-4.63938
-4.63862
-4.63938
-4.63968
-4.64028
-4.64028
-4.64059
-4.64044
-4.64059
-4.64149
-4.64316
-4.643
-4.64331
-4.64376
-4.6433
-4.643
-4.64315
-4.64361
-4.64255
-4.6424
-4.6427
-4.64179
-4.64179
-4.63998
-4.64043
-4.64074
-4.64043
-4.63998
-4.64104
-4.63968
-4.63938
-4.63923
-4.63953
-4.64043
-4.64013
-4.63953
-4.63832
-4.63832
-4.63847
-4.63908
-4.63908
-4.63908
-4.63983
-4.63998
-4.63968
-4.63983
-4.63938
-4.63892
-4.64028
-4.64149
-4.64149
-4.64104
-4.64074
-4.64074
-4.63999
-4.64029
-4.63878
-4.63863
-4.63968
-4.63938
-4.63968
-4.63878
-4.63908
-4.63923
-4.63877
-4.63938
-4.63878
-4.63998
-4.63998
-4.64029
-4.64119
-4.64074
-4.64044
-4.63998
-4.63923
-4.63863
-4.63802
-4.63848
-4.63908
-4.63802
-4.63787
-4.63757
-4.63772
-4.63742
-4.63802
-4.63908
-4.63893
-4.63787
-4.63757
-4.63681
-4.63666
-4.63727
-4.63772
-4.63696
-4.63712
-4.63787
-4.63696
-4.63681
-4.63651
-4.63681
-4.63757
-4.63817
-4.63832
-4.63742
-4.63696
-4.63727
-4.63666
-4.63621
-4.63696
-4.63711
-4.63651
-4.63742
-4.63832
-4.63878
-4.63863
-4.63802
-4.63878
-4.63908
-4.63848
-4.63847
-4.63893
-4.63878
-4.63893
-4.63923
-4.63938
-4.63953
-4.64014
-4.64014
-4.64044
-4.64059
-4.63968
-4.64029
-4.63923
-4.63938
-4.63998
-4.64014
-4.64074
-4.64104
-4.6418
-4.6418
-4.64255
-4.6424
-4.64286
-4.64331
-4.64271
-4.64255
-4.64225
-4.64316
-4.64331
-4.64255
-4.64286
-4.6424
-4.64255
-4.6424
-4.64195
-4.64165
-4.64165
-4.64165
-4.64134
-4.64074
-4.64044
-4.63983
-4.63908
-4.63938
-4.63953
-4.63983
-4.63983
-4.63983
-4.64059
-4.64029
-4.64044
-4.6415
-4.64134
-4.64149
-4.6424
-4.64195
-4.64164
-4.6421
-4.6418
-4.6424
-4.64301
-4.64391
-4.64316
-4.64346
-4.64286
-4.64331
-4.64301
-4.64301
-4.6427
-4.6424
-4.6427
-4.64316
-4.64346
-4.643
-4.6418
-4.64119
-4.64164
-4.6421
-4.64195
-4.6418
-4.6421
-4.64286
-4.64255
-4.64361
-4.64391
-4.64376
-4.64391
-4.64376
-4.64497
-4.64467
-4.6427
-4.643
-4.64331
-4.64255
-4.6427
-4.64255
-4.6427
-4.6424
-4.64301
-4.64255
-4.6427
-4.64255
-4.6427
-4.64225
-4.64255
-4.6427
-4.64301
-4.64301
-4.64316
-4.64316
-4.64301
-4.64225
-4.6424
-4.6424
-4.6427
-4.64285
-4.64376
-4.64436
-4.64436
-4.64421
-4.64436
-4.64482
-4.64512
-4.64467
-4.64361
-4.64316
-4.6424
-4.64255
-4.6424
-4.64316
-4.64406
-4.64437
-4.64527
-4.64557
-4.64557
-4.64572
-4.64542
-4.64497
-4.64572
-4.64542
-4.64512
-4.64527
-4.64482
-4.64466
-4.64557
-4.64497
-4.64512
-4.64512
-4.64482
-4.64406
-4.64421
-4.64421
-4.64285
-4.643
-4.64194
-4.64225
-4.64164
-4.64089
-4.6421
-4.64285
-4.6424
-4.64301
-4.64331
-4.64376
-4.64406
-4.64437
-4.64391
-4.64437
-4.64421
-4.64421
-4.64301
-4.64255
-4.64165
-4.64195
-4.64225
-4.6418
-4.6421
-4.64225
-4.64225
-4.64194
-4.643
-4.64315
-4.64376
-4.64316
-4.6424
-4.6421
-4.6424
-4.6421
-4.64165
-4.64195
-4.6418
-4.6424
-4.64164
-4.6418
-4.64225
-4.6427
-4.6424
-4.64165
-4.64165
-4.6424
-4.64316
-4.64422
-4.64527
-4.64527
-4.64527
-4.64467
-4.64406
-4.64376
-4.64406
-4.64361
-4.64376
-4.64391
-4.64361
-4.64346
-4.64285
-4.64331
-4.643
-4.64255
-4.64179
-4.64179
-4.64149
-4.64104
-4.64013
-4.63908
-4.63923
-4.63938
-4.63998
-4.64043
-4.64043
-4.64013
-4.64013
-4.63937
-4.63937
-4.63952
-4.63922
-4.63862
-4.63817
-4.63847
-4.63786
-4.63711
-4.6365
-4.63681
-4.63726
-4.63696
-4.63756
-4.63786
-4.63771
-4.63681
-4.63726
-4.63711
-4.63741
-4.63681
-4.63696
-4.63575
-4.63635
-4.63635
-4.6368
-4.63711
-4.6368
-4.63741
-4.63786
-4.63756
-4.63801
-4.63816
-4.63892
-4.63816
-4.63892
-4.63861
-4.63937
-4.64058
-4.64118
-4.64073
-4.64043
-4.64013
-4.64028
-4.64043
-4.64073
-4.64073
-4.63998
-4.64058
-4.64058
-4.63998
-4.63967
-4.64028
-4.63998
-4.63998
-4.63892
-4.63922
-4.63862
-4.63832
-4.63922
-4.63937
-4.63832
-4.63831
-4.63816
-4.63892
-4.63907
-4.63831
-4.63846
-4.63756
-4.63892
-4.63967
-4.63967
-4.63937
-4.63952
-4.63952
-4.63937
-4.64043
-4.64088
-4.64224
-4.64224
-4.64119
-4.64134
-4.63998
-4.63922
-4.63877
-4.63861
-4.63756
-4.6371
-4.63786
-4.63907
-4.63952
-4.63997
-4.64013
-4.64103
-4.64058
-4.64043
-4.64028
-4.63983
-4.63998
-4.63983
-4.63982
-4.64058
-4.64058
-4.64028
-4.64058
-4.64058
-4.64103
-4.64194
-4.64194
-4.64194
-4.64345
-4.64284
-4.643
-4.6436
-4.6439
-4.64284
-4.64345
-4.6436
-4.64269
-4.64315
-4.6433
-4.6439
-4.6439
-4.6439
-4.6433
-4.64284
-4.6433
-4.64315
-4.64254
-4.64269
-4.64194
-4.64194
-4.64103
-4.64088
-4.64164
-4.64224
-4.64254
-4.64269
-4.64254
-4.64269
-4.64224
-4.64239
-4.64224
-4.64345
-4.64299
-4.643
-4.64209
-4.64284
-4.6433
-4.64451
-4.6439
-4.6439
-4.64375
-4.643
-4.6433
-4.64315
-4.64239
-4.643
-4.64179
-4.64239
-4.64254
-4.64149
-4.64164
-4.64118
-4.64073
-4.64058
-4.64133
-4.64149
-4.64013
-4.63998
-4.64058
-4.64103
-4.64134
-4.64239
-4.64194
-4.64133
-4.64118
-4.64103
-4.64012
-4.64118
-4.64073
-4.64043
-4.63982
-4.63892
-4.63892
-4.63907
-4.63892
-4.63862
-4.63816
-4.63816
-4.63831
-4.63862
-4.63907
-4.63907
-4.63877
-4.63952
-4.63937
-4.63876
-4.63846
-4.63922
-4.63861
-4.63877
-4.63861
-4.63922
-4.63907
-4.63952
-4.63967
-4.64028
-4.64028
-4.63967
-4.63907
-4.63922
-4.63983
-4.63983
-4.64058
-4.64073
-4.64133
-4.64133
-4.64148
-4.64058
-4.63937
-4.63967
-4.63922
-4.63877
-4.63892
-4.63952
-4.63952
-4.63997
-4.63952
-4.63922
-4.63892
-4.63877
-4.63892
-4.63831
-4.63846
-4.63861
-4.63952
-4.63952
-4.63937
-4.63982
-4.63937
-4.64012
-4.64073
-4.64148
-4.64118
-4.64133
-4.64163
-4.64209
-4.64224
-4.64179
-4.64148
-4.64073
-4.64043
-4.64103
-4.64133
-4.64133
-4.64058
-4.64028
-4.63997
-4.63967
-4.63982
-4.63861
-4.63755
-4.63801
-4.63816
-4.63801
-4.63786
-4.63816
-4.63801
-4.63891
-4.63907
-4.63922
-4.63892
-4.63907
-4.63952
-4.63982
-4.64073
-4.64149
-4.64194
-4.64209
-4.64179
-4.64148
-4.64209
-4.64194
-4.64148
-4.64284
-4.64284
-4.64284
-4.64315
-4.64284
-4.64269
-4.64254
-4.64285
-4.64239
-4.64269
-4.64315
-4.6436
-4.6436
-4.64254
-4.64315
-4.64239
-4.64285
-4.64224
-4.64209
-4.64209
-4.64164
-4.64179
-4.64209
-4.64209
-4.64224
-4.64194
-4.64194
-4.64149
-4.64194
-4.64118
-4.64118
-4.64103
-4.64088
-4.64088
-4.64118
-4.64254
-4.64224
-4.64209
-4.64254
-4.64239
-4.64239
-4.64164
-4.64133
-4.64118
-4.64149
-4.64118
-4.64103
-4.64149
-4.64103
-4.64133
-4.64194
-4.64179
-4.64209
-4.64284
-4.64345
-4.64315
-4.64254
-4.64239
-4.6427
-4.64315
-4.64315
-4.6436
-4.64436
-4.64406
-4.64315
-4.64285
-4.6433
-4.64315
-4.64284
-4.64269
-4.64284
-4.64375
-4.64466
-4.64436
-4.64405
-4.64421
-4.64451
-4.64405
-4.64284
-4.64269
-4.64269
-4.64224
-4.64239
-4.64285
-4.64315
-4.64194
-4.64164
-4.64224
-4.64194
-4.64254
-4.64209
-4.64254
-4.64345
-4.64345
-4.6433
-4.64375
-4.64391
-4.64421
-4.64451
-4.64451
-4.64511
-4.64496
-4.64451
-4.64375
-4.64481
-4.64435
-4.64435
-4.64466
-4.64496
-4.6445
-4.64496
-4.64496
-4.64435
-4.6445
-4.64541
-4.64571
-4.64571
-4.64526
-4.64541
-4.6445
-4.64632
-4.64677
-4.64617
-4.64556
-4.64556
-4.64571
-4.64556
-4.64602
-4.64647
-4.64707
-4.64783
-4.64783
-4.64798
-4.64753
-4.64768
-4.64783
-4.64904
-4.64874
-4.64798
-4.64844
-4.9293
-4.92839
-4.92794
-4.92764
-4.92688
-4.92688
-4.92688
-4.92779
-4.92809
-4.92794
-4.92794
-4.92778
-4.92779
-4.92763
-4.92779
-4.92718
-4.92718
-4.92703
-4.92688
-4.92658
-4.92598
-4.92567
-4.92582
-4.92522
-4.92582
-4.92582
-4.92643
-4.92552
-4.92537
-4.92552
-4.92537
-4.92507
-4.92522
-4.92552
-4.92477
-4.92507
-4.92461
-4.92461
-4.92492
-4.92522
-4.92507
-4.92507
-4.92567
-4.92552
-4.92643
-4.92733
-4.92824
-4.92794
-4.92779
-4.92733
-4.92703
-4.92688
-4.92673
-4.92658
-4.92673
-4.92658
-4.92718
-4.92718
-4.92703
-4.92748
-4.92658
-4.92612
-4.92492
-4.92492
-4.92477
-4.92492
-4.92462
-4.92446
-4.92446
-4.92371
-4.92401
-4.92355
-4.92401
-4.92401
-4.92446
-4.9234
-4.9234
-4.9228
-4.92295
-4.92386
-4.92356
-4.92386
-4.92477
-4.92461
-4.92371
-4.92325
-4.9231
-4.9231
-4.92371
-4.92325
-4.92341
-4.92386
-4.92431
-4.92446
-4.92446
-4.92461
-4.92476
-4.92461
-4.92461
-4.92446
-4.92492
-4.92371
-4.92371
-4.92446
-4.92431
-4.92431
-4.92416
-4.92341
-4.92431
-4.92341
-4.9222
-4.92295
-4.92235
-4.92265
-4.92265
-4.9231
-4.92356
-4.92371
-4.92371
-4.92401
-4.92401
-4.92401
-4.92416
-4.92431
-4.92416
-4.92401
-4.92371
-4.92401
-4.92492
-4.92507
-4.92477
-4.92567
-4.92537
-4.92552
-4.92643
-4.92567
-4.92507
-4.92462
-4.92522
-4.92522
-4.92598
-4.92567
-4.92567
-4.92582
-4.92613
-4.92613
-4.92628
-4.92492
-4.92356
-4.92401
-4.92507
-4.92567
-4.92567
-4.92552
-4.92658
-4.92628
-4.92628
-4.92658
-4.92749
-4.92704
-4.92704
-4.92719
-4.92688
-4.92673
-4.92688
-4.92749
-4.92703
-4.92688
-4.92583
-4.92628
-4.92643
-4.92673
-4.92643
-4.92613
-4.92582
-4.92477
-4.92522
-4.92552
-4.92492
-4.92477
-4.92507
-4.92432
-4.92447
-4.92432
-4.92401
-4.92492
-4.92432
-4.92432
-4.92432
-4.92416
-4.92386
-4.92447
-4.92522
-4.92522
-4.92447
-4.92462
-4.92462
-4.92462
-4.92462
-4.92432
-4.92386
-4.92462
-4.92462
-4.92386
-4.92401
-4.92401
-4.92401
-4.92416
-4.92432
-4.92447
-4.92311
-4.9225
-4.92386
-4.92356
-4.92356
-4.92371
-4.92341
-4.92341
-4.92416
-4.92416
-4.92431
-4.92462
-4.92462
-4.92477
-4.92492
-4.92477
-4.92598
-4.92538
-4.92522
-4.92477
-4.92522
-4.92613
-4.92598
-4.92583
-4.92477
-4.92522
-4.92462
-4.92507
-4.92552
-4.92507
-4.92553
-4.92522
-4.92553
-4.92553
-4.92568
-4.92613
-4.92688
-4.92704
-4.92704
-4.92764
-4.92764
-4.92764
-4.92749
-4.92764
-4.92809
-4.9284
-4.92749
-4.92749
-4.92809
-4.92749
-4.92749
-4.92719
-4.92688
-4.92643
-4.92628
-4.92658
-4.92522
-4.92567
-4.92552
-4.92477
-4.92522
-4.92537
-4.92537
-4.92432
-4.92432
-4.92462
-4.92492
-4.92522
-4.92628
-4.92643
-4.92643
-4.92628
-4.92704
-4.92688
-4.92703
-4.92749
-4.92718
-4.92658
-4.92719
-4.92719
-4.92749
-4.92749
-4.92734
-4.92824
-4.92824
-4.9287
-4.92824
-4.92885
-4.92945
-4.92824
-4.92824
-4.9287
-4.92885
-4.92915
-4.9287
-4.92824
-4.92809
-4.92855
-4.92885
-4.92855
-4.92824
-4.92824
-4.92734
-4.92749
-4.92719
-4.92673
-4.92658
-4.92567
-4.92582
-4.92567
-4.92507
-4.92492
-4.92416
-4.92447
-4.92492
-4.92537
-4.92598
-4.92552
-4.92537
-4.92598
-4.92462
-4.92522
-4.92598
-4.92552
-4.92583
-4.92643
-4.92598
-4.92673
-4.92613
-4.92538
-4.92538
-4.92583
-4.92553
-4.92568
-4.92568
-4.92553
-4.92522
-4.92583
-4.92568
-4.92522
-4.92553
-4.92598
-4.92613
-4.92568
-4.92598
-4.92553
-4.92492
-4.92462
-4.92477
-4.92568
-4.92613
-4.92598
-4.92568
-4.92568
-4.92553
-4.92477
-4.92447
-4.92462
-4.92447
-4.92417
-4.92402
-4.92372
-4.92356
-4.92372
-4.92432
-4.92507
-4.92507
-4.92492
-4.92492
-4.92553
-4.92598
-4.92583
-4.92598
-4.92553
-4.92568
-4.92507
-4.92568
-4.92689
-4.92643
-4.92658
-4.92673
-4.92583
-4.92522
-4.92507
-4.92432
-4.92477
-4.92492
-4.92507
-4.92583
-4.92568
-4.92507
-4.92507
-4.92507
-4.92522
-4.92401
-4.92311
-4.92296
-4.92311
-4.92371
-4.92386
-4.92356
-4.92326
-4.92341
-4.92371
-4.92386
-4.92265
-4.92341
-4.92356
-4.92386
-4.92296
-4.92281
-4.92265
-4.92265
-4.9219
-4.92099
-4.9219
-4.92145
-4.92129
-4.92084
-4.92129
-4.92175
-4.92129
-4.92114
-4.9213
-4.9219
-4.92145
-4.9219
-4.9219
-4.9225
-4.9219
-4.92296
-4.92296
-4.92266
-4.92371
-4.92296
-4.92296
-4.92356
-4.92341
-4.92371
-4.92326
-4.92371
-4.92462
-4.92477
-4.92477
-4.92386
-4.92447
-4.92386
-4.92371
-4.92477
-4.92447
-4.92432
-4.92477
-4.92447
-4.92432
-4.92507
-4.92583
-4.92598
-4.92568
-4.92568
-4.92523
-4.92523
-4.92462
-4.92523
-4.92477
-4.92492
-4.92402
-4.92372
-4.92402
-4.92356
-4.92281
-4.92251
-4.92221
-4.92251
-4.92236
-4.92221
-4.92296
-4.92372
-4.92387
-4.92372
-4.92402
-4.92432
-4.92477
-4.92538
-4.92628
-4.92538
-4.92568
-4.92538
-4.92553
-4.92538
-4.92492
-4.92477
-4.92492
-4.92508
-4.92477
-4.92462
-4.92462
-4.92417
-4.92372
-4.92387
-4.92417
-4.92417
-4.92417
-4.92447
-4.92432
-4.92417
-4.92447
-4.92462
-4.92432
-4.92432
-4.92508
-4.92508
-4.92538
-4.92553
-4.92538
-4.92523
-4.92538
-4.92538
-4.92538
-4.92492
-4.92492
-4.92553
-4.92492
-4.92508
-4.92508
-4.92508
-4.92568
-4.92613
-4.92568
-4.92659
-4.92613
-4.92644
-4.92628
-4.92598
-4.92507
-4.92492
-4.92523
-4.92507
-4.92492
-4.92523
-4.92553
-4.92523
-4.92462
-4.92477
-4.92492
-4.92492
-4.92447
-4.92598
-4.92568
-4.92583
-4.92643
-4.92689
-4.92719
-4.92719
-4.92795
-4.9281
-4.92885
-4.92795
-4.92825
-4.9284
-4.92825
-4.92689
-4.92659
-4.92764
-4.92764
-4.92749
-4.92795
-4.92795
-4.92689
-4.92568
-4.92568
-4.92538
-4.92568
-4.92583
-4.92523
-4.92523
-4.92553
-4.92477
-4.92523
-4.92523
-4.92492
-4.92507
-4.92553
-4.92477
-4.92477
-4.92417
-4.92447
-4.92507
-4.92492
-4.92508
-4.92508
-4.92523
-4.92477
-4.92492
-4.92356
-4.92387
-4.92326
-4.92341
-4.92372
-4.92326
-4.92296
-4.92326
-4.92266
-4.92281
-4.92235
-4.92175
-4.9219
-4.92266
-4.92266
-4.92296
-4.92311
-4.92402
-4.92432
-4.92402
-4.92387
-4.92417
-4.92447
-4.92477
-4.92523
-4.92462
-4.92523
-4.92462
-4.92477
-4.92462
-4.92372
-4.92417
-4.92432
-4.92447
-4.92447
-4.92492
-4.92477
-4.92538
-4.92507
-4.92477
-4.92417
-4.92296
-4.92296
-4.92296
-4.92387
-4.92477
-4.92538
-4.92522
-4.92477
-4.92492
-4.92492
-4.92462
-4.92417
-4.92432
-4.92432
-4.92356
-4.92417
-4.92341
-4.92251
-4.92341
-4.92311
-4.92341
-4.92281
-4.92356
-4.92296
-4.92265
-4.92326
-4.92417
-4.92447
-4.92341
-4.92311
-4.92281
-4.92235
-4.92266
-4.92281
-4.92205
-4.92145
-4.9219
-4.92115
-4.92145
-4.9216
-4.92205
-4.9225
-4.92235
-4.92296
-4.92326
-4.92356
-4.92416
-4.92447
-4.92477
-4.92553
-4.92477
-4.92477
-4.92538
-4.92613
-4.92704
-4.92704
-4.92628
-4.92643
-4.92628
-4.92658
-4.92628
-4.92613
-4.92568
-4.92553
-4.92568
-4.92643
-4.92568
-4.92568
-4.92538
-4.92523
-4.92507
-4.92598
-4.92538
-4.92477
-4.92553
-4.92477
-4.92417
-4.92311
-4.92417
-4.92372
-4.92356
-4.9222
-4.92296
-4.92372
-4.92326
-4.92387
-4.92342
-4.92311
-4.92281
-4.92357
-4.92357
-4.92402
-4.92387
-4.92387
-4.92417
-4.92432
-4.92508
-4.92568
-4.92644
-4.92614
-4.92614
-4.92659
-4.92719
-4.92885
-4.92901
-4.92886
-4.92931
-4.92916
-4.92901
-4.92886
-4.92886
-4.92916
-4.9281
-4.9278
-4.92825
-4.92795
-4.92749
-4.9281
-4.92795
-4.92855
-4.92795
-4.92825
-4.92795
-4.9284
-4.92855
-4.9284
-4.9281
-4.92856
-4.92916
-4.93007
-4.92976
-4.93007
-4.92961
-4.93007
-4.92976
-4.92991
-4.92976
-4.93037
-4.93022
-4.93082
-4.93022
-4.92991
-4.93022
-4.93022
-4.92976
-4.9287
-4.92855
-4.9287
-4.92946
-4.92961
-4.92931
-4.9284
-4.9278
-4.92885
-4.92825
-4.9278
-4.92795
-4.92734
-4.92689
-4.92704
-4.92765
-4.92734
-4.92719
-4.92719
-4.92704
-4.92689
-4.92704
-4.92689
-4.92583
-4.92704
-4.92749
-4.92704
-4.92689
-4.92659
-4.92704
-4.92734
-4.92765
-4.9281
-4.9281
-4.9284
-4.92825
-4.92795
-4.92825
-4.9281
-4.92704
-4.92689
-4.92704
-4.9275
-4.9278
-4.9278
-4.92719
-4.92719
-4.92734
-4.92749
-4.92704
-4.92689
-4.92749
-4.92795
-4.92749
-4.92765
-4.92795
-4.9278
-4.92825
-4.92931
-4.92931
-4.92885
-4.9287
-4.92885
-4.92916
-4.92946
-4.92961
-4.92991
-4.92885
-4.9287
-4.9284
-4.9287
-4.9287
-4.92855
-4.92795
-4.9281
-4.9278
-4.92765
-4.9287
-4.92855
-4.92916
-4.92946
-4.92946
-4.92931
-4.92916
-4.92901
-4.9287
-4.9287
-4.92795
-4.9281
-4.92825
-4.9287
-4.92886
-4.92901
-4.92976
-4.92961
-4.92916
-4.92961
-4.92931
-4.92901
-4.92946
-4.9278
-4.92704
-4.92659
-4.92508
-4.92463
-4.92432
-4.92447
-4.92417
-4.92432
-4.92417
-4.92493
-4.92447
-4.92568
-4.92568
-4.92553
-4.92584
-4.92478
-4.92463
-4.92508
-4.92478
-4.92448
-4.92493
-4.92463
-4.92493
-4.92584
-4.92569
-4.92629
-4.92614
-4.92569
-4.92599
-4.92614
-4.92553
-4.92523
-4.92553
-4.92553
-4.92478
-4.92584
-4.92584
-4.92614
-4.92659
-4.92659
-4.92659
-4.92614
-4.92659
-4.92674
-4.92644
-4.92614
-4.92569
-4.92599
-4.92568
-4.92538
-4.92583
-4.92568
-4.92538
-4.92493
-4.92463
-4.92553
-4.92644
-4.92704
-4.92614
-4.92568
-4.92614
-4.92568
-4.92478
-4.92493
-4.92523
-4.92553
-4.92538
-4.92629
-4.92629
-4.92659
-4.92704
-4.92614
-4.92568
-4.92553
-4.92508
-4.92463
-4.92402
-4.92357
-4.92342
-4.92387
-4.92417
-4.92478
-4.92447
-4.92478
-4.92417
-4.92508
-4.92583
-4.92598
-4.92629
-4.92644
-4.92659
-4.92629
-4.92568
-4.92569
-4.92523
-4.92463
-4.92523
-4.92478
-4.92478
-4.92448
-4.92478
-4.92493
-4.92463
-4.92402
-4.92387
-4.92372
-4.92342
-4.92463
-4.92553
-4.92583
-4.70907
-4.70861
-4.70846
-4.70937
-4.70967
-4.71043
-4.70982
-4.71013
-4.70937
-4.70937
-4.70922
-4.70907
-4.70862
-4.70831
-4.70862
-4.70907
-4.70831
-4.70786
-4.70862
-4.70771
-4.7065
-4.70696
-4.70575
-4.7065
-4.70726
-4.70756
-4.7071
-4.7071
-4.70665
-4.7068
-4.7068
-4.7068
-4.70756
-4.70831
-4.70816
-4.70786
-4.70726
-4.70635
-4.7065
-4.7068
-4.70695
-4.70725
-4.7068
-4.70605
-4.70559
-4.70499
-4.70575
-4.70635
-4.70605
-4.70635
-4.70605
-4.70605
-4.7065
-4.70726
-4.70726
-4.70756
-4.70756
-4.70695
-4.70665
-4.7065
-4.7068
-4.70725
-4.7068
-4.70665
-4.70725
-4.7059
-4.70574
-4.70529
-4.70454
-4.70438
-4.70438
-4.70423
-4.70499
-4.70514
-4.70484
-4.70529
-4.7056
-4.70529
-4.70514
-4.70635
-4.70605
-4.70545
-4.7068
-4.70696
-4.70605
-4.7065
-4.70665
-4.7068
-4.7071
-4.70725
-4.70725
-4.70786
-4.70741
-4.70726
-4.70726
-4.70786
-4.70695
-4.70695
-4.70711
-4.70711
-4.70786
-4.70756
-4.70816
-4.70786
-4.70726
-4.70726
-4.70711
-4.70711
-4.70711
-4.70741
-4.70741
-4.70741
-4.70801
-4.70831
-4.70877
-4.70998
-4.70982
-4.70967
-4.70998
-4.70998
-4.70922
-4.71013
-4.71013
-4.70892
-4.70862
-4.70846
-4.70816
-4.70816
-4.70726
-4.70741
-4.70696
-4.70726
-4.70665
-4.70696
-4.70711
-4.70665
-4.70726
-4.70711
-4.70771
-4.70802
-4.70756
-4.70786
-4.70801
-4.70832
-4.70726
-4.70665
-4.70696
-4.70696
-4.70696
-4.70666
-4.70756
-4.70771
-4.70711
-4.70832
-4.70832
-4.70877
-4.70907
-4.70922
-4.70998
-4.71043
-4.71013
-4.71043
-4.71013
-4.71028
-4.71013
-4.71058
-4.71073
-4.71104
-4.70968
-4.70983
-4.70968
-4.70938
-4.70998
-4.70983
-4.70998
-4.71013
-4.70923
-4.70908
-4.70802
-4.70847
-4.70817
-4.70862
-4.70893
-4.70832
-4.70802
-4.70787
-4.70772
-4.70756
-4.70802
-4.70802
-4.70817
-4.70696
-4.70651
-4.70666
-4.70681
-4.7059
-4.7062
-4.7062
-4.7062
-4.70696
-4.70696
-4.70636
-4.70681
-4.70741
-4.70832
-4.70862
-4.70893
-4.70862
-4.70757
-4.70772
-4.70832
-4.70832
-4.70832
-4.70711
-4.70606
-4.7059
-4.70545
-4.70499
-4.70409
-4.70499
-4.70484
-4.70469
-4.705
-4.705
-4.705
-4.70469
-4.70484
-4.705
-4.7059
-4.70636
-4.705
-4.70485
-4.70485
-4.70424
-4.70349
-4.70379
-4.70364
-4.70379
-4.70499
-4.7053
-4.70605
-4.7062
-4.70711
-4.70666
-4.70635
-4.7062
-4.7059
-4.70484
-4.7056
-4.70439
-4.70439
-4.70378
-4.70393
-4.70409
-4.70394
-4.705
-4.705
-4.705
-4.70469
-4.70379
-4.70349
-4.70318
-4.70348
-4.70318
-4.70288
-4.70227
-4.70227
-4.70242
-4.70227
-4.70273
-4.70257
-4.70212
-4.70137
-4.70137
-4.70212
-4.70182
-4.70167
-4.70137
-4.70091
-4.70197
-4.70122
-4.70092
-4.70167
-4.70197
-4.70212
-4.70227
-4.70182
-4.70182
-4.70227
-4.70243
-4.70227
-4.70227
-4.70167
-4.70137
-4.70182
-4.70212
-4.70137
-4.70152
-4.70107
-4.70137
-4.70167
-4.70152
-4.70152
-4.70167
-4.70122
-4.70167
-4.70152
-4.70137
-4.70182
-4.70212
-4.70167
-4.70197
-4.70243
-4.70212
-4.70182
-4.70243
-4.70288
-4.70288
-4.70409
-4.70348
-4.70348
-4.70333
-4.70348
-4.70484
-4.70484
-4.70454
-4.70379
-4.70363
-4.70363
-4.70378
-4.70394
-4.70288
-4.70363
-4.70318
-4.70288
-4.70348
-4.70318
-4.70364
-4.70349
-4.70424
-4.70485
-4.705
-4.70439
-4.70424
-4.70439
-4.7056
-4.70575
-4.7056
-4.70651
-4.70666
-4.70666
-4.7059
-4.70621
-4.70575
-4.70605
-4.70605
-4.7056
-4.70605
-4.70651
-4.70651
-4.70635
-4.70651
-4.70635
-4.70666
-4.70635
-4.70696
-4.70726
-4.70787
-4.70772
-4.70787
-4.70832
-4.70787
-4.70817
-4.70696
-4.70711
-4.70711
-4.70696
-4.70787
-4.70711
-4.70666
-4.70756
-4.70771
-4.70756
-4.70741
-4.70786
-4.70756
-4.70681
-4.70726
-4.70726
-4.70741
-4.70741
-4.70787
-4.70711
-4.70756
-4.70711
-4.70741
-4.70696
-4.70786
-4.70802
-4.70862
-4.70907
-4.70877
-4.70802
-4.70741
-4.70832
-4.70832
-4.70816
-4.70832
-4.70847
-4.70907
-4.70862
-4.70907
-4.70922
-4.70847
-4.70892
-4.70892
-4.70907
-4.70892
-4.70877
-4.70847
-4.70817
-4.70711
-4.70756
-4.70756
-4.70741
-4.70756
-4.70681
-4.70635
-4.70545
-4.70575
-4.70545
-4.70545
-4.7053
-4.70514
-4.7059
-4.7059
-4.70575
-4.7059
-4.70605
-4.70711
-4.70605
-4.7056
-4.70484
-4.70499
-4.7056
-4.70575
-4.70681
-4.70711
-4.70771
-4.70726
-4.70681
-4.70726
-4.7065
-4.70711
-4.70711
-4.70756
-4.70862
-4.70892
-4.70923
-4.70968
-4.71013
-4.70968
-4.70953
-4.70953
-4.70968
-4.70968
-4.70953
-4.71013
-4.71043
-4.71043
-4.71134
-4.71058
-4.70983
-4.71043
-4.70998
-4.70983
-4.71028
-4.71059
-4.71074
-4.71074
-4.71059
-4.71044
-4.70983
-4.71059
-4.71013
-4.71028
-4.71013
-4.70907
-4.70862
-4.70802
-4.70787
-4.70772
-4.70832
-4.70787
-4.70772
-4.70681
-4.70681
-4.70681
-4.70696
-4.70726
-4.70696
-4.70621
-4.70606
-4.7059
-4.70636
-4.70605
-4.7053
-4.705
-4.70545
-4.70605
-4.70515
-4.70545
-4.70515
-4.7053
-4.70515
-4.7056
-4.70621
-4.70651
-4.70711
-4.70787
-4.70757
-4.70681
-4.70666
-4.7062
-4.70696
-4.70651
-4.70545
-4.70545
-4.7056
-4.70515
-4.70575
-4.70545
-4.70454
-4.70379
-4.70349
-4.70349
-4.70334
-4.70394
-4.70349
-4.70364
-4.70334
-4.70349
-4.70394
-4.70454
-4.70485
-4.70469
-4.70394
-4.70515
-4.70424
-4.705
-4.70454
-4.70484
-4.70424
-4.70409
-4.70348
-4.70409
-4.70394
-4.70378
-4.70363
-4.70424
-4.70499
-4.70499
-4.70515
-4.705
-4.70484
-4.705
-4.70469
-4.70454
-4.70469
-4.70439
-4.70409
-4.70364
-4.70288
-4.70379
-4.70379
-4.70333
-4.70243
-4.70333
-4.70394
-4.70454
-4.70394
-4.70484
-4.70514
-4.70514
-4.70575
-4.7059
-4.7056
-4.70605
-4.70651
-4.70666
-4.70681
-4.70651
-4.70681
-4.70726
-4.70651
-4.70575
-4.7056
-4.70545
-4.7056
-4.70575
-4.7059
-4.7062
-4.70636
-4.70696
-4.70651
-4.70681
-4.70741
-4.70726
-4.70741
-4.70711
-4.70635
-4.7062
-4.70605
-4.70605
-4.70575
-4.7056
-4.7053
-4.7056
-4.70469
-4.70575
-4.7062
-4.70635
-4.70711
-4.70756
-4.70756
-4.70877
-4.70877
-4.70922
-4.70862
-4.70786
-4.70771
-4.70832
-4.70862
-4.70862
-4.70892
-4.70832
-4.70802
-4.70771
-4.70711
-4.70681
-4.70681
-4.70681
-4.70635
-4.70515
-4.70515
-4.70454
-4.70484
-4.70515
-4.7056
-4.70545
-4.70515
-4.7053
-4.7053
-4.7056
-4.70575
-4.7062
-4.70666
-4.70711
-4.7065
-4.70741
-4.70817
-4.70847
-4.70907
-4.70817
-4.70847
-4.70802
-4.70817
-4.70786
-4.70801
-4.70801
-4.70892
-4.70801
-4.70847
-4.70862
-4.70817
-4.70771
-4.70787
-4.70711
-4.70741
-4.70711
-4.70726
-4.70711
-4.70801
-4.70817
-4.70786
-4.70832
-4.70877
-4.70907
-4.70892
-4.70832
-4.70832
-4.70741
-4.70726
-4.70741
-4.70681
-4.70756
-4.70801
-4.70786
-4.70771
-4.70832
-4.70832
-4.70953
-4.70968
-4.70998
-4.71043
-4.71058
-4.71043
-4.70998
-4.70937
-4.70892
-4.70907
-4.70907
-4.70862
-4.70862
-4.70907
-4.70862
-4.70832
-4.70847
-4.70907
-4.70892
-4.70862
-4.70862
-4.70862
-4.70862
-4.70892
-4.70801
-4.70771
-4.70711
-4.70711
-4.70741
-4.70786
-4.70877
-4.70892
-4.70847
-4.70786
-4.70741
-4.70771
-4.70681
-4.7065
-4.70771
-4.70771
-4.70786
-4.70786
-4.70877
-4.70847
-4.70877
-4.70892
-4.70847
-4.70756
-4.70726
-4.70756
-4.70756
-4.70801
-4.70907
-4.70907
-4.70998
-4.70968
-4.71028
-4.70968
-4.70968
-4.70968
-4.70938
-4.71013
-4.71058
-4.70983
-4.71043
-4.71119
-4.71119
-4.71073
-4.71058
-4.71119
-4.71073
-4.70998
-4.71073
-4.71134
-4.71194
-4.71149
-4.71073
-4.71103
-4.70983
-4.71028
-4.71058
-4.71104
-4.71058
-4.71043
-4.70968
-4.71013
-4.70953
-4.70862
-4.70877
-4.70892
-4.70817
-4.70802
-4.70907
-4.70892
-4.70847
-4.70817
-4.70665
-4.70681
-4.70771
-4.70816
-4.70816
-4.70771
-4.70711
-4.70771
-4.70696
-4.70681
-4.70726
-4.70666
-4.7065
-4.70545
-4.7056
-4.70469
-4.70529
-4.70696
-4.7065
-4.7059
-4.70605
-4.7062
-4.70665
-4.70665
-4.70741
-4.70696
-4.70726
-4.70756
-4.70741
-4.7065
-4.7068
-4.70665
-4.70741
-4.7071
-4.70801
-4.70877
-4.70937
-4.70907
-4.70846
-4.70907
-4.70952
-4.70892
-4.70892
-4.70726
-4.70756
-4.70711
-4.70635
-4.70559
-4.70529
-4.7059
-4.70574
-4.70544
-4.70589
-4.70559
-4.70559
-4.70635
-4.70605
-4.7065
-4.7065
-4.7068
-4.70725
-4.7065
-4.7071
-4.7071
-4.70635
-4.70665
-4.70665
-4.70741
-4.70831
-4.70846
-4.70831
-4.70907
-4.71028
-4.70997
-4.70937
-4.70907
-4.70937
-4.71043
-4.71058
-4.71043
-4.71013
-4.70892
-4.70846
-4.70846
-4.70876
-4.70831
-4.70907
-4.70861
-4.70877
-4.71073
-4.71073
-4.71088
-4.71073
-4.71103
-4.71073
-4.71043
-4.70997
-4.70982
-4.70982
-4.70967
-4.70967
-4.70907
-4.70816
-4.70876
-4.70786
-4.70786
-4.70695
-4.7062
-4.7071
-4.70741
-4.7068
-4.7074
-4.70786
-4.70831
-4.70831
-4.70861
-4.70816
-4.70846
-4.70801
-4.70816
-4.70816
-4.70756
-4.70786
-4.70831
-4.70846
-4.70786
-4.70801
-4.70801
-4.70847
-4.70786
-4.70726
-4.70711
-4.70711
-4.70665
-4.70665
-4.7062
-4.7056
-4.70499
-4.70454
-4.70423
-4.70453
-4.70393
-4.70453
-4.70378
-4.70484
-4.70484
-4.70454
-4.70318
-4.70393
-4.70288
-4.70242
-4.70227
-4.70303
-4.70303
-4.70302
-4.70378
-4.70408
-4.70469
-4.70453
-4.70423
-4.70438
-4.70438
-4.70438
-4.70454
-4.70514
-4.70499
-4.70469
-4.70438
-4.70484
-4.70499
-4.70469
-4.70408
-4.70348
-4.70363
-4.70453
-4.70393
-4.70393
-4.70408
-4.70469
-4.70454
-4.70454
-4.70529
-4.7059
-4.70635
-4.70635
-4.7071
-4.70786
-4.70846
-4.70922
-4.70937
-4.70922
-4.70861
-4.70741
-4.70801
-4.7074
-4.70665
-4.7071
-4.70725
-4.70756
-4.7071
-4.70831
-4.70831
-4.70862
-4.84351
-4.84381
-4.84381
-4.84426
-4.84441
-4.84487
-4.84471
-4.84532
-4.84441
-4.84517
-4.84562
-4.84592
-4.84562
-4.84562
-4.84593
-4.84623
-4.84638
-4.84653
-4.84502
-4.84441
-4.84517
-4.84592
-4.84517
-4.84471
-4.84472
-4.84487
-4.84457
-4.84366
-4.84351
-4.84472
-4.84426
-4.84502
-4.84472
-4.84336
-4.8432
-4.8426
-4.84351
-4.8432
-4.84411
-4.84502
-4.84517
-4.84623
-4.84638
-4.84562
-4.84502
-4.84517
-4.84517
-4.84502
-4.84532
-4.84593
-4.84487
-4.84562
-4.84562
-4.84517
-4.84532
-4.84577
-4.84441
-4.84396
-4.84426
-4.84411
-4.84426
-4.84441
-4.84547
-4.84502
-4.84517
-4.84578
-4.84593
-4.84547
-4.84562
-4.84562
-4.84592
-4.84547
-4.84592
-4.84577
-4.84517
-4.84562
-4.84472
-4.84336
-4.84366
-4.84411
-4.84321
-4.84245
-4.84215
-4.8423
-4.8423
-4.842
-4.8417
-4.8417
-4.84139
-4.8426
-4.84381
-4.84426
-4.84441
-4.84472
-4.84426
-4.84411
-4.84457
-4.84487
-4.84472
-4.84411
-4.84457
-4.84502
-4.84457
-4.84457
-4.84487
-4.84426
-4.84411
-4.84487
-4.84456
-4.84366
-4.84275
-4.84275
-4.84275
-4.8426
-4.84215
-4.84215
-4.84215
-4.84109
-4.84124
-4.84124
-4.84124
-4.84109
-4.84185
-4.84124
-4.84109
-4.842
-4.84185
-4.84139
-4.84109
-4.84124
-4.84109
-4.84064
-4.84094
-4.84109
-4.84124
-4.8423
-4.84305
-4.84441
-4.84472
-4.84426
-4.84411
-4.84487
-4.84426
-4.84457
-4.84351
-4.84396
-4.84291
-4.84291
-4.84306
-4.84351
-4.84306
-4.84336
-4.84245
-4.8426
-4.8429
-4.84275
-4.8429
-4.84275
-4.84351
-4.8426
-4.84396
-4.84487
-4.84487
-4.84502
-4.84396
-4.84351
-4.84366
-4.84351
-4.84321
-4.84351
-4.84381
-4.84306
-4.84306
-4.84336
-4.84426
-4.84321
-4.84321
-4.84396
-4.84472
-4.84517
-4.84517
-4.84502
-4.84532
-4.84532
-4.84472
-4.84426
-4.84366
-4.84351
-4.84275
-4.84305
-4.84321
-4.84336
-4.84321
-4.84411
-4.84441
-4.84426
-4.84351
-4.84351
-4.84366
-4.84381
-4.84366
-4.84336
-4.84336
-4.84351
-4.84336
-4.84411
-4.84426
-4.84441
-4.84502
-4.84487
-4.84562
-4.84623
-4.84592
-4.84562
-4.84593
-4.84562
-4.84593
-4.84653
-4.84608
-4.84593
-4.84668
-4.84728
-4.84698
-4.84683
-4.84593
-4.84577
-4.84532
-4.84532
-4.84562
-4.84638
-4.84592
-4.84592
-4.84577
-4.84562
-4.84517
-4.84532
-4.84472
-4.84411
-4.84351
-4.84321
-4.84381
-4.84411
-4.84457
-4.84547
-4.84578
-4.84578
-4.84608
-4.84608
-4.84578
-4.84653
-4.84729
-4.84774
-4.84668
-4.84698
-4.84683
-4.84713
-4.84653
-4.84729
-4.84774
-4.84744
-4.84683
-4.84577
-4.84562
-4.84547
-4.84547
-4.84547
-4.84562
-4.84547
-4.84457
-4.84517
-4.84593
-4.84532
-4.84487
-4.84411
-4.84381
-4.84366
-4.84351
-4.84396
-4.84366
-4.84366
-4.84321
-4.84366
-4.84457
-4.84502
-4.84577
-4.84532
-4.84577
-4.84562
-4.84593
-4.84608
-4.84562
-4.84577
-4.84623
-4.84517
-4.84562
-4.84562
-4.84487
-4.84502
-4.84487
-4.84441
-4.84472
-4.84396
-4.84487
-4.84456
-4.84517
-4.84592
-4.84592
-4.84577
-4.84547
-4.84547
-4.84562
-4.84562
-4.84608
-4.84562
-4.84547
-4.84532
-4.84517
-4.84532
-4.84532
-4.84623
-4.84623
-4.84638
-4.84759
-4.84774
-4.84759
-4.84728
-4.84713
-4.84804
-4.84759
-4.84683
-4.84668
-4.84653
-4.84713
-4.84713
-4.84728
-4.84713
-4.84562
-4.84562
-4.84532
-4.84608
-4.84653
-4.84713
-4.84743
-4.84743
-4.84638
-4.84638
-4.84607
-4.84668
-4.84562
-4.84622
-4.84607
-4.84668
-4.84668
-4.84668
-4.84623
-4.84607
-4.84577
-4.84668
-4.84592
-4.84668
-4.84653
-4.84789
-4.84879
-4.8491
-4.8494
-4.84985
-4.8491
-4.84849
-4.84819
-4.84819
-4.84774
-4.84698
-4.84713
-4.84607
-4.84592
-4.84547
-4.84577
-4.84487
-4.84517
-4.84472
-4.84562
-4.84441
-4.84457
-4.84502
-4.84547
-4.84532
-4.84502
-4.84502
-4.84456
-4.84396
-4.84426
-4.84366
-4.84366
-4.8429
-4.8429
-4.84335
-4.84275
-4.84245
-4.842
-4.84184
-4.84215
-4.84139
-4.84124
-4.84185
-4.84169
-4.84169
-4.84139
-4.84079
-4.84109
-4.84169
-4.84169
-4.84169
-4.84094
-4.842
-4.84215
-4.84245
-4.8429
-4.84381
-4.84305
-4.84335
-4.84366
-4.84366
-4.84411
-4.84335
-4.84381
-4.84305
-4.84335
-4.8432
-4.8429
-4.842
-4.84245
-4.84245
-4.84185
-4.84154
-4.84109
-4.84184
-4.8423
-4.84245
-4.8423
-4.8423
-4.8423
-4.8426
-4.84275
-4.84305
-4.84245
-4.8435
-4.84305
-4.8426
-4.84305
-4.8426
-4.84275
-4.84215
-4.84169
-4.84169
-4.8423
-4.8417
-4.84215
-4.84185
-4.84185
-4.84109
-4.84139
-4.84139
-4.84215
-4.84199
-4.8426
-4.84335
-4.84335
-4.84305
-4.8432
-4.8429
-4.84275
-4.84275
-4.84336
-4.84351
-4.84305
-4.84381
-4.84381
-4.84411
-4.84426
-4.84411
-4.84381
-4.84396
-4.84411
-4.84381
-4.84411
-4.84426
-4.84472
-4.84456
-4.84502
-4.84426
-4.84366
-4.8432
-4.8423
-4.84245
-4.84199
-4.84215
-4.8429
-4.84275
-4.8432
-4.8432
-4.8426
-4.8429
-4.84321
-4.84185
-4.84094
-4.84033
-4.84018
-4.84048
-4.84124
-4.8423
-4.84154
-4.84154
-4.84184
-4.84199
-4.84124
-4.84079
-4.84033
-4.83988
-4.83912
-4.83988
-4.83958
-4.83988
-4.83943
-4.84018
-4.84048
-4.83973
-4.83867
-4.83897
-4.83912
-4.83897
-4.83928
-4.84003
-4.83912
-4.83928
-4.83882
-4.83943
-4.83958
-4.83943
-4.83897
-4.83882
-4.83837
-4.83852
-4.83852
-4.83912
-4.83882
-4.83897
-4.83912
-4.83988
-4.83988
-4.84033
-4.83973
-4.84078
-4.84063
-4.84033
-4.84063
-4.84003
-4.84003
-4.83973
-4.84033
-4.84003
-4.83973
-4.83973
-4.83988
-4.83882
-4.83927
-4.83882
-4.83912
-4.83852
-4.83882
-4.83852
-4.83806
-4.83821
-4.83927
-4.84018
-4.84078
-4.84108
-4.84108
-4.83972
-4.83942
-4.83942
-4.83927
-4.84078
-4.84048
-4.84003
-4.83942
-4.84063
-4.84033
-4.84018
-4.83957
-4.83927
-4.83912
-4.83927
-4.83942
-4.83942
-4.83927
-4.83987
-4.83987
-4.83942
-4.83897
-4.83927
-4.83972
-4.84003
-4.83987
-4.83972
-4.84003
-4.83927
-4.83957
-4.84048
-4.84018
-4.83972
-4.84063
-4.84063
-4.84048
-4.84018
-4.84048
-4.84018
-4.83942
-4.83821
-4.83836
-4.83867
-4.83852
-4.83776
-4.83776
-4.83852
-4.83897
-4.83942
-4.83942
-4.83957
-4.83972
-4.83912
-4.83821
-4.83821
-4.83851
-4.83866
-4.83897
-4.83972
-4.83942
-4.83957
-4.84002
-4.83942
-4.83821
-4.83806
-4.83836
-4.83942
-4.83972
-4.83972
-4.84048
-4.84063
-4.84123
-4.84169
-4.84138
-4.84199
-4.84244
-4.84229
-4.84244
-4.84063
-4.84002
-4.84002
-4.84048
-4.84153
-4.84123
-4.84108
-4.84063
-4.84047
-4.84093
-4.84108
-4.84259
-4.84214
-4.84214
-4.84214
-4.84184
-4.84229
-4.84244
-4.84259
-4.84259
-4.84229
-4.84259
-4.84229
-4.84244
-4.84305
-4.8438
-4.8441
-4.84365
-4.84304
-4.8435
-4.84365
-4.84304
-4.84335
-4.84365
-4.84456
-4.84441
-4.84395
-4.8432
-4.8435
-4.84365
-4.8429
-4.8435
-4.84365
-4.84365
-4.84365
-4.84395
-4.84471
-4.84471
-4.84441
-4.84426
-4.84456
-4.84425
-4.84274
-4.8429
-4.8435
-4.84335
-4.84335
-4.84305
-4.84425
-4.84365
-4.84335
-4.8435
-4.8438
-4.8438
-4.84456
-4.84546
-4.84531
-4.84531
-4.84577
-4.84395
-4.8435
-4.84335
-4.84365
-4.84365
-4.84395
-4.84471
-4.84471
-4.84592
-4.84637
-4.84591
-4.84637
-4.84622
-4.84637
-4.84637
-4.84606
-4.84637
-4.84682
-4.84697
-4.84742
-4.84757
-4.84682
-4.84531
-4.84486
-4.84576
-4.8441
-4.8438
-4.8441
-4.8438
-4.8432
-4.84274
-4.84244
-4.84138
-4.84108
-4.84108
-4.84138
-4.84153
-4.84229
-4.84274
-4.84304
-4.84289
-4.84289
-4.84395
-4.8438
-4.8444
-4.84456
-4.84531
-4.84516
-4.84577
-4.84607
-4.84607
-4.84592
-4.84607
-4.84561
-4.84516
-4.84516
-4.84486
-4.84591
-4.84637
-4.84576
-4.84561
-4.84486
-4.84471
-4.84471
-4.84456
-4.84426
-4.84486
-4.84411
-4.84426
-4.8432
-4.84305
-4.84365
-4.8435
-4.8435
-4.8435
-4.84244
-4.84229
-4.84138
-4.84214
-4.84244
-4.84289
-4.84335
-4.8441
-4.84395
-4.8438
-4.84425
-4.84471
-4.84486
-4.84516
-4.84531
-4.84531
-4.84562
-4.84592
-4.84622
-4.84531
-4.84607
-4.84577
-4.84607
-4.84637
-4.84592
-4.84546
-4.84456
-4.8441
-4.84305
-4.84335
-4.84395
-4.8438
-4.84396
-4.84441
-4.84441
-4.84456
-4.84441
-4.84426
-4.84486
-4.84426
-4.84441
-4.84395
-4.8435
-4.84305
-4.8435
-4.8438
-4.84426
-4.84396
-4.84396
-4.84456
-4.84426
-4.84441
-4.84395
-4.84456
-4.8438
-4.8438
-4.84396
-4.84396
-4.84411
-4.84426
-4.84456
-4.84426
-4.8435
-4.84335
-4.84259
-4.84244
-4.84245
-4.84184
-4.84139
-4.84154
-4.84003
-4.84018
-4.84063
-4.84048
-4.84124
-4.84169
-4.84154
-4.84124
-4.84184
-4.84063
-4.83987
-4.83972
-4.84018
-4.84018
-4.83882
-4.83912
-4.84018
-4.84063
-4.84048
-4.84078
-4.84063
-4.84048
-4.84018
-4.84018
-4.84048
-4.84033
-4.83957
-4.84003
-4.84003
-4.84018
-4.84018
-4.84063
-4.84154
-4.84078
-4.84048
-4.84139
-4.84169
-4.84184
-4.84108
-4.84063
-4.84078
-4.84033
-4.84033
-4.84003
-4.84093
-4.84078
-4.84018
-4.84033
-4.84003
-4.84109
-4.84229
-4.84199
-4.8426
-4.8435
-4.8435
-4.8435
-4.84365
-4.8432
-4.8435
-4.8435
-4.8438
-4.84411
-4.84411
-4.84381
-4.84396
-4.84441
-4.84396
-4.84411
-4.84456
-4.84441
-4.84411
-4.84501
-4.84471
-4.8435
-4.8435
-4.8432
-4.8426
-4.84214
-4.84229
-4.84199
-4.84199
-4.84214
-4.84199
-4.84244
-4.84199
-4.84229
-4.84275
-4.84199
-4.8426
-4.84199
-4.8423
-4.84305
-4.8429
-4.84275
-4.84275
-4.84335
-4.84305
-4.8432
-4.8432
-4.84259
-4.84199
-4.84124
-4.84078
-4.84124
-4.84139
-4.84124
-4.84063
-4.84063
-4.84078
-4.84018
-4.84063
-4.84063
-4.84139
-4.84094
-4.84094
-4.84048
-4.84124
-4.84063
-4.84078
-4.84094
-4.84094
-4.84018
-4.84003
-4.83988
-4.84018
-4.83927
-4.83882
-4.83927
-4.84063
-4.83973
-4.84003
-4.57663
-4.57632
-4.57632
-4.57572
-4.57557
-4.57587
-4.57572
-4.57617
-4.57602
-4.57587
-4.57587
-4.57602
-4.57557
-4.57617
-4.57617
-4.57511
-4.57541
-4.57526
-4.57511
-4.57542
-4.57511
-4.57511
-4.57451
-4.57481
-4.57421
-4.57391
-4.57375
-4.57391
-4.57375
-4.57451
-4.57421
-4.57466
-4.57497
-4.57497
-4.57512
-4.57512
-4.57527
-4.57482
-4.57436
-4.57406
-4.57466
-4.57542
-4.57632
-4.57692
-4.57617
-4.57571
-4.57617
-4.57677
-4.57632
-4.57527
-4.57512
-4.57572
-4.57557
-4.57632
-4.57723
-4.57663
-4.57693
-4.57753
-4.57708
-4.57708
-4.57708
-4.57738
-4.57647
-4.57663
-4.57663
-4.57617
-4.57633
-4.57542
-4.57602
-4.57618
-4.57617
-4.57587
-4.57572
-4.57617
-4.57602
-4.57557
-4.57557
-4.57527
-4.57497
-4.57497
-4.57481
-4.57497
-4.57466
-4.57512
-4.57542
-4.57512
-4.57557
-4.57572
-4.57542
-4.57587
-4.57557
-4.57542
-4.57466
-4.57466
-4.57421
-4.57451
-4.57451
-4.57511
-4.57542
-4.57511
-4.57481
-4.57511
-4.57466
-4.57421
-4.57436
-4.57466
-4.57512
-4.57451
-4.57451
-4.57361
-4.57421
-4.57436
-4.57512
-4.57542
-4.57542
-4.57496
-4.57436
-4.57511
-4.57542
-4.57542
-4.57496
-4.57512
-4.57557
-4.57451
-4.57527
-4.57572
-4.57632
-4.57723
-4.57708
-4.57783
-4.57738
-4.57889
-4.57829
-4.57874
-4.5798
-4.5798
-4.58025
-4.58086
-4.58131
-4.58101
-4.58086
-4.5801
-4.57935
-4.57844
-4.57859
-4.57904
-4.57949
-4.57904
-4.57889
-4.57829
-4.57798
-4.57738
-4.57859
-4.57783
-4.57814
-4.57889
-4.57889
-4.57844
-4.57904
-4.57889
-4.57859
-4.57874
-4.57904
-4.5798
-4.57995
-4.57934
-4.58025
-4.5801
-4.57935
-4.57934
-4.5795
-4.5801
-4.58085
-4.5807
-4.5804
-4.57964
-4.58055
-4.58085
-4.58025
-4.5801
-4.5804
-4.5798
-4.57935
-4.57965
-4.5798
-4.57995
-4.57995
-4.58025
-4.5801
-4.5795
-4.58116
-4.58055
-4.5807
-4.58055
-4.5807
-4.58131
-4.5801
-4.57965
-4.57965
-4.57965
-4.5804
-4.58101
-4.58176
-4.58222
-4.58206
-4.58252
-4.58282
-4.58237
-4.58206
-4.58101
-4.58116
-4.58191
-4.5798
-4.5798
-4.5801
-4.57995
-4.58086
-4.58056
-4.58055
-4.58131
-4.58116
-4.58086
-4.5804
-4.58055
-4.57995
-4.57844
-4.57844
-4.57859
-4.57844
-4.57829
-4.57784
-4.57738
-4.57769
-4.57768
-4.57829
-4.57738
-4.57557
-4.57632
-4.57587
-4.57481
-4.57406
-4.57421
-4.57376
-4.57361
-4.57361
-4.5733
-4.57421
-4.57497
-4.57436
-4.57375
-4.5736
-4.57315
-4.57345
-4.573
-4.57269
-4.57269
-4.57224
-4.57269
-4.57345
-4.5739
-4.5739
-4.57421
-4.57406
-4.57511
-4.57511
-4.57496
-4.57587
-4.57587
-4.57617
-4.57693
-4.57708
-4.57708
-4.57844
-4.57889
-4.57919
-4.57889
-4.57783
-4.57874
-4.57874
-4.57965
-4.57904
-4.57844
-4.57919
-4.57934
-4.57949
-4.58055
-4.581
-4.58131
-4.58055
-4.5801
-4.57919
-4.57859
-4.57828
-4.57768
-4.57768
-4.57753
-4.57647
-4.57526
-4.57451
-4.57481
-4.57496
-4.57496
-4.57541
-4.57556
-4.57602
-4.57647
-4.57738
-4.57798
-4.57753
-4.57677
-4.57722
-4.57601
-4.57571
-4.57632
-4.57662
-4.57662
-4.57692
-4.57617
-4.57723
-4.57723
-4.57707
-4.57722
-4.57601
-4.57617
-4.57601
-4.57526
-4.57571
-4.57541
-4.57526
-4.57556
-4.57692
-4.57753
-4.57692
-4.57798
-4.57843
-4.57798
-4.57813
-4.57813
-4.57843
-4.57843
-4.57798
-4.57828
-4.57783
-4.57768
-4.57798
-4.57752
-4.57707
-4.57662
-4.57813
-4.57858
-4.57843
-4.57843
-4.57843
-4.57843
-4.57843
-4.57828
-4.57843
-4.57843
-4.57828
-4.57828
-4.57843
-4.57858
-4.57904
-4.57934
-4.57949
-4.57949
-4.57979
-4.57994
-4.58055
-4.57994
-4.58009
-4.58025
-4.58055
-4.5813
-4.58145
-4.5813
-4.5807
-4.57994
-4.57979
-4.57889
-4.57919
-4.57873
-4.57858
-4.57858
-4.57858
-4.57813
-4.57783
-4.57783
-4.57707
-4.57692
-4.57647
-4.57601
-4.57556
-4.57662
-4.57677
-4.57692
-4.57737
-4.57737
-4.57737
-4.57798
-4.57768
-4.57813
-4.57843
-4.57873
-4.57903
-4.57994
-4.57994
-4.58009
-4.57994
-4.58009
-4.58024
-4.58009
-4.57979
-4.58069
-4.58054
-4.57994
-4.58009
-4.57979
-4.57903
-4.57813
-4.57752
-4.57828
-4.57783
-4.57692
-4.57677
-4.57662
-4.57677
-4.57707
-4.57737
-4.57601
-4.57586
-4.57586
-4.5754
-4.57465
-4.57525
-4.57556
-4.57556
-4.57556
-4.57647
-4.57647
-4.57677
-4.57692
-4.57828
-4.57797
-4.57752
-4.57722
-4.57647
-4.57556
-4.57495
-4.5748
-4.57495
-4.57601
-4.57526
-4.57495
-4.57541
-4.57526
-4.5751
-4.57556
-4.57571
-4.5754
-4.57435
-4.57435
-4.57495
-4.57465
-4.5748
-4.57525
-4.57541
-4.57525
-4.57526
-4.57601
-4.57541
-4.57586
-4.57631
-4.57601
-4.57646
-4.57525
-4.57571
-4.57646
-4.57707
-4.57782
-4.57767
-4.57797
-4.57812
-4.57858
-4.57828
-4.57858
-4.57797
-4.57843
-4.57737
-4.57767
-4.57752
-4.57812
-4.57858
-4.57812
-4.57767
-4.57631
-4.57586
-4.57495
-4.57435
-4.5742
-4.57495
-4.5751
-4.5751
-4.57525
-4.57601
-4.57495
-4.57374
-4.57465
-4.5748
-4.57435
-4.57405
-4.57541
-4.5754
-4.57586
-4.5754
-4.57525
-4.57631
-4.57646
-4.57631
-4.57541
-4.57465
-4.5745
-4.57495
-4.57525
-4.57435
-4.57404
-4.57435
-4.57419
-4.57389
-4.57359
-4.57359
-4.57359
-4.57344
-4.57374
-4.57344
-4.57329
-4.5742
-4.5748
-4.57405
-4.57435
-4.5742
-4.57344
-4.57344
-4.57389
-4.5754
-4.57586
-4.57676
-4.57646
-4.57616
-4.57601
-4.57601
-4.57631
-4.57661
-4.57676
-4.57722
-4.57767
-4.57782
-4.57752
-4.57812
-4.57782
-4.57797
-4.57722
-4.57707
-4.57797
-4.57843
-4.57662
-4.57662
-4.57662
-4.57707
-4.57722
-4.57752
-4.57707
-4.57692
-4.57616
-4.57601
-4.57571
-4.57525
-4.57525
-4.57585
-4.57464
-4.57495
-4.5745
-4.57374
-4.57435
-4.57344
-4.57345
-4.57299
-4.57269
-4.57284
-4.57239
-4.57224
-4.57269
-4.57239
-4.57269
-4.57269
-4.57314
-4.57405
-4.57495
-4.5751
-4.57646
-4.57677
-4.57631
-4.57661
-4.57601
-4.57647
-4.57601
-4.57586
-4.57586
-4.57632
-4.57632
-4.57692
-4.57737
-4.57707
-4.57707
-4.57571
-4.57586
-4.57601
-4.57707
-4.57737
-4.57661
-4.57707
-4.57707
-4.57752
-4.57828
-4.57813
-4.57752
-4.57722
-4.57783
-4.57828
-4.57828
-4.57828
-4.57783
-4.57798
-4.57798
-4.57828
-4.57797
-4.57903
-4.57933
-4.57903
-4.57933
-4.57918
-4.57903
-4.57979
-4.57949
-4.57934
-4.57813
-4.57783
-4.57783
-4.57677
-4.57692
-4.57677
-4.57692
-4.57722
-4.57813
-4.57812
-4.57797
-4.57828
-4.57888
-4.57813
-4.57813
-4.57813
-4.57858
-4.57737
-4.57843
-4.57843
-4.57903
-4.57964
-4.57949
-4.57964
-4.57903
-4.57828
-4.57994
-4.58024
-4.5807
-4.5813
-4.58039
-4.58009
-4.58115
-4.581
-4.58115
-4.58085
-4.57994
-4.57843
-4.57783
-4.57798
-4.57813
-4.57768
-4.57828
-4.57783
-4.57647
-4.57677
-4.57677
-4.57647
-4.57677
-4.57768
-4.57783
-4.57752
-4.57707
-4.57707
-4.57662
-4.57677
-4.57662
-4.57722
-4.57752
-4.57616
-4.57616
-4.57631
-4.57647
-4.57541
-4.57586
-4.57616
-4.57601
-4.57632
-4.57647
-4.57647
-4.57662
-4.57707
-4.57647
-4.57647
-4.57601
-4.57692
-4.57707
-4.57661
-4.57707
-4.57722
-4.57692
-4.57616
-4.57677
-4.57647
-4.57647
-4.57707
-4.57752
-4.57783
-4.57783
-4.57858
-4.57783
-4.57843
-4.57828
-4.57722
-4.57798
-4.57873
-4.57873
-4.57828
-4.57843
-4.57828
-4.57888
-4.57843
-4.57873
-4.57949
-4.57964
-4.57994
-4.57903
-4.57858
-4.57858
-4.57903
-4.57919
-4.57903
-4.57979
-4.58024
-4.58024
-4.57979
-4.57934
-4.57949
-4.57858
-4.57813
-4.57903
-4.57843
-4.57828
-4.57813
-4.57843
-4.57934
-4.57949
-4.57934
-4.57888
-4.57813
-4.57692
-4.57767
-4.57737
-4.57692
-4.57662
-4.57662
-4.57722
-4.57753
-4.57798
-4.57753
-4.57722
-4.57692
-4.57707
-4.57752
-4.57767
-4.57873
-4.57843
-4.57904
-4.57873
-4.57888
-4.57873
-4.57919
-4.58055
-4.5816
-4.5816
-4.58115
-4.58115
-4.58115
-4.581
-4.5813
-4.5816
-4.5807
-4.581
-4.5813
-4.5816
-4.5813
-4.581
-4.58085
-4.5807
-4.57994
-4.57934
-4.57964
-4.57933
-4.58009
-4.57964
-4.57979
-4.58055
-4.58039
-4.581
-4.5804
-4.5807
-4.58024
-4.58024
-4.58024
-4.58024
-4.58024
-4.58054
-4.58009
-4.57979
-4.57873
-4.57934
-4.57964
-4.57994
-4.57903
-4.57979
-4.57979
-4.57934
-4.58055
-4.581
-4.5813
-4.58251
-4.58266
-4.58236
-4.58296
-4.58342
-4.58372
-4.58357
-4.58432
-4.58417
-4.58341
-4.58357
-4.58357
-4.58508
-4.58553
-4.58553
-4.58493
-4.58508
-4.58493
-4.58432
-4.58342
-4.58372
-4.58342
-4.58281
-4.58175
-4.5816
-4.5816
-4.58069
-4.58054
-4.57979
-4.57918
-4.57843
-4.57752
-4.57768
-4.57798
-4.57783
-4.57904
-4.57979
-4.57994
-4.57979
-4.58009
-4.57994
-4.58024
-4.58024
-4.57903
-4.57918
-4.57994
-4.58024
-4.57979
-4.58009
-4.57994
-4.58009
-4.58085
-4.58115
-4.58039
-4.57979
-4.57979
-4.58054
-4.5813
-4.58115
-4.5822
-4.58145
-4.58084
-4.58114
-4.5819
-4.5816
-4.58251
-4.58266
-4.5822
-4.5819
-4.5813
-4.58115
-4.58085
-4.58115
-4.58085
-4.58085
-4.58069
-4.58009
-4.57964
-4.57858
-4.57843
-4.57903
-4.57903
-4.57903
-4.57873
-4.57797
-4.57752
-4.57767
-4.57722
-4.57677
-4.57677
-4.57677
-4.57661
-4.57707
-4.57722
-4.57676
-4.57737
-4.57737
-4.57677
-4.57722
-4.57737
-4.57767
-4.57752
-4.57677
-4.57677
-4.57782
-4.57828
-4.57888
-4.57933
-4.57903
-4.57978
-4.57963
-4.57978
-4.57948
-4.57979
-4.58024
-4.58084
-4.58024
-4.57933
-4.57903
-4.57797
-4.57767
-4.57767
-4.57797
-4.57797
-4.57752
-4.57707
-4.57722
-4.57631
-4.57737
-4.57737
-4.57737
-4.57676
-4.57737
-4.57828
-4.57737
-4.57676
-4.57646
-4.57752
-4.57782
-4.57828
-4.57843
-4.57903
-4.57903
-4.57828
-4.57828
-4.57722
-4.57737
-4.57812
-4.57827
-4.57842
-4.57842
-4.57872
-4.57782
-4.57857
-4.57873
-4.64034
-4.64034
-4.6414
-4.64125
-4.6417
-4.6411
-4.6411
-4.64079
-4.6411
-4.64095
-4.64019
-4.64019
-4.63989
-4.64004
-4.64004
-4.64019
-4.6408
-4.63989
-4.63974
-4.63898
-4.63913
-4.63838
-4.63883
-4.63959
-4.64034
-4.64064
-4.64125
-4.6411
-4.64216
-4.6417
-4.64216
-4.64231
-4.642
-4.6408
-4.6411
-4.64064
-4.64049
-4.64019
-4.64049
-4.64034
-4.64019
-4.63898
-4.63959
-4.64019
-4.64034
-4.64049
-4.64019
-4.63928
-4.64004
-4.64019
-4.64034
-4.64049
-4.6405
-4.64035
-4.63974
-4.64019
-4.63989
-4.64019
-4.63989
-4.63929
-4.63853
-4.63868
-4.63853
-4.63928
-4.63989
-4.63943
-4.63943
-4.63974
-4.64019
-4.64034
-4.64049
-4.64095
-4.64049
-4.63974
-4.63929
-4.63883
-4.63853
-4.63717
-4.63642
-4.63687
-4.63793
-4.63732
-4.63823
-4.63778
-4.63717
-4.63732
-4.63748
-4.63642
-4.63657
-4.63687
-4.63612
-4.63566
-4.63551
-4.63567
-4.63627
-4.63642
-4.63642
-4.63763
-4.63808
-4.63763
-4.63793
-4.63763
-4.63778
-4.63778
-4.63778
-4.63747
-4.63838
-4.63778
-4.63793
-4.63778
-4.63869
-4.63884
-4.6399
-4.63975
-4.6399
-4.6399
-4.63944
-4.63944
-4.63899
-4.63899
-4.63899
-4.63884
-4.63868
-4.63883
-4.63793
-4.63853
-4.63823
-4.63808
-4.63808
-4.63748
-4.63748
-4.63763
-4.63703
-4.63687
-4.63672
-4.63672
-4.63718
-4.63717
-4.63717
-4.63672
-4.63717
-4.63702
-4.63642
-4.63687
-4.63672
-4.63672
-4.63657
-4.63612
-4.63612
-4.63627
-4.63657
-4.63657
-4.63612
-4.63582
-4.63551
-4.63581
-4.63612
-4.63687
-4.63748
-4.63778
-4.63763
-4.63838
-4.63793
-4.63868
-4.63899
-4.63868
-4.63868
-4.63959
-4.63974
-4.63944
-4.63959
-4.64004
-4.63974
-4.63913
-4.63868
-4.63883
-4.63959
-4.63959
-4.64019
-4.64049
-4.64049
-4.64034
-4.64034
-4.64019
-4.63914
-4.64004
-4.63974
-4.63929
-4.63944
-4.63883
-4.63914
-4.63838
-4.63944
-4.64004
-4.64019
-4.63989
-4.63974
-4.64065
-4.6414
-4.6411
-4.64155
-4.6411
-4.6408
-4.6408
-4.63959
-4.63959
-4.63959
-4.63974
-4.64034
-4.64019
-4.63974
-4.63944
-4.63959
-4.63928
-4.63928
-4.63959
-4.63913
-4.63898
-4.63913
-4.63868
-4.63914
-4.63898
-4.63944
-4.63944
-4.63929
-4.63899
-4.63899
-4.63823
-4.63868
-4.63778
-4.63808
-4.63747
-4.63838
-4.63868
-4.63868
-4.63883
-4.63868
-4.63823
-4.63793
-4.63762
-4.63778
-4.63732
-4.63778
-4.63793
-4.63868
-4.63793
-4.63687
-4.63778
-4.63793
-4.63838
-4.63868
-4.63808
-4.63793
-4.63838
-4.63778
-4.63747
-4.63808
-4.63717
-4.63702
-4.63732
-4.63808
-4.63762
-4.63687
-4.63793
-4.63868
-4.63929
-4.63959
-4.64004
-4.63974
-4.64049
-4.64065
-4.64125
-4.64231
-4.64246
-4.64276
-4.64231
-4.6414
-4.6414
-4.64034
-4.64034
-4.6405
-4.64019
-4.64004
-4.63959
-4.64065
-4.64004
-4.64049
-4.64155
-4.64185
-4.6414
-4.64095
-4.64125
-4.6417
-4.6417
-4.6414
-4.6414
-4.64125
-4.64065
-4.64034
-4.64004
-4.63959
-4.63929
-4.63959
-4.63929
-4.63944
-4.64019
-4.64095
-4.64065
-4.63989
-4.64065
-4.64049
-4.6411
-4.64231
-4.642
-4.64245
-4.64245
-4.642
-4.642
-4.64261
-4.64246
-4.6417
-4.64276
-4.642
-4.64261
-4.64261
-4.64246
-4.64215
-4.64291
-4.642
-4.6423
-4.642
-4.64291
-4.64261
-4.64245
-4.64215
-4.6417
-4.6414
-4.64094
-4.6417
-4.6417
-4.6414
-4.64095
-4.64064
-4.64004
-4.63943
-4.64049
-4.64049
-4.6411
-4.64094
-4.64034
-4.64034
-4.64094
-4.64079
-4.64049
-4.6411
-4.64065
-4.64049
-4.6417
-4.6411
-4.64049
-4.6411
-4.64064
-4.64094
-4.64094
-4.64079
-4.64049
-4.64079
-4.6417
-4.64064
-4.64049
-4.6411
-4.6417
-4.64185
-4.6411
-4.64064
-4.6414
-4.64109
-4.64064
-4.64034
-4.64019
-4.64004
-4.64004
-4.64004
-4.63989
-4.63883
-4.63928
-4.63883
-4.63883
-4.63989
-4.64079
-4.63973
-4.64049
-4.64049
-4.64004
-4.64049
-4.6417
-4.64155
-4.64351
-4.64366
-4.64351
-4.64366
-4.64245
-4.64276
-4.64321
-4.6426
-4.64336
-4.64336
-4.64381
-4.64396
-4.64442
-4.64396
-4.64366
-4.64351
-4.64351
-4.64291
-4.64291
-4.64351
-4.64291
-4.64245
-4.64185
-4.6414
-4.64185
-4.64049
-4.64079
-4.64019
-4.63943
-4.63838
-4.63807
-4.63822
-4.63958
-4.64019
-4.64003
-4.64034
-4.64049
-4.64124
-4.64124
-4.6417
-4.6414
-4.6414
-4.64094
-4.64095
-4.64049
-4.63989
-4.63913
-4.63807
-4.63838
-4.63777
-4.63837
-4.63822
-4.63883
-4.63943
-4.63883
-4.63822
-4.63807
-4.63762
-4.63822
-4.63852
-4.63913
-4.63792
-4.63853
-4.63822
-4.63913
-4.63883
-4.63943
-4.63974
-4.64019
-4.64109
-4.64079
-4.64079
-4.64034
-4.64034
-4.64034
-4.64019
-4.63973
-4.63898
-4.63822
-4.63868
-4.63822
-4.63792
-4.63853
-4.63853
-4.63883
-4.63959
-4.63928
-4.63928
-4.63974
-4.6414
-4.6411
-4.64125
-4.6411
-4.64094
-4.64079
-4.64185
-4.64215
-4.6417
-4.64095
-4.6411
-4.64065
-4.64065
-4.64019
-4.63959
-4.63898
-4.63868
-4.63913
-4.63853
-4.63807
-4.63732
-4.63777
-4.63762
-4.63717
-4.63717
-4.63656
-4.63656
-4.63626
-4.63611
-4.63641
-4.63641
-4.63551
-4.63475
-4.63566
-4.63641
-4.63626
-4.63581
-4.63536
-4.63536
-4.63521
-4.63551
-4.63566
-4.63611
-4.63626
-4.63626
-4.63717
-4.63641
-4.63656
-4.63686
-4.63717
-4.63701
-4.63732
-4.6355
-4.63581
-4.63581
-4.63566
-4.63581
-4.63551
-4.63521
-4.6346
-4.6346
-4.6349
-4.6346
-4.634
-4.63339
-4.63384
-4.63369
-4.63369
-4.63415
-4.6343
-4.63384
-4.63399
-4.63399
-4.63399
-4.63445
-4.63445
-4.63535
-4.6352
-4.63475
-4.6352
-4.6352
-4.63566
-4.63596
-4.63626
-4.63641
-4.63611
-4.63626
-4.63641
-4.63551
-4.63551
-4.63581
-4.63611
-4.63656
-4.63687
-4.63732
-4.63792
-4.63807
-4.63807
-4.63822
-4.63928
-4.63958
-4.63943
-4.63928
-4.63868
-4.63928
-4.63883
-4.63838
-4.63838
-4.63822
-4.63792
-4.63898
-4.63913
-4.63943
-4.63943
-4.63958
-4.63898
-4.63837
-4.63882
-4.63958
-4.63958
-4.64079
-4.64079
-4.64034
-4.64079
-4.64049
-4.64049
-4.64049
-4.64049
-4.64079
-4.64034
-4.64049
-4.64094
-4.64094
-4.6417
-4.6423
-4.64185
-4.642
-4.64215
-4.6417
-4.642
-4.6414
-4.64049
-4.64019
-4.64019
-4.63989
-4.63958
-4.63958
-4.63898
-4.63883
-4.63822
-4.63717
-4.63777
-4.63762
-4.63777
-4.63792
-4.63792
-4.63777
-4.63792
-4.63792
-4.63762
-4.63687
-4.63657
-4.63687
-4.63672
-4.63762
-4.63717
-4.63702
-4.63687
-4.63717
-4.63626
-4.63686
-4.63732
-4.63732
-4.63702
-4.63656
-4.63611
-4.63611
-4.63551
-4.63475
-4.63505
-4.63566
-4.63566
-4.63626
-4.63671
-4.63671
-4.63702
-4.63702
-4.63762
-4.63792
-4.63762
-4.63671
-4.63656
-4.63626
-4.63536
-4.63566
-4.63596
-4.63596
-4.63581
-4.63687
-4.63687
-4.63671
-4.63641
-4.63717
-4.63823
-4.63898
-4.63868
-4.63853
-4.63822
-4.63762
-4.63777
-4.63747
-4.63777
-4.63807
-4.63898
-4.63883
-4.63868
-4.63838
-4.63928
-4.63883
-4.63777
-4.63702
-4.63641
-4.63671
-4.63717
-4.63717
-4.63671
-4.63611
-4.63656
-4.63656
-4.63732
-4.63717
-4.63641
-4.63626
-4.63626
-4.6358
-4.6355
-4.63505
-4.63581
-4.63626
-4.63535
-4.63551
-4.63551
-4.63611
-4.63672
-4.63747
-4.63823
-4.63898
-4.63913
-4.63989
-4.64049
-4.63989
-4.64049
-4.64094
-4.64094
-4.6411
-4.64019
-4.64004
-4.64079
-4.64124
-4.64124
-4.64124
-4.6414
-4.64185
-4.64064
-4.64019
-4.64019
-4.64079
-4.63974
-4.64019
-4.6414
-4.64049
-4.64019
-4.63989
-4.63928
-4.63943
-4.63883
-4.63928
-4.63898
-4.63898
-4.63822
-4.63837
-4.63868
-4.63853
-4.63883
-4.63868
-4.63868
-4.63883
-4.63868
-4.63883
-4.63807
-4.63837
-4.63868
-4.63807
-4.63792
-4.63837
-4.63807
-4.63898
-4.63883
-4.63747
-4.63732
-4.63732
-4.63686
-4.63641
-4.6355
-4.63565
-4.63656
-4.63641
-4.63626
-4.63565
-4.63671
-4.63641
-4.63595
-4.6358
-4.6355
-4.6352
-4.63565
-4.63581
-4.63671
-4.63611
-4.63671
-4.63596
-4.63596
-4.63626
-4.63656
-4.63656
-4.63671
-4.63611
-4.63656
-4.63671
-4.63596
-4.63641
-4.63626
-4.63596
-4.63626
-4.63611
-4.63611
-4.63626
-4.63656
-4.63565
-4.63535
-4.6346
-4.63414
-4.63414
-4.63369
-4.6349
-4.6349
-4.6349
-4.63505
-4.6352
-4.63581
-4.63505
-4.63626
-4.63566
-4.63581
-4.6355
-4.63551
-4.63551
-4.6349
-4.63626
-4.63671
-4.63656
-4.63656
-4.63626
-4.63671
-4.63686
-4.63762
-4.63777
-4.63792
-4.63777
-4.63792
-4.63611
-4.63535
-4.63626
-4.63641
-4.63566
-4.63671
-4.63747
-4.63656
-4.63732
-4.63792
-4.63777
-4.63702
-4.63687
-4.63656
-4.63777
-4.63777
-4.63838
-4.63807
-4.63762
-4.63732
-4.63792
-4.63853
-4.63853
-4.63792
-4.63853
-4.63944
-4.64019
-4.6411
-4.64034
-4.64019
-4.6408
-4.64125
-4.64095
-4.64095
-4.6411
-4.6408
-4.6414
-4.64049
-4.6417
-4.64155
-4.642
-4.64215
-4.6414
-4.642
-4.64231
-4.64261
-4.64306
-4.64261
-4.64276
-4.64322
-4.64397
-4.64307
-4.64201
-4.64291
-4.64261
-4.64367
-4.64367
-4.64351
-4.64412
-4.64442
-4.64427
-4.64382
-4.64336
-4.64291
-4.64336
-4.64382
-4.64306
-4.64291
-4.64246
-4.64246
-4.64261
-4.64246
-4.64261
-4.64231
-4.64201
-4.64155
-4.64049
-4.64095
-4.64065
-4.6411
-4.6411
-4.64019
-4.63913
-4.63898
-4.63943
-4.63974
-4.63958
-4.63898
-4.63974
-4.63989
-4.63898
-4.63928
-4.63898
-4.64004
-4.63974
-4.63989
-4.63989
-4.63989
-4.63974
-4.63959
-4.63898
-4.63838
-4.63853
-4.63913
-4.63928
-4.64004
-4.63928
-4.63913
-4.63928
-4.63959
-4.63943
-4.63928
-4.63853
-4.63913
-4.63868
-4.63928
-4.63989
-4.64004
-4.64019
-4.64034
-4.63974
-4.64004
-4.63989
-4.64004
-4.64019
-4.6414
-4.64185
-4.64231
-4.64231
-4.64185
-4.6414
-4.64079
-4.64079
-4.64034
-4.6417
-4.6423
-4.6423
-4.64215
-4.64215
-4.64261
-4.6423
-4.6423
-4.64261
-4.64291
-4.66852
-4.66852
-4.66791
-4.66776
-4.66761
-4.66776
-4.66806
-4.66776
-4.66806
-4.66716
-4.66761
-4.66655
-4.66701
-4.66716
-4.6667
-4.66686
-4.66746
-4.66746
-4.66701
-4.66731
-4.66822
-4.66822
-4.66837
-4.66912
-4.66897
-4.66957
-4.66882
-4.66731
-4.667
-4.6667
-4.66625
-4.66701
-4.6664
-4.6661
-4.66595
-4.66595
-4.6661
-4.66655
-4.66746
-4.66716
-4.66806
-4.66776
-4.66867
-4.66821
-4.66836
-4.66882
-4.66806
-4.66852
-4.66746
-4.66716
-4.6667
-4.66685
-4.66595
-4.66701
-4.66701
-4.66595
-4.6658
-4.66519
-4.66565
-4.66534
-4.66504
-4.66549
-4.66474
-4.66534
-4.66564
-4.66564
-4.66579
-4.6664
-4.66595
-4.66519
-4.66565
-4.66625
-4.66565
-4.66565
-4.6661
-4.66428
-4.66383
-4.66459
-4.66443
-4.66428
-4.66413
-4.66398
-4.66323
-4.66323
-4.66293
-4.66308
-4.66534
-4.6658
-4.66595
-4.66595
-4.66625
-4.6661
-4.66519
-4.66474
-4.66459
-4.66474
-4.66444
-4.66383
-4.66534
-4.66459
-4.66504
-4.66549
-4.66565
-4.66595
-4.6661
-4.66625
-4.6667
-4.66701
-4.66716
-4.66701
-4.66685
-4.66685
-4.66565
-4.6658
-4.66565
-4.66504
-4.66519
-4.66504
-4.66489
-4.66443
-4.66458
-4.66383
-4.66428
-4.66353
-4.66459
-4.66534
-4.66519
-4.66504
-4.66504
-4.66504
-4.66458
-4.66458
-4.66549
-4.66504
-4.66489
-4.66474
-4.66504
-4.66534
-4.6664
-4.66746
-4.66836
-4.66866
-4.66791
-4.66836
-4.66836
-4.66791
-4.66625
-4.66564
-4.66594
-4.66549
-4.66504
-4.66473
-4.66458
-4.66413
-4.66428
-4.66428
-4.66383
-4.66398
-4.66383
-4.66443
-4.66338
-4.66353
-4.66338
-4.66368
-4.66307
-4.66307
-4.66322
-4.66307
-4.66232
-4.66247
-4.66307
-4.66383
-4.66413
-4.66428
-4.66368
-4.66323
-4.66338
-4.66323
-4.66338
-4.66353
-4.66322
-4.66307
-4.66292
-4.66262
-4.66338
-4.66353
-4.66292
-4.66323
-4.66353
-4.66307
-4.66262
-4.66307
-4.66353
-4.66428
-4.66459
-4.66519
-4.66474
-4.66519
-4.66549
-4.6661
-4.66564
-4.66534
-4.66579
-4.6667
-4.66625
-4.6661
-4.66625
-4.6661
-4.667
-4.6673
-4.66715
-4.66776
-4.66776
-4.66791
-4.66761
-4.66791
-4.66731
-4.66685
-4.66655
-4.667
-4.66685
-4.66685
-4.667
-4.66761
-4.66746
-4.66776
-4.6664
-4.6667
-4.667
-4.66791
-4.66791
-4.66701
-4.66746
-4.66761
-4.66731
-4.66686
-4.66806
-4.66837
-4.67003
-4.67003
-4.66988
-4.67033
-4.67003
-4.67003
-4.66957
-4.66942
-4.66897
-4.66851
-4.66942
-4.66897
-4.66972
-4.66912
-4.66851
-4.66791
-4.66761
-4.66731
-4.66625
-4.6655
-4.66625
-4.6658
-4.66595
-4.66504
-4.66459
-4.66444
-4.66489
-4.66504
-4.66459
-4.66413
-4.66428
-4.66459
-4.66413
-4.66398
-4.66368
-4.66338
-4.66353
-4.66428
-4.66368
-4.66398
-4.66459
-4.66413
-4.66413
-4.66413
-4.66308
-4.66247
-4.66323
-4.66278
-4.66323
-4.66338
-4.66398
-4.66368
-4.66368
-4.66338
-4.66398
-4.66413
-4.66428
-4.66428
-4.66383
-4.66368
-4.66383
-4.66428
-4.66459
-4.66474
-4.66413
-4.66413
-4.66474
-4.66428
-4.66444
-4.66398
-4.66368
-4.66368
-4.66383
-4.66398
-4.66277
-4.66247
-4.66202
-4.66186
-4.66217
-4.66277
-4.66277
-4.66292
-4.66277
-4.66262
-4.66308
-4.66247
-4.66277
-4.66308
-4.66277
-4.66323
-4.66292
-4.66262
-4.66262
-4.66262
-4.66292
-4.66307
-4.66277
-4.66292
-4.66277
-4.66413
-4.66398
-4.66383
-4.66337
-4.66564
-4.66519
-4.66458
-4.66443
-4.66459
-4.66474
-4.66504
-4.66489
-4.66474
-4.66519
-4.66519
-4.66489
-4.66474
-4.66458
-4.66534
-4.66488
-4.66488
-4.66519
-4.66504
-4.66504
-4.66595
-4.66655
-4.66716
-4.66564
-4.66595
-4.6664
-4.66579
-4.66534
-4.66443
-4.66458
-4.66443
-4.66413
-4.66413
-4.66383
-4.66443
-4.66413
-4.66368
-4.66337
-4.66322
-4.66307
-4.66398
-4.66368
-4.66353
-4.66292
-4.66383
-4.66413
-4.66549
-4.66489
-4.66489
-4.66473
-4.66443
-4.66413
-4.66353
-4.66398
-4.66443
-4.66383
-4.66353
-4.66398
-4.66458
-4.66458
-4.66534
-4.66579
-4.6661
-4.66519
-4.66368
-4.66353
-4.66413
-4.66443
-4.66383
-4.66338
-4.66383
-4.66398
-4.66459
-4.66368
-4.66443
-4.66428
-4.66458
-4.66624
-4.6667
-4.66594
-4.66594
-4.66579
-4.6661
-4.6667
-4.66685
-4.66701
-4.6667
-4.6664
-4.66685
-4.66745
-4.66806
-4.6679
-4.667
-4.66775
-4.6676
-4.66761
-4.66685
-4.6673
-4.66776
-4.6667
-4.667
-4.667
-4.66655
-4.66655
-4.667
-4.667
-4.66685
-4.66504
-4.66504
-4.66413
-4.66428
-4.66398
-4.66262
-4.66262
-4.66232
-4.66171
-4.66171
-4.66202
-4.66277
-4.66383
-4.66277
-4.66292
-4.66323
-4.66292
-4.66368
-4.66398
-4.66398
-4.66368
-4.66338
-4.66292
-4.66277
-4.66262
-4.66187
-4.66172
-4.66187
-4.66247
-4.66217
-4.66172
-4.66232
-4.66247
-4.66217
-4.66232
-4.66096
-4.66081
-4.66066
-4.66126
-4.66141
-4.66157
-4.66066
-4.66036
-4.66021
-4.66006
-4.66081
-4.66081
-4.66202
-4.66232
-4.66187
-4.66247
-4.66307
-4.66277
-4.66307
-4.66398
-4.66459
-4.66489
-4.66459
-4.66429
-4.66489
-4.66595
-4.66519
-4.66489
-4.66534
-4.66595
-4.6661
-4.66549
-4.66549
-4.6661
-4.66564
-4.6664
-4.6667
-4.66715
-4.6667
-4.6667
-4.66685
-4.6664
-4.66534
-4.66474
-4.66549
-4.6658
-4.6661
-4.6667
-4.66655
-4.66579
-4.66549
-4.66474
-4.66444
-4.66504
-4.66534
-4.66534
-4.66564
-4.66564
-4.66534
-4.66504
-4.66504
-4.66459
-4.66474
-4.66489
-4.66564
-4.66564
-4.66549
-4.66625
-4.6667
-4.66685
-4.66685
-4.66685
-4.66565
-4.6661
-4.66565
-4.6658
-4.6655
-4.66534
-4.66534
-4.66519
-4.66474
-4.66519
-4.66595
-4.6655
-4.6655
-4.66535
-4.6658
-4.66625
-4.66701
-4.66671
-4.66655
-4.6661
-4.66535
-4.66489
-4.66444
-4.66368
-4.66383
-4.66398
-4.66429
-4.66429
-4.66459
-4.66398
-4.66474
-4.66489
-4.6658
-4.6664
-4.6664
-4.6664
-4.66641
-4.6658
-4.6661
-4.6658
-4.6658
-4.66565
-4.66595
-4.66595
-4.66595
-4.66549
-4.6664
-4.66625
-4.6658
-4.66519
-4.6664
-4.66671
-4.6661
-4.6652
-4.66504
-4.6652
-4.66459
-4.66519
-4.66459
-4.66428
-4.66368
-4.66338
-4.66247
-4.66277
-4.66308
-4.66323
-4.66353
-4.66338
-4.66308
-4.66293
-4.66323
-4.66353
-4.66429
-4.66414
-4.66474
-4.66429
-4.66398
-4.66504
-4.66534
-4.6655
-4.6655
-4.66489
-4.66368
-4.66398
-4.66398
-4.66429
-4.66444
-4.66383
-4.66398
-4.66398
-4.66429
-4.66414
-4.66293
-4.66202
-4.66096
-4.66096
-4.66111
-4.66156
-4.66126
-4.66156
-4.66262
-4.66353
-4.66338
-4.66353
-4.66338
-4.66338
-4.66217
-4.66277
-4.66353
-4.66398
-4.66353
-4.66398
-4.66428
-4.66474
-4.66625
-4.6664
-4.66564
-4.66594
-4.66534
-4.66489
-4.66519
-4.6658
-4.66549
-4.66519
-4.66504
-4.66564
-4.66579
-4.66579
-4.6661
-4.66625
-4.66594
-4.66549
-4.66534
-4.66549
-4.66594
-4.66519
-4.66519
-4.66519
-4.66504
-4.66504
-4.66504
-4.66549
-4.6658
-4.66579
-4.66594
-4.66489
-4.66428
-4.66443
-4.66489
-4.66459
-4.66444
-4.66398
-4.66368
-4.66368
-4.66353
-4.66262
-4.66307
-4.66413
-4.66413
-4.66398
-4.66428
-4.66398
-4.66383
-4.66398
-4.66443
-4.66458
-4.66458
-4.66534
-4.66534
-4.66549
-4.66489
-4.66519
-4.66474
-4.66413
-4.66353
-4.66428
-4.66458
-4.66579
-4.66594
-4.66519
-4.66504
-4.66519
-4.66609
-4.66609
-4.66624
-4.66655
-4.66655
-4.667
-4.66564
-4.66624
-4.66624
-4.6676
-4.66776
-4.66806
-4.6673
-4.6673
-4.66745
-4.66745
-4.6667
-4.66655
-4.667
-4.6673
-4.66791
-4.66806
-4.6676
-4.6676
-4.66715
-4.667
-4.66745
-4.66776
-4.66881
-4.66806
-4.66836
-4.6676
-4.66851
-4.66791
-4.66685
-4.6667
-4.66655
-4.6667
-4.6667
-4.66655
-4.66609
-4.66624
-4.66473
-4.66504
-4.66549
-4.66579
-4.66504
-4.66489
-4.66594
-4.6661
-4.66625
-4.66625
-4.66594
-4.66609
-4.6664
-4.66625
-4.66685
-4.66609
-4.66685
-4.66776
-4.6673
-4.66715
-4.66685
-4.667
-4.6676
-4.66851
-4.66851
-4.66866
-4.66806
-4.6676
-4.66791
-4.667
-4.667
-4.66625
-4.6667
-4.66776
-4.66761
-4.667
-4.66715
-4.66685
-4.66655
-4.66685
-4.66624
-4.66655
-4.66579
-4.66579
-4.66609
-4.66594
-4.66594
-4.66519
-4.66595
-4.66625
-4.6664
-4.66655
-4.667
-4.66761
-4.66806
-4.66791
-4.66776
-4.66851
-4.66866
-4.66851
-4.66821
-4.66851
-4.66866
-4.66806
-4.66836
-4.66746
-4.6661
-4.66579
-4.66519
-4.66519
-4.66488
-4.66534
-4.66473
-4.66488
-4.66458
-4.66534
-4.66473
-4.66504
-4.66534
-4.66489
-4.66458
-4.66428
-4.66368
-4.66368
-4.66398
-4.66428
-4.66413
-4.66413
-4.66368
-4.66368
-4.66413
-4.66443
-4.66383
-4.66413
-4.66443
-4.66518
-4.66503
-4.66428
-4.66368
-4.66504
-4.66458
-4.66443
-4.66473
-4.66413
-4.66383
-4.66473
-4.66519
-4.66534
-4.66609
-4.66625
-4.66594
-4.66594
-4.6667
-4.66609
-4.66564
-4.66594
-4.66579
-4.66549
-4.66504
-4.66428
-4.66473
-4.66413
-4.66413
-4.66413
-4.66383
-4.66398
-4.66428
-4.66443
-4.66504
-4.66564
-4.66488
-4.66549
-4.66489
-4.66368
-4.66413
-4.66443
-4.66428
-4.66413
-4.66413
-4.66458
-4.66443
-4.66473
-4.66519
-4.66504
-4.66564
-4.66519
-4.66519
-4.66489
-4.66564
-4.66519
-4.66534
-4.66625
-4.66609
-4.66715
-4.66851
-4.66821
-4.66836
-4.66806
-4.66866
-4.66836
-4.66881
-4.66776
-4.66791
-4.66806
-4.66791
-4.66746
-4.6667
-4.6661
-4.66746
-4.66776
-4.66715
-4.6673
-4.6664
-4.66685
-4.66655
-4.66655
-4.6664
-4.6664
-4.667
-4.6661
-4.66564
-4.66564
-4.66579
-4.66594
-4.66579
-4.6667
-4.66624
-4.6664
-4.66594
-4.66624
-4.66564
-4.66549
-4.66504
-4.66458
-4.66458
-4.66473
-4.66413
-4.66413
-4.66352
-4.66398
-4.66398
-4.66428
-4.66473
-4.66519
-4.66504
-4.66564
-4.66594
-4.66594
-4.66549
-4.66564
-4.66503
-4.66473
-4.66473
-4.66413
-4.66518
-4.66549
-4.66564
-4.66534
-4.66534
-4.66518
-4.66549
-4.78949
-4.78964
-4.78934
-4.78964
-4.78994
-4.78964
-4.79054
-4.79145
-4.79175
-4.791
-4.7916
-4.79251
-4.79281
-4.79206
-4.79176
-4.7916
-4.79175
-4.79221
-4.7913
-4.79145
-4.7916
-4.79175
-4.79205
-4.79175
-4.79115
-4.79145
-4.791
-4.79069
-4.79009
-4.78979
-4.78979
-4.79009
-4.78964
-4.78918
-4.78933
-4.79009
-4.7907
-4.79039
-4.78919
-4.78843
-4.78949
-4.79009
-4.79069
-4.79039
-4.79054
-4.79084
-4.79145
-4.7913
-4.7916
-4.79115
-4.7916
-4.7919
-4.7913
-4.79145
-4.79145
-4.7916
-4.7916
-4.7916
-4.79175
-4.79311
-4.79341
-4.79311
-4.79296
-4.79372
-4.79402
-4.79402
-4.79432
-4.79492
-4.79432
-4.79447
-4.79553
-4.79538
-4.79538
-4.79508
-4.79447
-4.79387
-4.79417
-4.79357
-4.79341
-4.79281
-4.79296
-4.79236
-4.79236
-4.79251
-4.79221
-4.7919
-4.79115
-4.7916
-4.79145
-4.79145
-4.79039
-4.78949
-4.79054
-4.79115
-4.79039
-4.791
-4.79054
-4.79039
-4.79024
-4.79115
-4.79175
-4.7919
-4.79175
-4.79115
-4.79085
-4.791
-4.79085
-4.78979
-4.79054
-4.7907
-4.79024
-4.79024
-4.79039
-4.791
-4.791
-4.79009
-4.78948
-4.79009
-4.79009
-4.79099
-4.79114
-4.79054
-4.79009
-4.78994
-4.79054
-4.78949
-4.78918
-4.78934
-4.78979
-4.78964
-4.78918
-4.78934
-4.78979
-4.79009
-4.79009
-4.78949
-4.78858
-4.78873
-4.78918
-4.78949
-4.78918
-4.78843
-4.78812
-4.78843
-4.78888
-4.78903
-4.78933
-4.78812
-4.78828
-4.78918
-4.78979
-4.78964
-4.78948
-4.78948
-4.78994
-4.78994
-4.78994
-4.78994
-4.79039
-4.79084
-4.791
-4.7922
-4.79205
-4.7916
-4.7913
-4.79145
-4.7919
-4.7919
-4.7925
-4.7925
-4.79235
-4.79099
-4.79114
-4.79175
-4.79114
-4.79084
-4.79054
-4.78978
-4.79039
-4.79008
-4.79024
-4.79099
-4.79129
-4.79129
-4.79084
-4.79069
-4.79084
-4.7916
-4.79129
-4.79145
-4.7922
-4.79235
-4.79235
-4.79265
-4.79205
-4.7928
-4.7928
-4.7928
-4.79295
-4.7931
-4.79295
-4.7931
-4.79265
-4.7928
-4.79159
-4.79159
-4.79175
-4.79175
-4.7919
-4.7919
-4.7916
-4.7919
-4.79205
-4.7922
-4.79129
-4.79129
-4.7922
-4.79341
-4.79447
-4.79522
-4.79462
-4.79447
-4.79462
-4.79416
-4.79462
-4.79431
-4.79416
-4.79447
-4.79477
-4.79552
-4.79673
-4.79673
-4.79704
-4.79643
-4.79553
-4.79553
-4.79507
-4.79613
-4.79598
-4.79583
-4.79673
-4.79628
-4.79568
-4.79583
-4.79583
-4.79613
-4.79568
-4.79613
-4.79598
-4.79613
-4.79628
-4.79583
-4.79553
-4.79462
-4.79447
-4.79386
-4.79432
-4.79371
-4.79326
-4.79356
-4.79371
-4.79326
-4.79235
-4.79311
-4.79311
-4.79296
-4.79311
-4.79356
-4.79356
-4.79341
-4.7925
-4.7916
-4.7919
-4.7925
-4.79235
-4.7928
-4.79341
-4.79311
-4.79266
-4.7922
-4.7922
-4.79311
-4.79266
-4.79266
-4.79175
-4.7913
-4.7913
-4.7922
-4.7919
-4.79175
-4.79175
-4.7913
-4.79114
-4.79084
-4.78994
-4.79024
-4.78978
-4.79024
-4.79024
-4.79084
-4.79039
-4.79084
-4.79024
-4.78933
-4.78903
-4.78948
-4.78933
-4.78918
-4.78903
-4.78933
-4.78888
-4.78948
-4.78963
-4.79024
-4.79054
-4.79039
-4.79024
-4.79069
-4.79039
-4.79039
-4.79024
-4.79069
-4.79099
-4.79114
-4.79099
-4.79084
-4.79114
-4.79024
-4.79069
-4.79054
-4.79054
-4.78933
-4.78948
-4.79024
-4.79114
-4.79084
-4.79084
-4.79084
-4.79009
-4.79009
-4.79084
-4.79099
-4.79159
-4.7919
-4.79114
-4.79174
-4.79129
-4.79129
-4.7919
-4.7919
-4.7922
-4.79235
-4.7922
-4.79174
-4.79144
-4.79265
-4.7922
-4.79174
-4.7928
-4.7925
-4.7928
-4.79356
-4.79386
-4.79431
-4.79446
-4.79477
-4.79507
-4.79567
-4.79658
-4.79673
-4.79673
-4.79688
-4.79718
-4.79718
-4.79718
-4.79718
-4.79688
-4.79673
-4.79733
-4.79673
-4.79688
-4.79643
-4.79658
-4.79643
-4.79688
-4.79658
-4.79507
-4.79477
-4.79461
-4.79431
-4.79325
-4.79205
-4.79174
-4.79144
-4.79114
-4.79099
-4.79114
-4.79054
-4.79114
-4.79099
-4.79054
-4.79039
-4.78978
-4.78933
-4.78872
-4.78903
-4.78872
-4.78963
-4.78978
-4.78887
-4.78857
-4.78887
-4.78857
-4.78903
-4.78948
-4.78948
-4.78963
-4.78978
-4.79024
-4.79039
-4.79024
-4.79054
-4.79024
-4.78978
-4.78963
-4.78993
-4.78978
-4.78963
-4.78978
-4.79039
-4.79084
-4.79129
-4.79189
-4.7922
-4.7925
-4.7931
-4.79431
-4.79477
-4.79447
-4.79401
-4.79462
-4.79507
-4.79537
-4.79462
-4.79446
-4.79371
-4.79371
-4.79371
-4.79325
-4.7928
-4.79325
-4.79386
-4.79431
-4.79416
-4.79446
-4.79416
-4.79295
-4.7925
-4.7925
-4.7925
-4.79235
-4.79144
-4.79189
-4.79159
-4.79114
-4.79144
-4.7919
-4.79175
-4.79175
-4.7922
-4.7928
-4.79235
-4.79295
-4.7925
-4.79235
-4.7931
-4.79356
-4.79341
-4.79325
-4.79386
-4.79341
-4.79325
-4.7928
-4.7931
-4.79341
-4.79401
-4.79371
-4.79356
-4.7931
-4.79295
-4.79205
-4.7922
-4.7919
-4.79129
-4.79114
-4.7922
-4.7925
-4.79159
-4.79159
-4.79129
-4.79084
-4.79039
-4.79129
-4.79144
-4.79175
-4.79114
-4.79144
-4.79174
-4.79189
-4.79235
-4.7928
-4.79295
-4.7925
-4.7928
-4.79295
-4.7931
-4.79386
-4.79341
-4.7931
-4.79235
-4.7925
-4.7925
-4.7931
-4.79341
-4.79295
-4.7922
-4.79265
-4.79356
-4.79341
-4.79326
-4.7928
-4.7928
-4.79205
-4.79265
-4.79265
-4.7925
-4.79159
-4.79114
-4.79144
-4.79023
-4.79084
-4.79008
-4.78993
-4.78993
-4.79008
-4.78978
-4.78978
-4.78872
-4.78797
-4.78797
-4.78676
-4.78691
-4.78721
-4.78646
-4.78691
-4.78752
-4.78827
-4.78888
-4.78888
-4.78948
-4.78933
-4.78948
-4.78888
-4.78888
-4.78842
-4.78797
-4.78766
-4.78797
-4.78706
-4.78782
-4.78887
-4.78948
-4.78903
-4.78857
-4.78857
-4.78797
-4.78812
-4.78782
-4.78827
-4.78887
-4.78948
-4.78903
-4.78857
-4.78872
-4.78812
-4.78751
-4.78766
-4.78797
-4.78857
-4.78933
-4.78963
-4.78978
-4.78963
-4.78978
-4.78978
-4.78963
-4.78963
-4.78963
-4.78933
-4.78933
-4.78842
-4.78872
-4.78857
-4.78932
-4.78917
-4.78857
-4.78842
-4.78842
-4.78903
-4.78872
-4.78827
-4.78751
-4.78812
-4.78767
-4.78782
-4.78797
-4.78797
-4.78767
-4.78782
-4.78782
-4.78842
-4.78781
-4.78872
-4.78797
-4.78827
-4.78902
-4.78917
-4.78887
-4.78902
-4.78948
-4.78933
-4.78857
-4.78857
-4.78797
-4.78797
-4.78736
-4.78782
-4.78691
-4.78736
-4.78766
-4.78902
-4.78887
-4.78917
-4.78902
-4.78887
-4.78887
-4.78842
-4.78948
-4.79008
-4.79023
-4.78948
-4.78917
-4.78857
-4.78827
-4.78842
-4.78751
-4.78781
-4.78781
-4.78751
-4.78736
-4.78706
-4.78781
-4.78781
-4.78781
-4.78812
-4.78751
-4.78872
-4.78857
-4.78887
-4.78812
-4.78887
-4.78887
-4.78872
-4.78872
-4.78948
-4.78948
-4.79023
-4.79008
-4.78993
-4.79099
-4.79099
-4.79083
-4.79159
-4.79295
-4.7928
-4.79325
-4.79371
-4.79431
-4.79401
-4.79446
-4.79567
-4.79552
-4.79612
-4.79507
-4.79492
-4.79461
-4.79401
-4.79416
-4.79492
-4.79567
-4.79582
-4.79507
-4.79431
-4.79446
-4.79356
-4.7925
-4.7928
-4.7928
-4.79219
-4.79159
-4.79204
-4.7928
-4.79295
-4.79265
-4.7934
-4.79295
-4.7928
-4.79371
-4.7928
-4.79235
-4.79129
-4.79129
-4.79144
-4.79129
-4.79144
-4.79129
-4.79174
-4.79174
-4.79008
-4.79023
-4.79144
-4.79099
-4.79084
-4.79008
-4.78902
-4.78918
-4.78812
-4.78767
-4.78736
-4.78767
-4.78782
-4.78751
-4.78782
-4.78857
-4.78857
-4.78842
-4.78932
-4.78963
-4.78948
-4.78978
-4.78963
-4.79038
-4.79084
-4.79038
-4.79084
-4.79054
-4.79084
-4.79114
-4.79144
-4.7922
-4.79235
-4.79295
-4.79341
-4.79401
-4.79341
-4.7931
-4.79386
-4.79325
-4.7934
-4.79371
-4.79386
-4.79401
-4.79446
-4.79416
-4.79401
-4.79386
-4.7928
-4.79325
-4.79371
-4.79356
-4.79386
-4.79401
-4.7934
-4.7928
-4.7934
-4.79371
-4.79356
-4.79295
-4.79296
-4.79295
-4.79341
-4.79295
-4.79386
-4.79386
-4.79235
-4.79295
-4.79355
-4.7925
-4.79174
-4.79219
-4.79204
-4.79174
-4.79129
-4.79174
-4.79144
-4.79189
-4.7925
-4.79204
-4.79144
-4.79174
-4.7922
-4.79129
-4.79099
-4.79053
-4.79008
-4.79023
-4.79083
-4.79083
-4.79129
-4.79129
-4.79084
-4.79099
-4.79038
-4.78917
-4.78872
-4.78917
-4.78872
-4.78872
-4.78917
-4.78947
-4.78902
-4.78842
-4.78827
-4.78857
-4.78857
-4.78781
-4.78781
-4.78812
-4.78796
-4.78857
-4.78932
-4.78947
-4.78887
-4.78978
-4.79068
-4.79023
-4.79068
-4.79053
-4.78993
-4.79068
-4.79068
-4.79038
-4.78978
-4.78963
-4.78978
-4.78993
-4.78993
-4.78977
-4.78992
-4.79083
-4.79144
-4.79174
-4.79114
-4.79159
-4.7922
-4.79265
-4.7922
-4.79204
-4.7925
-4.79234
-4.79219
-4.79204
-4.79174
-4.79174
-4.79204
-4.79159
-4.79174
-4.79219
-4.79144
-4.79068
-4.79129
-4.79189
-4.79159
-4.79219
-4.79204
-4.79189
-4.79189
-4.79234
-4.7928
-4.79234
-4.79234
-4.79295
-4.79265
-4.79355
-4.79265
-4.79265
-4.79235
-4.79234
-4.7928
-4.7925
-4.79219
-4.79265
-4.79386
-4.7931
-4.79355
-4.7931
-4.7931
-4.7925
-4.79144
-4.79204
-4.79235
-4.7928
-4.7928
-4.7934
-4.79385
-4.79355
-4.7931
-4.79325
-4.79325
-4.7928
-4.7931
-4.7934
-4.79295
-4.79219
-4.79159
-4.79144
-4.79159
-4.79204
-4.79159
-4.79144
-4.79144
-4.79083
-4.79008
-4.79023
-4.79008
-4.79008
-4.79038
-4.79068
-4.78977
-4.78872
-4.78842
-4.78902
-4.78887
-4.78887
-4.78932
-4.78917
-4.78932
-4.78963
-4.78932
-4.78917
-4.78857
-4.78962
-4.79038
-4.78993
-4.78932
-4.78902
-4.78872
-4.78827
-4.78857
-4.78887
-4.78902
-4.78993
-4.79008
-4.78993
-4.78917
-4.78811
-4.78796
-4.78857
-4.78781
-4.78706
-4.78721
-4.78736
-4.78766
-4.78706
-4.78736
-4.78781
-4.78781
-4.78691
-4.78751
-4.78781
-4.78736
-4.78751
-4.78781
-4.78827
-4.78872
-4.78917
-4.78842
-4.78932
-4.78932
-4.78887
-4.78932
-4.78917
-4.78887
-4.78902
-4.78993
-4.78902
-4.78826
-4.78842
-4.78872
-4.78857
