-0.0318398
-0.0318487
-0.031864
-0.0318856
-0.0319135
-0.0319477
-0.0319882
-0.032035
-0.0320881
-0.0321476
-0.0322134
-0.0322857
-0.0323643
-0.0324567
-0.0325581
-0.0326616
-0.0327885
-0.0329154
-0.0330543
-0.0332052
-0.0333611
-0.0335267
-0.0336905
-0.033869
-0.0340744
-0.0342737
-0.0344811
-0.0346992
-0.0349233
-0.0351465
-0.0353902
-0.0356358
-0.035881
-0.0361497
-0.0364232
-0.0367065
-0.036988
-0.0372846
-0.0375894
-0.0379075
-0.0382224
-0.0385536
-0.0389015
-0.0392782
-0.0396439
-0.0400251
-0.0404245
-0.0408331
-0.0412634
-0.0416969
-0.0421437
-0.0426161
-0.043103
-0.0436123
-0.0441444
-0.0446909
-0.0452619
-0.0458418
-0.0464527
-0.0470837
-0.0477407
-0.0484103
-0.0491129
-0.0498423
-0.0506048
-0.0513875
-0.0522038
-0.0530504
-0.0539387
-0.054849
-0.0558094
-0.0568078
-0.0578391
-0.0589342
-0.0600744
-0.0612597
-0.0624956
-0.0637824
-0.0651235
-0.0665294
-0.0680059
-0.0695546
-0.0711818
-0.0728773
-0.0746645
-0.0765239
-0.0784815
-0.0805347
-0.082695
-0.0849502
-0.0873183
-0.0897955
-0.0923844
-0.0950859
-0.0979088
-0.10084
-0.103876
-0.107
-0.110208
-0.113464
-0.116726
-0.119946
-0.123066
-0.125996
-0.128599
-0.130753
-0.13228
-0.132982
-0.132672
-0.13121
-0.128491
-0.124615
-0.119912
-0.114972
-0.110629
-0.107796
-0.107211
-0.109222
-0.113711
-0.120125
-0.127637
-0.135333
-0.14235
-0.148054
-0.152102
-0.15458
-0.156006
-0.157278
-0.159427
-0.163317
-0.169299
-0.177059
-0.185772
-0.194393
-0.201971
-0.207855
-0.211719
-0.21356
-0.213615
-0.21228
-0.210049
-0.207398
-0.204715
-0.202239
-0.200063
-0.19813
-0.196338
-0.194598
-0.192787
-0.190815
-0.188594
-0.186206
-0.18398
-0.182482
-0.182413
-0.184326
-0.188444
-0.194624
-0.202381
-0.211055
-0.219973
-0.228476
-0.236029
-0.242224
-0.246812
-0.249705
-0.250992
-0.250911
-0.249796
-0.248077
-0.246243
-0.244711
-0.2439
-0.244044
-0.245251
-0.247452
-0.250463
-0.253967
-0.257672
-0.261269
-0.264511
-0.267247
-0.269406
-0.271031
-0.272209
-0.273092
-0.273817
-0.274484
-0.275136
-0.275776
-0.276386
-0.276933
-0.277441
-0.277962
-0.278527
-0.279199
-0.279988
-0.280893
-0.281861
-0.282843
-0.283803
-0.284726
-0.285617
-0.286508
-0.287478
-0.288602
-0.289928
-0.291493
-0.293321
-0.295393
-0.297664
-0.300042
-0.302458
-0.304807
-0.306988
-0.308908
-0.310463
-0.311576
-0.31218
-0.312213
-0.31167
-0.310583
-0.309026
-0.30714
-0.305114
-0.303153
-0.30141
-0.299987
-0.29883
-0.297779
-0.296559
-0.294881
-0.292493
-0.289292
-0.285351
-0.281001
-0.276844
-0.273698
-0.272428
-0.273686
-0.277705
-0.284138
-0.29215
-0.300675
-0.3086
-0.314984
-0.319098
-0.320409
-0.318609
-0.31379
-0.306599
-0.298447
-0.291406
-0.287622
-0.288373
-0.293472
-0.301452
-0.310342
-0.318358
-0.324203
-0.327069
-0.32649
-0.322308
-0.314587
-0.303735
-0.290591
-0.276499
-0.263316
-0.253098
-0.247651
-0.247945
-0.253783
-0.263934
-0.276504
-0.289574
-0.301606
-0.311708
-0.319479
-0.325014
-0.328614
-0.330722
-0.331794
-0.332233
-0.33237
-0.332426
-0.332556
-0.332783
-0.333128
-0.333571
-0.334064
-0.334586
-0.335121
-0.335676
-0.336235
-0.336809
-0.337393
-0.337962
-0.338504
-0.338945
-0.339199
-0.339139
-0.3386
-0.337372
-0.335209
-0.331847
-0.327079
-0.320831
-0.313299
-0.305088
-0.297203
-0.290894
-0.287223
-0.286561
-0.288517
-0.292082
-0.296166
-0.299905
-0.302844
-0.304849
-0.30601
-0.306545
-0.306725
-0.306817
-0.306998
-0.307357
-0.307932
-0.308637
-0.309341
-0.309912
-0.310238
-0.310243
-0.309969
-0.309501
-0.309005
-0.308672
-0.3086
-0.308851
-0.309383
-0.310075
-0.310763
-0.311275
-0.311524
-0.311406
-0.310959
-0.310222
-0.30932
-0.308358
-0.307472
-0.306759
-0.306274
-0.306038
-0.306025
-0.306203
-0.306518
-0.306926
-0.307382
-0.307876
-0.308415
-0.308995
-0.309644
-0.310361
-0.311122
-0.311899
-0.312595
-0.313135
-0.313395
-0.313224
-0.312433
-0.310809
-0.308144
-0.304241
-0.298912
-0.292072
-0.283814
-0.274529
-0.264956
-0.256206
-0.249621
-0.246424
-0.247382
-0.252513
-0.261037
-0.271706
-0.28316
-0.294246
-0.304154
-0.312434
-0.318917
-0.32355
-0.326393
-0.327489
-0.326889
-0.324647
-0.320829
-0.315609
-0.309317
-0.302477
-0.295753
-0.289814
-0.28516
-0.281943
-0.280035
-0.27908
-0.27873
-0.278814
-0.279272
-0.280169
-0.281529
-0.283326
-0.285435
-0.287685
-0.289898
-0.291954
-0.293782
-0.295384
-0.296784
-0.298047
-0.299202
-0.300307
-0.301355
-0.302358
-0.303314
-0.304205
-0.305025
-0.305766
-0.306408
-0.306964
-0.307446
-0.307835
-0.308175
-0.308448
-0.308676
-0.308873
-0.309029
-0.309161
-0.309244
-0.309281
-0.309251
-0.309146
-0.308943
-0.30862
-0.308153
-0.307507
-0.306671
-0.305602
-0.304292
-0.302754
-0.300993
-0.299083
-0.297069
-0.295079
-0.293241
-0.291669
-0.290487
-0.289722
-0.289355
-0.289301
-0.289421
-0.28957
-0.2896
-0.289396
-0.288912
-0.288141
-0.287163
-0.286082
-0.28503
-0.284196
-0.283712
-0.283703
-0.284247
-0.285325
-0.286866
-0.288745
-0.290772
-0.292775
-0.29457
-0.296035
-0.297081
-0.297704
-0.297961
-0.297919
-0.297675
-0.297318
-0.296889
-0.296371
-0.295727
-0.294834
-0.293623
-0.292053
-0.290122
-0.287941
-0.285654
-0.283453
-0.281525
-0.280054
-0.279127
-0.278761
-0.27889
-0.279361
-0.279966
-0.280527
-0.280934
-0.281147
-0.281259
-0.28149
-0.282055
-0.283112
-0.284703
-0.286706
-0.28892
-0.291146
-0.293158
-0.29482
-0.29602
-0.296681
-0.296769
-0.296293
-0.295317
-0.294002
-0.292574
-0.291262
-0.290262
-0.289726
-0.289742
-0.290332
-0.29153
-0.293406
-0.296041
-0.299456
-0.303575
-0.308222
-0.313085
-0.317831
-0.322169
-0.325853
-0.328714
-0.330634
-0.331571
-0.331495
-0.330442
-0.328461
-0.325682
-0.322304
-0.318568
-0.314781
-0.311237
-0.308145
-0.305671
-0.303914
-0.302898
-0.302589
-0.302872
-0.303569
-0.304372
-0.304907
-0.304788
-0.303725
-0.301583
-0.298437
-0.294596
-0.290541
-0.28685
-0.28403
-0.282401
-0.281986
-0.282568
-0.283736
-0.285049
-0.286163
-0.286902
-0.287281
-0.287517
-0.287938
-0.288781
-0.290242
-0.292243
-0.294615
-0.297136
-0.299694
-0.302292
-0.305057
-0.308138
-0.311512
-0.31508
-0.318591
-0.321781
-0.324388
-0.326271
-0.327327
-0.327543
-0.326917
-0.325498
-0.323323
-0.320432
-0.316873
-0.312706
-0.308052
-0.303104
-0.298124
-0.293482
-0.289588
-0.286852
-0.285565
-0.285835
-0.28752
-0.29032
-0.293846
-0.297699
-0.30156
-0.305199
-0.308488
-0.31136
-0.31381
-0.315844
-0.317514
-0.31885
-0.319879
-0.32061
-0.321086
-0.321289
-0.321232
-0.320927
-0.320416
-0.319744
-0.319029
-0.318412
-0.318054
-0.318152
-0.318852
-0.320246
-0.322324
-0.32495
-0.3279
-0.33088
-0.333535
-0.335498
-0.336389
-0.3358
-0.333373
-0.328811
-0.321998
-0.313106
-0.302737
-0.291941
-0.281985
-0.274189
-0.26979
-0.269842
-0.274798
-0.284033
-0.295673
-0.307337
-0.31701
-0.323457
-0.326148
-0.324957
-0.319953
-0.311392
-0.300065
-0.287709
-0.277191
-0.271826
-0.273706
-0.282264
-0.294671
-0.307588
-0.318668
-0.326913
-0.332277
-0.335173
-0.336176
-0.335788
-0.334441
-0.33247
-0.33013
-0.327659
-0.325284
-0.323286
-0.321919
-0.321429
-0.321931
-0.323383
-0.325593
-0.328234
-0.33097
-0.333451
-0.335421
-0.336718
-0.337197
-0.336746
-0.335227
-0.332493
-0.328362
-0.322711
-0.315552
-0.30717
-0.298286
-0.290015
-0.283728
-0.28061
-0.281167
-0.285015
-0.291093
-0.298079
-0.304878
-0.310769
-0.315421
-0.318846
-0.321166
-0.322624
-0.32346
-0.32386
-0.323972
-0.323897
-0.323613
-0.323098
-0.322299
-0.321155
-0.319672
-0.31793
-0.316094
-0.314412
-0.313131
-0.312472
-0.312506
-0.313198
-0.314411
-0.316
-0.317814
-0.319748
-0.321702
-0.323507
-0.324982
-0.325908
-0.326055
-0.325276
-0.323545
-0.32099
-0.317889
-0.314663
-0.311734
-0.309511
-0.308233
-0.30799
-0.308684
-0.310133
-0.312122
-0.314389
-0.316666
-0.318743
-0.320413
-0.321608
-0.322295
-0.322579
-0.32257
-0.322437
-0.322374
-0.322497
-0.32297
-0.323842
-0.325111
-0.326709
-0.328461
-0.330158
-0.331586
-0.332557
-0.332923
-0.332617
-0.331608
-0.329966
-0.327818
-0.325333
-0.322781
-0.320447
-0.318581
-0.317387
-0.316961
-0.317284
-0.31827
-0.319768
-0.321682
-0.323873
-0.326203
-0.328588
-0.330906
-0.333038
-0.33486
-0.336286
-0.337211
-0.337584
-0.337349
-0.336487
-0.334985
-0.332876
-0.330173
-0.326933
-0.323257
-0.31926
-0.315094
-0.310917
-0.306911
-0.303229
-0.3
-0.297326
-0.295221
-0.29364
-0.292523
-0.291795
-0.291418
-0.291447
-0.291979
-0.293137
-0.294998
-0.297517
-0.300532
-0.30379
-0.307008
-0.309922
-0.312375
-0.314287
-0.315627
-0.316463
-0.316878
-0.316983
-0.316876
-0.316653
-0.316406
-0.31618
-0.316018
-0.315928
-0.315915
-0.315949
-0.316001
-0.316027
-0.315972
-0.31579
-0.315428
-0.314816
-0.313927
-0.31272
-0.311192
-0.30937
-0.307344
-0.30523
-0.303207
-0.301498
-0.300336
-0.299896
-0.300277
-0.301465
-0.303288
-0.305482
-0.307645
-0.309326
-0.310021
-0.30925
-0.306518
-0.301419
-0.293769
-0.28376
-0.272181
-0.260569
-0.251055
-0.245862
-0.24639
-0.252417
-0.262008
-0.272305
-0.280644
-0.285284
-0.285609
-0.282107
-0.276153
-0.269828
-0.265221
-0.263878
-0.266133
-0.27115
-0.277495
-0.283745
-0.289003
-0.292983
-0.295951
-0.298447
-0.301019
-0.304047
-0.30763
-0.311624
-0.315785
-0.319859
-0.32365
-0.32707
-0.330071
-0.332635
-0.334795
-0.336542
-0.337862
-0.338738
-0.339084
-0.338823
-0.337824
-0.33595
-0.333056
-0.329051
-0.323948
-0.317882
-0.31123
-0.304515
-0.298246
-0.29269
-0.287599
-0.282298
-0.275938
-0.268117
-0.259442
-0.251834
-0.247962
-0.249941
-0.257894
-0.26995
-0.283385
-0.295907
-0.306247
-0.314001
-0.319324
-0.322607
-0.324296
-0.324812
-0.324547
-0.323862
-0.323094
-0.322564
-0.322534
-0.323149
-0.32446
-0.326355
-0.328614
-0.330973
-0.333176
-0.335016
-0.336337
-0.337059
-0.337141
-0.33654
-0.335252
-0.333232
-0.330417
-0.326744
-0.322098
-0.31642
-0.309695
-0.30201
-0.293626
-0.284983
-0.276679
-0.269361
-0.263553
-0.259571
-0.25742
-0.256892
-0.257628
-0.259239
-0.26132
-0.263488
-0.265435
-0.266977
-0.268069
-0.268785
-0.269328
-0.269951
-0.270877
-0.272286
-0.274217
-0.27661
-0.279343
-0.282227
-0.285057
-0.287684
-0.290023
-0.291972
-0.29351
-0.29466
-0.29545
-0.295932
-0.29615
-0.296155
-0.295985
-0.295679
-0.295268
-0.294758
-0.29416
-0.293481
-0.292694
-0.291786
-0.290693
-0.289368
-0.287739
-0.285737
-0.283302
-0.280356
-0.278418
-0.277061
-0.275831
-0.274785
-0.273975
-0.273439
-0.273194
-0.273235
-0.273563
-0.274141
-0.274919
-0.275868
-0.276933
-0.278051
-0.279194
-0.280328
-0.281422
-0.282462
-0.283434
-0.28435
-0.285197
-0.285981
-0.286725
-0.287435
-0.288117
-0.288783
-0.28945
-0.290115
-0.290787
-0.291463
-0.292146
-0.292834
-0.293536
-0.294248
-0.294979
-0.295737
-0.296524
-0.297361
-0.298263
-0.299231
-0.300298
-0.301471
-0.302753
-0.304134
-0.305596
-0.307111
-0.30866
-0.310195
-0.311692
-0.313112
-0.314437
-0.315649
-0.316745
-0.31773
-0.318618
-0.319441
-0.320201
-0.320942
-0.321688
-0.322457
-0.323263
-0.324137
-0.32513
-0.326274
-0.327644
-0.32931
-0.331332
-0.33375
-0.336595
-0.33986
-0.343491
-0.347408
-0.351526
-0.355734
-0.359928
-0.364002
-0.367887
-0.371507
-0.374823
-0.377805
-0.380419
-0.382659
-0.3845
-0.385937
-0.386971
-0.387609
-0.387828
-0.387637
-0.387041
-0.386048
-0.384675
-0.382959
-0.380915
-0.378607
-0.376112
-0.373532
-0.370985
-0.368641
-0.366644
-0.365182
-0.364434
-0.364557
-0.36567
-0.367819
-0.370985
-0.375052
-0.379824
-0.38506
-0.390485
-0.395838
-0.400914
-0.405535
-0.409606
-0.413085
-0.415969
-0.418291
-0.420096
-0.421447
-0.422393
-0.422979
-0.423232
-0.423182
-0.422852
-0.422278
-0.421478
-0.420503
-0.419414
-0.418269
-0.417144
-0.416135
-0.415326
-0.414824
-0.414691
-0.415008
-0.41582
-0.417129
-0.418894
-0.421068
-0.423547
-0.426206
-0.428927
-0.431572
-0.434034
-0.436208
-0.43802
-0.439415
-0.440384
-0.440933
-0.441116
-0.441016
-0.440723
-0.440345
-0.439985
-0.439697
-0.439508
-0.439406
-0.439342
-0.439238
-0.439028
-0.43865
-0.438065
-0.437271
-0.436278
-0.435132
-0.433909
-0.432692
-0.431568
-0.430635
-0.430003
-0.429738
-0.42992
-0.430578
-0.431741
-0.433352
-0.435319
-0.437509
-0.439741
-0.44182
-0.443551
-0.444768
-0.445352
-0.445227
-0.444388
-0.442885
-0.440842
-0.438446
-0.435923
-0.433532
-0.431533
-0.430156
-0.429573
-0.429895
-0.431112
-0.433155
-0.435861
-0.439043
-0.442458
-0.44589
-0.449133
-0.452049
-0.454515
-0.456526
-0.458105
-0.459333
-0.460323
-0.461203
-0.462083
-0.463032
-0.464085
-0.465208
-0.466325
-0.467341
-0.468166
-0.468717
-0.468927
-0.468745
-0.468165
-0.467191
-0.465852
-0.464164
-0.462178
-0.45991
-0.457414
-0.454704
-0.451806
-0.448777
-0.445652
-0.442512
-0.439486
-0.436722
-0.434383
-0.432664
-0.431699
-0.431576
-0.432289
-0.433745
-0.435771
-0.438116
-0.440519
-0.44275
-0.444596
-0.445907
-0.446609
-0.446681
-0.446174
-0.4452
-0.443918
-0.442514
-0.441208
-0.440192
-0.43963
-0.439612
-0.440146
-0.441185
-0.442618
-0.444335
-0.446206
-0.448119
-0.449982
-0.45174
-0.453347
-0.454773
-0.456012
-0.457073
-0.457941
-0.458616
-0.459097
-0.459395
-0.459513
-0.459481
-0.459344
-0.459167
-0.459033
-0.459048
-0.45931
-0.459912
-0.460914
-0.462327
-0.464127
-0.466254
-0.468613
-0.471083
-0.47357
-0.475966
-0.478188
-0.480159
-0.481832
-0.483183
-0.484186
-0.484843
-0.485171
-0.485214
-0.485009
-0.484614
-0.484109
-0.483552
-0.483005
-0.482513
-0.482109
-0.481783
-0.481502
-0.481245
-0.480938
-0.480539
-0.479998
-0.479285
-0.478388
-0.477331
-0.476154
-0.474924
-0.473736
-0.47269
-0.471896
-0.471439
-0.471373
-0.471731
-0.472454
-0.473484
-0.474692
-0.475957
-0.477182
-0.478327
-0.47935
-0.480257
-0.481072
-0.481813
-0.482496
-0.483149
-0.483774
-0.484365
-0.484947
-0.4855
-0.486038
-0.486572
-0.487134
-0.487747
-0.488451
-0.489271
-0.490221
-0.491263
-0.492354
-0.493418
-0.494389
-0.495202
-0.495782
-0.4961
-0.496132
-0.49586
-0.495283
-0.49441
-0.493246
-0.491847
-0.490266
-0.488592
-0.486951
-0.485479
-0.484316
-0.483577
-0.483351
-0.48364
-0.484413
-0.485568
-0.486977
-0.488509
-0.490022
-0.491424
-0.49264
-0.493618
-0.494346
-0.494813
-0.495033
-0.495008
-0.494757
-0.494299
-0.49365
-0.492831
-0.491842
-0.490722
-0.489493
-0.488174
-0.486812
-0.485453
-0.484145
-0.482958
-0.48195
-0.481184
-0.480711
-0.480552
-0.480728
-0.481246
-0.482042
-0.483109
-0.484374
-0.485785
-0.487282
-0.488823
-0.490349
-0.491829
-0.493234
-0.494543
-0.495747
-0.496875
-0.497937
-0.498981
-0.500056
-0.501237
-0.502576
-0.504104
-0.505841
-0.507785
-0.509897
-0.512094
-0.51429
-0.516385
-0.518268
-0.519869
-0.521121
-0.521967
-0.522386
-0.522355
-0.521895
-0.521028
-0.51982
-0.518346
-0.516709
-0.51503
-0.513471
-0.512154
-0.511224
-0.510787
-0.510905
-0.511598
-0.512799
-0.514395
-0.516208
-0.518042
-0.519741
-0.521136
-0.522159
-0.522802
-0.523099
-0.523175
-0.523149
-0.523144
-0.523204
-0.523346
-0.523518
-0.523653
-0.523676
-0.523556
-0.523323
-0.523097
-0.523067
-0.523441
-0.524411
-0.526128
-0.528606
-0.531768
-0.53544
-0.539353
-0.543248
-0.546858
-0.549998
-0.55253
-0.554408
-0.555661
-0.556359
-0.556622
-0.55657
-0.556338
-0.556023
-0.555676
-0.555297
-0.554876
-0.554331
-0.553581
-0.552536
-0.551117
-0.549256
-0.54693
-0.544138
-0.540899
-0.537299
-0.533442
-0.52949
-0.525623
-0.522035
-0.518919
-0.516436
-0.5147
-0.51373
-0.513501
-0.513875
-0.51471
-0.515835
-0.517091
-0.518364
-0.519618
-0.520836
-0.522057
-0.523322
-0.524704
-0.526223
-0.527887
-0.529673
-0.531535
-0.533394
-0.535203
-0.536881
-0.538376
-0.539651
-0.540655
-0.541395
-0.54183
-0.541959
-0.541771
-0.541257
-0.5404
-0.539177
-0.537575
-0.535576
-0.53316
-0.530336
-0.527127
-0.523615
-0.519937
-0.516311
-0.513037
-0.510433
-0.508805
-0.508357
-0.509151
-0.511061
-0.513804
-0.517069
-0.520517
-0.523882
-0.526964
-0.529673
-0.531955
-0.533804
-0.535225
-0.536246
-0.536876
-0.537129
-0.536983
-0.536453
-0.53552
-0.534206
-0.532561
-0.530683
-0.528706
-0.52682
-0.525214
-0.524036
-0.523356
-0.523141
-0.523259
-0.523542
-0.523843
-0.524087
-0.524307
-0.52461
-0.525176
-0.526137
-0.527597
-0.529579
-0.531999
-0.534745
-0.537674
-0.54065
-0.543573
-0.54637
-0.549011
-0.551488
-0.553807
-0.555975
-0.557978
-0.559836
-0.561523
-0.563008
-0.564262
-0.565239
-0.56591
-0.566218
-0.566108
-0.565547
-0.564477
-0.562866
-0.560682
-0.557909
-0.554561
-0.55069
-0.546415
-0.541935
-0.537513
-0.533537
-0.530392
-0.528421
-0.527842
-0.528671
-0.530742
-0.533747
-0.537296
-0.541025
-0.544675
-0.548036
-0.551019
-0.553588
-0.555767
-0.557614
-0.559191
-0.560576
-0.561836
-0.563012
-0.564138
-0.565218
-0.566222
-0.567129
-0.567893
-0.568487
-0.568875
-0.569042
-0.568987
-0.568724
-0.5683
-0.567774
-0.567232
-0.566751
-0.56642
-0.566332
-0.566544
-0.567095
-0.567992
-0.569186
-0.570618
-0.572192
-0.573818
-0.575363
-0.576713
-0.577759
-0.578407
-0.578583
-0.578233
-0.577334
-0.575907
-0.573989
-0.571703
-0.569187
-0.566632
-0.564232
-0.562194
-0.56071
-0.559917
-0.55988
-0.560623
-0.562072
-0.564112
-0.566586
-0.569344
-0.572215
-0.575053
-0.577722
-0.580144
-0.582253
-0.584029
-0.585486
-0.586649
-0.587554
-0.588275
-0.588867
-0.589416
-0.589994
-0.59067
-0.591501
-0.592531
-0.5938
-0.595329
-0.597147
-0.599253
-0.601654
-0.604327
-0.607257
-0.610381
-0.613643
-0.616959
-0.620252
-0.62343
-0.626429
-0.629205
-0.631734
-0.633995
-0.636011
-0.637841
-0.639526
-0.641134
-0.642733
-0.644368
-0.646062
-0.647808
-0.649594
-0.651382
-0.653116
-0.654735
-0.656164
-0.657354
-0.658263
-0.658876
-0.659176
-0.659192
-0.658963
-0.658548
-0.65801
-0.657437
-0.656906
-0.656516
-0.656339
-0.656441
-0.656874
-0.657649
-0.65877
-0.660217
-0.661976
-0.663996
-0.666243
-0.668668
-0.671258
-0.673987
-0.676846
-0.679823
-0.682914
-0.686117
-0.689396
-0.692752
-0.696166
-0.699599
-0.70304
-0.706449
-0.709803
-0.713055
-0.71615
-0.719027
-0.721607
-0.723794
-0.72548
-0.726576
-0.726993
-0.726668
-0.725574
-0.723718
-0.721172
-0.718034
-0.714479
-0.710737
-0.70714
-0.704049
-0.701789
-0.700535
-0.700244
-0.700641
-0.701289
-0.701754
-0.70176
-0.701259
-0.700445
-0.699714
-0.699547
-0.700383
-0.702467
-0.705849
-0.710358
-0.715674
-0.721449
-0.727293
-0.732838
-0.737741
-0.74171
-0.744562
-0.746229
-0.746813
-0.746521
-0.745704
-0.744733
-0.743967
-0.743684
-0.743992
-0.744856
-0.746132
-0.747578
-0.748961
-0.750071
-0.750755
-0.750898
-0.75043
-0.749307
-0.747515
-0.745081
-0.742092
-0.738721
-0.735198
-0.731817
-0.728878
-0.726624
-0.725216
-0.724689
-0.724945
-0.725778
-0.72697
-0.728311
-0.729631
-0.730847
-0.731936
-0.732952
-0.733967
-0.735068
-0.736359
-0.737908
-0.739737
-0.741833
-0.744143
-0.746596
-0.749069
-0.751484
-0.753717
-0.755691
-0.757331
-0.758567
-0.759355
-0.759672
-0.759472
-0.758743
-0.757482
-0.755717
-0.753487
-0.750865
-0.747943
-0.744827
-0.741629
-0.738447
-0.735414
-0.732647
-0.730313
-0.728565
-0.727556
-0.72738
-0.727999
-0.729237
-0.730771
-0.732191
-0.733066
-0.733047
-0.731954
-0.729891
-0.727275
-0.724782
-0.723123
-0.722815
-0.72393
-0.726104
-0.728765
-0.73137
-0.733619
-0.735432
-0.736832
-0.737849
-0.738427
-0.738441
-0.737742
-0.736213
-0.733853
-0.730791
-0.727213
-0.723368
-0.719481
-0.715718
-0.71218
-0.708928
-0.706013
-0.70347
-0.701376
-0.699811
-0.698815
-0.698404
-0.698542
-0.699118
-0.700008
-0.701047
-0.702092
-0.70303
-0.703803
-0.704409
-0.70486
-0.705232
-0.705603
-0.706039
-0.706592
-0.707279
-0.708083
-0.708968
-0.709882
-0.710753
-0.71153
-0.71216
-0.712597
-0.712828
-0.712866
-0.712733
-0.712465
-0.712117
-0.711739
-0.711365
-0.711016
-0.710707
-0.710436
-0.710189
-0.709936
-0.709637
-0.709261
-0.708755
-0.708113
-0.707316
-0.706329
-0.705163
-0.703817
-0.702319
-0.700698
-0.699005
-0.697255
-0.695477
-0.693715
-0.691972
-0.690236
-0.688492
-0.686728
-0.684952
-0.683189
-0.681512
-0.68002
-0.678856
-0.678129
-0.677926
-0.678271
-0.679122
-0.680397
-0.681983
-0.6838
-0.685767
-0.687869
-0.690079
-0.692419
-0.694854
-0.697353
-0.69987
-0.70234
-0.704679
-0.706808
-0.708659
-0.71017
-0.711308
-0.712059
-0.712445
-0.712503
-0.712311
-0.711966
-0.711594
-0.711336
-0.711325
-0.711677
-0.712458
-0.713682
-0.715333
-0.71734
-0.719585
-0.72194
-0.724253
-0.726348
-0.728051
-0.729147
-0.729463
-0.728792
-0.726996
-0.724017
-0.719947
-0.71506
-0.709861
-0.705056
-0.701441
-0.699752
-0.700509
-0.703847
-0.709488
-0.716807
-0.724953
-0.733061
-0.740363
-0.746326
-0.750628
-0.753174
-0.754051
-0.753441
-0.751254
-0.748227
-0.744647
-0.740911
-0.73739
-0.73441
-0.732207
-0.730889
-0.730493
-0.730962
-0.73219
-0.734065
-0.736499
-0.739424
-0.742816
-0.746671
-0.750967
-0.755653
-0.76059
-0.76559
-0.770416
-0.774765
-0.778377
-0.781047
-0.782635
-0.783095
-0.782461
-0.780855
-0.778433
-0.775387
-0.771923
-0.768228
-0.764449
-0.760714
-0.757114
-0.753719
-0.750611
-0.747852
-0.745517
-0.743729
-0.742588
-0.742243
-0.742794
-0.744263
-0.746573
-0.749489
-0.752675
-0.755772
-0.758433
-0.760413
-0.761631
-0.762115
-0.76202
-0.761544
-0.760957
-0.760515
-0.76044
-0.760883
-0.76191
-0.763502
-0.765539
-0.767828
-0.77013
-0.772215
-0.773846
-0.774802
-0.774863
-0.773852
-0.77164
-0.768172
-0.76359
-0.758317
-0.753089
-0.74892
-0.746792
-0.747279
-0.750261
-0.754997
-0.760454
-0.765677
-0.770027
-0.773198
-0.775156
-0.77597
-0.775818
-0.774844
-0.773217
-0.771048
-0.768456
-0.765516
-0.762304
-0.758896
-0.755375
-0.751862
-0.748488
-0.745435
-0.742919
-0.741101
-0.740147
-0.740139
-0.741062
-0.742814
-0.745202
-0.747994
-0.750958
-0.753903
-0.756657
-0.759095
-0.761153
-0.762768
-0.763891
-0.764483
-0.764472
-0.763847
-0.762622
-0.760843
-0.758654
-0.756223
-0.753709
-0.751198
-0.748683
-0.746059
-0.743168
-0.739969
-0.736536
-0.733146
-0.73019
-0.728119
-0.727302
-0.727922
-0.729909
-0.732948
-0.736523
-0.74006
-0.743041
-0.74511
-0.746174
-0.74635
-0.745935
-0.745321
-0.744869
-0.744842
-0.74533
-0.746234
-0.747338
-0.748371
-0.749093
-0.749355
-0.749114
-0.748393
-0.747286
-0.745913
-0.744377
-0.74273
-0.740971
-0.739083
-0.737028
-0.734805
-0.732442
-0.730046
-0.727776
-0.725803
-0.724308
-0.723442
-0.723254
-0.72373
-0.724779
-0.726272
-0.728055
-0.729934
-0.731768
-0.733411
-0.734772
-0.735755
-0.736314
-0.736415
-0.736064
-0.735278
-0.734097
-0.732579
-0.730783
-0.728746
-0.726524
-0.724163
-0.721679
-0.719115
-0.71651
-0.713939
-0.711506
-0.709347
-0.707642
-0.706562
-0.706279
-0.706946
-0.708624
-0.711294
-0.714819
-0.718981
-0.723516
-0.728112
-0.732495
-0.73643
-0.739753
-0.742383
-0.744314
-0.745614
-0.746408
-0.746863
-0.747167
-0.747449
-0.747817
-0.748302
-0.74888
-0.749454
-0.749887
-0.750052
-0.749837
-0.749187
-0.748101
-0.746637
-0.744929
-0.743146
-0.741489
-0.740153
-0.739277
-0.738935
-0.739092
-0.739623
-0.740331
-0.741002
-0.741433
-0.741483
-0.741074
-0.740167
-0.738784
-0.736939
-0.734688
-0.732066
-0.729105
-0.72587
-0.722486
-0.719227
-0.716471
-0.71467
-0.714221
-0.715345
-0.717933
-0.721575
-0.725702
-0.729728
-0.733173
-0.735714
-0.737222
-0.737737
-0.737438
-0.736627
-0.735644
-0.734791
-0.734233
-0.73397
-0.733824
-0.733555
-0.732873
-0.731569
-0.729475
-0.726549
-0.722777
-0.718249
-0.713135
-0.707712
-0.70246
-0.698019
-0.695165
-0.694575
-0.69659
-0.701029
-0.707211
-0.714166
-0.720941
-0.726856
-0.731486
-0.734725
-0.736622
-0.737336
-0.737055
-0.735969
-0.734258
-0.73206
-0.729488
-0.726642
-0.723576
-0.720356
-0.717012
-0.713582
-0.710077
-0.706523
-0.702948
-0.699366
-0.69581
-0.6923
-0.688854
-0.685484
-0.682195
-0.678976
-0.675801
-0.672636
-0.669433
-0.666138
-0.662685
-0.65905
-0.655197
-0.65117
-0.64706
-0.643064
-0.639415
-0.63636
-0.634129
-0.632862
-0.632556
-0.633085
-0.634241
-0.635806
-0.637578
-0.639402
-0.641172
-0.642806
-0.644272
-0.645543
-0.646624
-0.64751
-0.64821
-0.648742
-0.649133
-0.649405
-0.649578
-0.649665
-0.649676
-0.649608
-0.649427
-0.649124
-0.648681
-0.648073
-0.647283
-0.646317
-0.645204
-0.643973
-0.642719
-0.64153
-0.640501
-0.639724
-0.639269
-0.639152
-0.639345
-0.639792
-0.640416
-0.641173
-0.642028
-0.642981
-0.644059
-0.645279
-0.646641
-0.648079
-0.649486
-0.650696
-0.651503
-0.651705
-0.651071
-0.649429
-0.646635
-0.642593
-0.637281
-0.630717
-0.622981
-0.61421
-0.604633
-0.594594
-0.584656
-0.575558
-0.568123
-0.563061
-0.560832
-0.561604
-0.565301
-0.571639
-0.580102
-0.589976
-0.600415
-0.61059
-0.619845
-0.627736
-0.634087
-0.638896
-0.642283
-0.64445
-0.645614
-0.646008
-0.645857
-0.645383
-0.644786
-0.644223
-0.64382
-0.643638
-0.643676
-0.64388
-0.644114
-0.644238
-0.644087
-0.64353
-0.642472
-0.640855
-0.63868
-0.635975
-0.632783
-0.629175
-0.625224
-0.621029
-0.616746
-0.61261
-0.608916
-0.605992
-0.60416
-0.603658
-0.604581
-0.606896
-0.610404
-0.614798
-0.619714
-0.624777
-0.629655
-0.634074
-0.637822
-0.640768
-0.642851
-0.644058
-0.644431
-0.644074
-0.643142
-0.641798
-0.640273
-0.638758
-0.637487
-0.636613
-0.636246
-0.636414
-0.637059
-0.638055
-0.639218
-0.640362
-0.641287
-0.641806
-0.641762
-0.641001
-0.639408
-0.636881
-0.633356
-0.628824
-0.623398
-0.617291
-0.610938
-0.604938
-0.600002
-0.596767
-0.595643
-0.596675
-0.599522
-0.603615
-0.608335
-0.613177
-0.617781
-0.622001
-0.625802
-0.629216
-0.632307
-0.635087
-0.63755
-0.639642
-0.641318
-0.642548
-0.643365
-0.643848
-0.64417
-0.644551
-0.645224
-0.646395
-0.64817
-0.650564
-0.653479
-0.656763
-0.660207
-0.663626
-0.666873
-0.669854
-0.672516
-0.674849
-0.676869
-0.678599
-0.680074
-0.681315
-0.68233
-0.683125
-0.683658
-0.683884
-0.683733
-0.683153
-0.682087
-0.680507
-0.678429
-0.675896
-0.673018
-0.669921
-0.666724
-0.663571
-0.660603
-0.657958
-0.655839
-0.654484
-0.654172
-0.65515
-0.657548
-0.661328
-0.666235
-0.67183
-0.677602
-0.683043
-0.687724
-0.691351
-0.693741
-0.69485
-0.694712
-0.693441
-0.691227
-0.688336
-0.685088
-0.681853
-0.679019
-0.676984
-0.676093
-0.676598
-0.678599
-0.682029
-0.686627
-0.691986
-0.697596
-0.702956
-0.707581
-0.711108
-0.713293
-0.714016
-0.713306
-0.711322
-0.708415
-0.705056
-0.701802
-0.69921
-0.69769
-0.697422
-0.698325
-0.700118
-0.702448
-0.704987
-0.707491
-0.709785
-0.711795
-0.713496
-0.714858
-0.715883
-0.716567
-0.716913
-0.716925
-0.716598
-0.715943
-0.714965
-0.713668
-0.712045
-0.710102
-0.707826
-0.705217
-0.702268
-0.698994
-0.695427
-0.691621
-0.687643
-0.683563
-0.679528
-0.675668
-0.672156
-0.669173
-0.666893
-0.665458
-0.664949
-0.665363
-0.666636
-0.668614
-0.67108
-0.673785
-0.676522
-0.679108
-0.681416
-0.683371
-0.684944
-0.686118
-0.686901
-0.687297
-0.687311
-0.686942
-0.686204
-0.685129
-0.683747
-0.682147
-0.680365
-0.678484
-0.676582
-0.674717
-0.672898
-0.671143
-0.669398
-0.667607
-0.665679
-0.663517
-0.661069
-0.658342
-0.655433
-0.652534
-0.649913
-0.647899
-0.646769
-0.646702
-0.647732
-0.649732
-0.652465
-0.655631
-0.658956
-0.662188
-0.665141
-0.667679
-0.669724
-0.671259
-0.672279
-0.672829
-0.672972
-0.672787
-0.672374
-0.67183
-0.671231
-0.670614
-0.669997
-0.669332
-0.668549
-0.667568
-0.666286
-0.664633
-0.662553
-0.660045
-0.657146
-0.653931
-0.650535
-0.647167
-0.644056
-0.64147
-0.639671
-0.638894
-0.639295
-0.640913
-0.64367
-0.647365
-0.65173
-0.656404
-0.661066
-0.665391
-0.669122
-0.672046
-0.674031
-0.675012
-0.674967
-0.673968
-0.672141
-0.669671
-0.666752
-0.663624
-0.660535
-0.657747
-0.655532
-0.65416
-0.65382
-0.654624
-0.656499
-0.65919
-0.662309
-0.66541
-0.668157
-0.670352
-0.671974
-0.673182
-0.674239
-0.675449
-0.677082
-0.679289
-0.682112
-0.685459
-0.689185
-0.69314
-0.697183
-0.701211
-0.705145
-0.70892
-0.712473
-0.715725
-0.718555
-0.72083
-0.72242
-0.723198
-0.723032
-0.721861
-0.719644
-0.716425
-0.712349
-0.707631
-0.702592
-0.697668
-0.693304
-0.689941
-0.687927
-0.687458
-0.688533
-0.690975
-0.694466
-0.698657
-0.703212
-0.707898
-0.712571
-0.717198
-0.721802
-0.726422
-0.731086
-0.735777
-0.740418
-0.744913
-0.74915
-0.753018
-0.756414
-0.75929
-0.76161
-0.763369
-0.764612
-0.765384
-0.765739
-0.765745
-0.765494
-0.765068
-0.764535
-0.763977
-0.763452
-0.763009
-0.762676
-0.762464
-0.762367
-0.762342
-0.762362
-0.762354
-0.762261
-0.762043
-0.761647
-0.761078
-0.760324
-0.759413
-0.758399
-0.757356
-0.756386
-0.755609
-0.755174
-0.755233
-0.755916
-0.757333
-0.75952
-0.762457
-0.766013
-0.770047
-0.774336
-0.778631
-0.782711
-0.786371
-0.789441
-0.791818
-0.793457
-0.794351
-0.79451
-0.793937
-0.792547
-0.790218
-0.786781
-0.782102
-0.776255
-0.769568
-0.762786
-0.75698
-0.753232
-0.752327
-0.754369
-0.758825
-0.764755
-0.771154
-0.777219
-0.782479
-0.78674
-0.790023
-0.792457
-0.794184
-0.795338
-0.795997
-0.796173
-0.795915
-0.79531
-0.794487
-0.793624
-0.792909
-0.79249
-0.792429
-0.792691
-0.793131
-0.793518
-0.79364
-0.793276
-0.792231
-0.79041
-0.787778
-0.784361
-0.780282
-0.775734
-0.770963
-0.766329
-0.762202
-0.758978
-0.756987
-0.756403
-0.757237
-0.759297
-0.7622
-0.765504
-0.768768
-0.771646
-0.773868
-0.775353
-0.776113
-0.776271
-0.77601
-0.775558
-0.775117
-0.774873
-0.774947
-0.775397
-0.776213
-0.777357
-0.778725
-0.780218
-0.781756
-0.783287
-0.784778
-0.786264
-0.787795
-0.789448
-0.791289
-0.793378
-0.795725
-0.798321
-0.801097
-0.803947
-0.806762
-0.809404
-0.811768
-0.81373
-0.815196
-0.81609
-0.816361
-0.815983
-0.814936
-0.813235
-0.810916
-0.80804
-0.804716
-0.801064
-0.797238
-0.793415
-0.789761
-0.786492
-0.783724
-0.781601
-0.780163
-0.779409
-0.779261
-0.779593
-0.780248
-0.781094
-0.782048
-0.783061
-0.784132
-0.785279
-0.786533
-0.78791
-0.789398
-0.790983
-0.792609
-0.794209
-0.795676
-0.7969
-0.797755
-0.798152
-0.798023
-0.797438
-0.796587
-0.795823
-0.795603
-0.79643
-0.798694
-0.802592
-0.808035
-0.814676
-0.822025
-0.829537
-0.836739
-0.843314
-0.849111
-0.854097
-0.858361
-0.862008
-0.865147
-0.867859
-0.870172
-0.872029
-0.873321
-0.873901
-0.87356
-0.872098
-0.869338
-0.865138
-0.859433
-0.852241
-0.843756
-0.834325
-0.824557
-0.815274
-0.807478
-0.802206
-0.800239
-0.801963
-0.807222
-0.815365
-0.825482
-0.836612
-0.847842
-0.858426
-0.867806
-0.875542
-0.881337
-0.88503
-0.886564
-0.885961
-0.883309
-0.878784
-0.872584
-0.864973
-0.85625
-0.846748
-0.836863
-0.827027
-0.817722
-0.809479
-0.802955
-0.798822
-0.797711
-0.799967
-0.805447
-0.813499
-0.823134
-0.833284
-0.843059
-0.851833
-0.859202
-0.864945
-0.868961
-0.871196
-0.871635
-0.870318
-0.867316
-0.862778
-0.856929
-0.85009
-0.842628
-0.834954
-0.827397
-0.8202
-0.813437
-0.807062
-0.800988
-0.795215
-0.789917
-0.785464
-0.782367
-0.781111
-0.781975
-0.784871
-0.789667
-0.79497
-0.800328
-0.805025
-0.808533
-0.810584
-0.811085
-0.810053
-0.807554
-0.80372
-0.798742
-0.792923
-0.786684
-0.780568
-0.775175
-0.771082
-0.768711
-0.768234
-0.769571
-0.772414
-0.776287
-0.780673
-0.785082
-0.7891
-0.79238
-0.794684
-0.795811
-0.795664
-0.794184
-0.791392
-0.787418
-0.782482
-0.776899
-0.771034
-0.765286
-0.760058
-0.755734
-0.752674
-0.751142
-0.751247
-0.752832
-0.755512
-0.758748
-0.761992
-0.764815
-0.766991
-0.768476
-0.769363
-0.769845
-0.770108
-0.770307
-0.770502
-0.770651
-0.77061
-0.770169
-0.769089
-0.767165
-0.764317
-0.760604
-0.756313
-0.751942
-0.748154
-0.745603
-0.744779
-0.745785
-0.74837
-0.751953
-0.755889
-0.75959
-0.762639
-0.764813
-0.766039
-0.766363
-0.765891
-0.764799
-0.763262
-0.76145
-0.759533
-0.757645
-0.755874
-0.754251
-0.752734
-0.751241
-0.749643
-0.747781
-0.745509
-0.742701
-0.739293
-0.735248
-0.730612
-0.725461
-0.719887
-0.714044
-0.708054
-0.702072
-0.69629
-0.69094
-0.686299
-0.682692
-0.680442
-0.679813
-0.680915
-0.683679
-0.687869
-0.693118
-0.699013
-0.705173
-0.711267
-0.717086
-0.722474
-0.727349
-0.731649
-0.735355
-0.73845
-0.740907
-0.742722
-0.743878
-0.744398
-0.744289
-0.743572
-0.742272
-0.74045
-0.738178
-0.735508
-0.73255
-0.72942
-0.726232
-0.723105
-0.720158
-0.717472
-0.715101
-0.713057
-0.71131
-0.709796
-0.708435
-0.707137
-0.705837
-0.704498
-0.703114
-0.701678
-0.700233
-0.698833
-0.69752
-0.696331
-0.695294
-0.694394
-0.693608
-0.692871
-0.692124
-0.691299
-0.690359
-0.689291
-0.688122
-0.686944
-0.685849
-0.684926
-0.684258
-0.68389
-0.683806
-0.683947
-0.684232
-0.684558
-0.684857
-0.685067
-0.685182
-0.685197
-0.685189
-0.685205
-0.685322
-0.685624
-0.686167
-0.686979
-0.688051
-0.689351
-0.690838
-0.692426
-0.694045
-0.695634
-0.69714
-0.698524
-0.699757
-0.700843
-0.70178
-0.702574
-0.703241
-0.703794
-0.704255
-0.704654
-0.705001
-0.705356
-0.705747
-0.706228
-0.706819
-0.707572
-0.708505
-0.709616
-0.7109
-0.712315
-0.713788
-0.715226
-0.716491
-0.717433
-0.717832
-0.717482
-0.716151
-0.713649
-0.709914
-0.70507
-0.69953
-0.694011
-0.689429
-0.686603
-0.685973
-0.687413
-0.690336
-0.694001
-0.697783
-0.70133
-0.704521
-0.707478
-0.710386
-0.71348
-0.71694
-0.72089
-0.725332
-0.730214
-0.735385
-0.74065
-0.745803
-0.750671
-0.755107
-0.759002
-0.762311
-0.765046
-0.767251
-0.769006
-0.770397
-0.771543
-0.772571
-0.773638
-0.774899
-0.776494
-0.778545
-0.7811
-0.784147
-0.787569
-0.791167
-0.794687
-0.797845
-0.800334
-0.801922
-0.802465
-0.801948
-0.800527
-0.798538
-0.796439
-0.794754
-0.793943
-0.794255
-0.795674
-0.797969
-0.800768
-0.803626
-0.806144
-0.807945
-0.808721
-0.808249
-0.80636
-0.803023
-0.798314
-0.792456
-0.785782
-0.778715
-0.771699
-0.765149
-0.759428
-0.754819
-0.751631
-0.750152
-0.750661
-0.753379
-0.758383
-0.765534
-0.774466
-0.784609
-0.795295
-0.805859
-0.815706
-0.824467
-0.831917
-0.838059
-0.843029
-0.847054
-0.850354
-0.853104
-0.855416
-0.85732
-0.858782
-0.859747
-0.860196
-0.860124
-0.859585
-0.858694
-0.85758
-0.856347
-0.855122
-0.853963
-0.852903
-0.851906
-0.850938
-0.849949
-0.848879
-0.847658
-0.846231
-0.844557
-0.842635
-0.84051
-0.838334
-0.836363
-0.83491
-0.834308
-0.834773
-0.836357
-0.838899
-0.842077
-0.845489
-0.848776
-0.851646
-0.853931
-0.855566
-0.856536
-0.856892
-0.856724
-0.856149
-0.855314
-0.854352
-0.853433
-0.852677
-0.852203
-0.852096
-0.852373
-0.853032
-0.854005
-0.85519
-0.856487
-0.857811
-0.859057
-0.860191
-0.8612
-0.862118
-0.862995
-0.863914
-0.864951
-0.866212
-0.867752
-0.869667
-0.871972
-0.874695
-0.87779
-0.881162
-0.884661
-0.888094
-0.891215
-0.893777
-0.895544
-0.896303
-0.89592
-0.894352
-0.891679
-0.888092
-0.883937
-0.879647
-0.875702
-0.872541
-0.870466
-0.86963
-0.869961
-0.871269
-0.873252
-0.875591
-0.878024
-0.880326
-0.88235
-0.884036
-0.885378
-0.886434
-0.887296
-0.888088
-0.888945
-0.889943
-0.891126
-0.89241
-0.893612
-0.894545
-0.89498
-0.894801
-0.893972
-0.892604
-0.890861
-0.88894
-0.88703
-0.885251
-0.883647
-0.882224
-0.880916
-0.879642
-0.878294
-0.876795
-0.875151
-0.873539
-0.872339
-0.872125
-0.873523
-0.876962
-0.882467
-0.88957
-0.897415
-0.90506
-0.911726
-0.916889
-0.920346
-0.922139
-0.922527
-0.921857
-0.920506
-0.918848
-0.917153
-0.915547
-0.914027
-0.91251
-0.910885
-0.909069
-0.907036
-0.904868
-0.902728
-0.90083
-0.8994
-0.898596
-0.898491
-0.899019
-0.899991
-0.901137
-0.902163
-0.902779
-0.902739
-0.9019
-0.900197
-0.897674
-0.894455
-0.890743
-0.886787
-0.882826
-0.879048
-0.875564
-0.872371
-0.869426
-0.866656
-0.863999
-0.861431
-0.858961
-0.856629
-0.854472
-0.852521
-0.850785
-0.849274
-0.848001
-0.846994
-0.846337
-0.846129
-0.846467
-0.847387
-0.84884
-0.85064
-0.852498
-0.854063
-0.85499
-0.854991
-0.853879
-0.851646
-0.848495
-0.844913
-0.841584
-0.839374
-0.838969
-0.840685
-0.844293
-0.849104
-0.854306
-0.859157
-0.863207
-0.866296
-0.868457
-0.869823
-0.870597
-0.87097
-0.87109
-0.871085
-0.871017
-0.870908
-0.870708
-0.870344
-0.869685
-0.868561
-0.866824
-0.864374
-0.861251
-0.857667
-0.854039
-0.850966
-0.84906
-0.848728
-0.850049
-0.852729
-0.85622
-0.859924
-0.863353
-0.866199
-0.868321
-0.869706
-0.87041
-0.870509
-0.870103
-0.869275
-0.868075
-0.866548
-0.864706
-0.862567
-0.860125
-0.857389
-0.854373
-0.851107
-0.847634
-0.844033
-0.840398
-0.836806
-0.833413
-0.830311
-0.827619
-0.825416
-0.823779
-0.822757
-0.822358
-0.822587
-0.823385
-0.824712
-0.826494
-0.828649
-0.831069
-0.833629
-0.836201
-0.838635
-0.840811
-0.842626
-0.843985
-0.844857
-0.845271
-0.845312
-0.845135
-0.844946
-0.844932
-0.845237
-0.84591
-0.846882
-0.847996
-0.849052
-0.849902
-0.850449
-0.85072
-0.850814
-0.850866
-0.851017
-0.851371
-0.851951
-0.852729
-0.85362
-0.854529
-0.855387
-0.856145
-0.856815
-0.857462
-0.858151
-0.858918
-0.859701
-0.860403
-0.860863
-0.86096
-0.860707
-0.860249
-0.859866
-0.859852
-0.860444
-0.861724
-0.863637
-0.866003
-0.868604
-0.871219
-0.873661
-0.875834
-0.877668
-0.87913
-0.880181
-0.88083
-0.881075
-0.880939
-0.880446
-0.879669
-0.878674
-0.877573
-0.876481
-0.875514
-0.874764
-0.8743
-0.874158
-0.874338
-0.874809
-0.875503
-0.876327
-0.877185
-0.877976
-0.878552
-0.878771
-0.878468
-0.877436
-0.875483
-0.872475
-0.868315
-0.863092
-0.857121
-0.850969
-0.845426
-0.841411
-0.839747
-0.8409
-0.844804
-0.850891
-0.858272
-0.865999
-0.873267
-0.879545
-0.884587
-0.888372
-0.891041
-0.89283
-0.893974
-0.894704
-0.895173
-0.895467
-0.8956
-0.895542
-0.895248
-0.894675
-0.893832
-0.89276
-0.891569
-0.890395
-0.889425
-0.888819
-0.88873
-0.889194
-0.890133
-0.89136
-0.892592
-0.893501
-0.893759
-0.893111
-0.891398
-0.888591
-0.884824
-0.880466
-0.876105
-0.872516
-0.87044
-0.87036
-0.87233
-0.875939
-0.880486
-0.885215
-0.88951
-0.89297
-0.895409
-0.896781
-0.897144
-0.896629
-0.895395
-0.893609
-0.891452
-0.889064
-0.886567
-0.884106
-0.881841
-0.879992
-0.878787
-0.878448
-0.879105
-0.880785
-0.883331
-0.886519
-0.890053
-0.893649
-0.897038
-0.900023
-0.902473
-0.904305
-0.905461
-0.905893
-0.905562
-0.904425
-0.902442
-0.899586
-0.895905
-0.89151
-0.886642
-0.881639
-0.87696
-0.87304
-0.870201
-0.868552
-0.867971
-0.86816
-0.868752
-0.869447
-0.870045
-0.870487
-0.870816
-0.871138
-0.871594
-0.872281
-0.873254
-0.874513
-0.876011
-0.877643
-0.879283
-0.880768
-0.88193
-0.882619
-0.882682
-0.881992
-0.880483
-0.878162
-0.875104
-0.871463
-0.867491
-0.863476
-0.859736
-0.856569
-0.854218
-0.852869
-0.852568
-0.853286
-0.854908
-0.857222
-0.860001
-0.862981
-0.865908
-0.868588
-0.870889
-0.872741
-0.874163
-0.875221
-0.876035
-0.876728
-0.877368
-0.877988
-0.878542
-0.878908
-0.878945
-0.878503
-0.877462
-0.875763
-0.873382
-0.87041
-0.866944
-0.863142
-0.859189
-0.855245
-0.851463
-0.847974
-0.844848
-0.842146
-0.839919
-0.838215
-0.837082
-0.836574
-0.836725
-0.837526
-0.838895
-0.840675
-0.842623
-0.844488
-0.846015
-0.846987
-0.847277
-0.846815
-0.84563
-0.843834
-0.841602
-0.83913
-0.836648
-0.834338
-0.832378
-0.830891
-0.829911
-0.829437
-0.82939
-0.829671
-0.830133
-0.830661
-0.831133
-0.831465
-0.83162
-0.831589
-0.831381
-0.831028
-0.830553
-0.829964
-0.829228
-0.828283
-0.827043
-0.825418
-0.823356
-0.820859
-0.818037
-0.81512
-0.812432
-0.810388
-0.809347
-0.809541
-0.811011
-0.81357
-0.816854
-0.820449
-0.823971
-0.827147
-0.829834
-0.831977
-0.833611
-0.834768
-0.835536
-0.835913
-0.835926
-0.835547
-0.834744
-0.833527
-0.831909
-0.829959
-0.827854
-0.825805
-0.824037
-0.822787
-0.822214
-0.822429
-0.823421
-0.825111
-0.827368
-0.830032
-0.832927
-0.835866
-0.838679
-0.841188
-0.843277
-0.844819
-0.845713
-0.845906
-0.845346
-0.844014
-0.84188
-0.838906
-0.835053
-0.830274
-0.824534
-0.817832
-0.810311
-0.80229
-0.7943
-0.787093
-0.781458
-0.778066
-0.777277
-0.779107
-0.783277
-0.789296
-0.796578
-0.804506
-0.812481
-0.820086
-0.826981
-0.833007
-0.838087
-0.842249
-0.845553
-0.848099
-0.849995
-0.851349
-0.852249
-0.852782
-0.852975
-0.85287
-0.852439
-0.851637
-0.850418
-0.848709
-0.846469
-0.843641
-0.840214
-0.836208
-0.831693
-0.826767
-0.821563
-0.816253
-0.811014
-0.806039
-0.801524
-0.797643
-0.794535
-0.792276
-0.790872
-0.790265
-0.79035
-0.790981
-0.791995
-0.793235
-0.794546
-0.795803
-0.796917
-0.797852
-0.798611
-0.799251
-0.799837
-0.800459
-0.801178
-0.802048
-0.803102
-0.804335
-0.805724
-0.80721
-0.808754
-0.8103
-0.811803
-0.813222
-0.814528
-0.815698
-0.816682
-0.817431
-0.817881
-0.817946
-0.817552
-0.816647
-0.815213
-0.813306
-0.811019
-0.808532
-0.806059
-0.803794
-0.801904
-0.800486
-0.799537
-0.799035
-0.798908
-0.799059
-0.799426
-0.799937
-0.800526
-0.801105
-0.801618
-0.80201
-0.802239
-0.802296
-0.802186
-0.801948
-0.801656
-0.801383
-0.801225
-0.801265
-0.801584
-0.802202
-0.803103
-0.804196
-0.805361
-0.806443
-0.8073
-0.807809
-0.807882
-0.807479
-0.80661
-0.805309
-0.803661
-0.801772
-0.799779
-0.797811
-0.796014
-0.794517
-0.79342
-0.792813
-0.792707
-0.793076
-0.793855
-0.794934
-0.796192
-0.797499
-0.798783
-0.800178
-0.801267
-0.802211
-0.803085
-0.803975
-0.804949
-0.806027
-0.807206
-0.808448
-0.809696
-0.810908
-0.812044
-0.813071
-0.813973
-0.814755
-0.815423
-0.815976
-0.81644
-0.816806
-0.817102
-0.817334
-0.817502
-0.817633
-0.817694
-0.81769
-0.817615
-0.817494
-0.817379
-0.817378
-0.817603
-0.818194
-0.819227
-0.820724
-0.82259
-0.824625
-0.826586
-0.828177
-0.829187
-0.829474
-0.82905
-0.828003
-0.826543
-0.824937
-0.823442
-0.822293
-0.821669
-0.821653
-0.822261
-0.823393
-0.824862
-0.82644
-0.827894
-0.829005
-0.82961
-0.829608
-0.828958
-0.827685
-0.825877
-0.823638
-0.821105
-0.818457
-0.815848
-0.813458
-0.811509
-0.810162
-0.809543
-0.809675
-0.810487
-0.811829
-0.813482
-0.815197
-0.816791
-0.818089
-0.819012
-0.819501
-0.819588
-0.819305
-0.818689
-0.817792
-0.816667
-0.815338
-0.813864
-0.812292
-0.810684
-0.809093
-0.807589
-0.806175
-0.80486
-0.803622
-0.802503
-0.801596
-0.801029
-0.800954
-0.801481
-0.802636
-0.804326
-0.806368
-0.808533
-0.810578
-0.812338
-0.813704
-0.814649
-0.815211
-0.815478
-0.815569
-0.815605
-0.815675
-0.815861
-0.81621
-0.816677
-0.817235
-0.817816
-0.818328
-0.818701
-0.818843
-0.818704
-0.818263
-0.817526
-0.816534
-0.815388
-0.814201
-0.813154
-0.812408
-0.812102
-0.81234
-0.813108
-0.81433
-0.815857
-0.817474
-0.818976
-0.820186
-0.820993
-0.821329
-0.821236
-0.820829
-0.820307
-0.819902
-0.819846
-0.820312
-0.821359
-0.822881
-0.824624
-0.826273
-0.827474
-0.827949
-0.827516
-0.826138
-0.823917
-0.821078
-0.817941
-0.814876
-0.812238
-0.810328
-0.809302
-0.809197
-0.809908
-0.81123
-0.812911
-0.814723
-0.816441
-0.81792
-0.81909
-0.819938
-0.82051
-0.820875
-0.821112
-0.821301
-0.821509
-0.821776
-0.82215
-0.822682
-0.823437
-0.824487
-0.825903
-0.827719
-0.82992
-0.832464
-0.835267
-0.838215
-0.841198
-0.844111
-0.846801
-0.849168
-0.851087
-0.852439
-0.853129
-0.853075
-0.852253
-0.850649
-0.848363
-0.845522
-0.842384
-0.839252
-0.836491
-0.834425
-0.833278
-0.833118
-0.83384
-0.835239
-0.837043
-0.838987
-0.840873
-0.842539
-0.843941
-0.845071
-0.845977
-0.846757
-0.847524
-0.848418
-0.849551
-0.851059
-0.852978
-0.855324
-0.858017
-0.860903
-0.863818
-0.866565
-0.869
-0.871005
-0.872545
-0.873585
-0.874119
-0.874183
-0.873791
-0.87297
-0.871725
-0.87009
-0.868131
-0.865947
-0.863674
-0.861497
-0.859608
-0.85818
-0.857343
-0.857183
-0.857747
-0.85906
-0.86117
-0.864088
-0.867824
-0.872351
-0.877556
-0.883275
-0.889294
-0.895353
-0.901179
-0.906542
-0.911192
-0.914978
-0.917787
-0.919545
-0.92024
-0.91991
-0.918636
-0.91652
-0.913717
-0.910402
-0.906805
-0.90319
-0.899857
-0.897155
-0.895424
-0.894932
-0.895812
-0.898006
-0.901274
-0.905282
-0.909604
-0.913857
-0.917696
-0.920845
-0.923098
-0.924315
-0.924459
-0.923599
-0.921875
-0.919505
-0.916709
-0.913686
-0.910569
-0.907418
-0.904272
-0.901218
-0.898405
-0.896049
-0.894419
-0.893692
-0.893947
-0.895084
-0.896889
-0.899046
-0.901187
-0.902957
-0.904027
-0.904083
-0.902919
-0.900431
-0.896684
-0.891932
-0.886608
-0.881321
-0.876784
-0.873653
-0.872437
-0.873322
-0.876189
-0.88066
-0.886219
-0.892277
-0.89833
-0.903963
-0.908905
-0.912991
-0.916157
-0.918453
-0.919938
-0.920731
-0.920933
-0.920649
-0.919988
-0.919042
-0.91787
-0.916557
-0.915133
-0.913665
-0.912182
-0.910691
-0.909209
-0.907734
-0.906255
-0.90476
-0.903287
-0.901857
-0.900513
-0.899283
-0.89819
-0.897201
-0.896294
-0.895356
-0.89429
-0.892999
-0.891378
-0.889391
-0.887024
-0.884293
-0.88127
-0.878059
-0.874803
-0.871666
-0.868859
-0.866583
-0.865004
-0.86425
-0.864343
-0.865226
-0.866765
-0.868771
-0.87104
-0.873404
-0.875718
-0.877877
-0.879783
-0.881386
-0.882617
-0.88339
-0.883625
-0.88324
-0.882205
-0.880548
-0.878457
-0.876289
-0.874504
-0.87351
-0.873474
-0.874167
-0.875035
-0.875491
-0.875174
-0.874241
-0.873413
-0.873681
-0.875931
-0.880486
-0.886915
-0.894281
-0.901566
-0.908003
-0.913224
-0.917192
-0.920105
-0.922295
-0.924099
-0.925801
-0.927611
-0.929653
-0.93193
-0.934385
-0.936922
-0.939395
-0.941646
-0.943558
-0.945012
-0.945919
-0.946226
-0.945898
-0.944949
-0.943423
-0.941398
-0.938979
-0.936289
-0.933463
-0.930656
-0.928018
-0.9257
-0.923785
-0.922333
-0.921305
-0.920595
-0.920015
-0.919357
-0.918419
-0.91707
-0.915264
-0.913027
-0.910529
-0.907961
-0.9056
-0.903678
-0.902358
-0.901685
-0.901559
-0.901752
-0.901946
-0.901754
-0.900833
-0.898892
-0.895734
-0.891335
-0.885896
-0.879945
-0.874302
-0.869971
-0.867892
-0.868597
-0.871968
-0.877367
-0.883962
-0.890998
-0.897944
-0.904508
-0.910488
-0.915768
-0.920245
-0.923846
-0.926544
-0.928326
-0.929208
-0.929246
-0.928575
-0.927347
-0.925781
-0.924094
-0.922522
-0.921223
-0.920277
-0.919687
-0.919357
-0.919154
-0.918928
-0.918565
-0.918018
-0.917337
-0.916623
-0.916085
-0.915953
-0.916451
-0.917731
-0.91987
-0.922787
-0.926297
-0.930109
-0.933926
-0.93744
-0.940403
-0.942643
-0.944071
-0.94467
-0.944474
-0.943594
-0.942177
-0.940383
-0.938413
-0.936457
-0.934725
-0.933382
-0.932552
-0.932315
-0.932657
-0.933535
-0.934817
-0.936346
-0.937911
-0.939311
-0.94037
-0.940905
-0.94082
-0.940058
-0.938598
-0.936513
-0.93393
-0.93103
-0.92802
-0.925134
-0.92257
-0.920494
-0.918972
-0.918037
-0.917633
-0.91765
-0.917965
-0.918418
-0.918873
-0.91922
-0.919408
-0.919413
-0.91928
-0.919085
-0.918968
-0.91906
-0.9195
-0.920383
-0.921785
-0.923733
-0.926192
-0.929095
-0.932314
-0.935684
-0.939008
-0.942037
-0.944559
-0.946393
-0.947435
-0.94767
-0.94718
-0.946157
-0.944908
-0.94374
-0.942975
-0.942828
-0.94338
-0.944551
-0.946144
-0.94788
-0.94949
-0.950782
-0.951621
-0.951992
-0.951924
-0.951507
-0.950837
-0.950037
-0.94919
-0.948366
-0.947631
-0.947003
-0.946534
-0.946294
-0.946401
-0.946994
-0.948211
-0.950086
-0.952531
-0.95529
-0.958041
-0.960459
-0.96229
-0.963397
-0.963781
-0.963548
-0.96283
-0.961778
-0.960515
-0.959115
-0.957638
-0.956127
-0.954632
-0.953198
-0.951879
-0.950745
-0.949831
-0.949229
-0.948949
-0.948987
-0.949295
-0.949804
-0.950367
-0.95083
-0.951037
-0.950856
-0.950236
-0.949193
-0.947877
-0.946508
-0.945379
-0.944808
-0.945075
-0.946426
-0.948963
-0.952665
-0.957399
-0.962914
-0.968897
-0.974981
-0.980779
-0.985949
-0.990187
-0.993266
-0.995077
-0.995586
-0.994892
-0.993197
-0.990738
-0.987876
-0.984941
-0.982258
-0.980106
-0.978677
-0.978097
-0.978365
-0.979419
-0.981096
-0.983223
-0.985562
-0.987841
-0.98978
-0.991093
-0.991487
-0.990736
-0.988658
-0.985187
-0.980409
-0.974604
-0.968205
-0.961819
-0.956122
-0.951776
-0.949281
-0.948949
-0.950816
-0.954685
-0.960152
-0.966686
-0.973702
-0.980652
-0.987068
-0.992611
-0.997068
-1.00033
-1.00243
-1.00341
-1.0034
-1.00254
-1.00099
-0.998931
-0.996532
-0.993948
-0.991333
-0.988786
-0.986369
-0.984114
-0.98203
-0.980125
-0.978449
-0.977056
-0.976088
-0.975657
-0.975843
-0.976636
-0.977926
-0.97954
-0.981262
-0.982899
-0.984278
-0.98532
-0.985945
-0.986155
-0.985923
-0.985249
-0.984144
-0.98262
-0.980708
-0.978478
-0.975999
-0.973346
-0.970596
-0.967791
-0.964936
-0.961987
-0.958875
-0.955465
-0.951667
-0.947383
-0.942581
-0.93735
-0.931852
-0.926367
-0.921203
-0.916653
-0.912906
-0.910029
-0.907949
-0.9065
-0.905416
-0.904482
-0.903488
-0.902346
-0.901084
-0.899846
-0.898907
-0.898599
-0.89924
-0.901003
-0.903943
-0.907929
-0.912685
-0.917861
-0.923111
-0.928139
-0.932711
-0.936671
-0.939934
-0.94247
-0.944275
-0.945358
-0.945745
-0.945461
-0.944536
-0.943027
-0.941019
-0.938647
-0.93612
-0.93367
-0.931571
-0.930083
-0.929373
-0.929517
-0.930466
-0.93206
-0.934108
-0.936361
-0.938644
-0.940814
-0.942754
-0.944395
-0.945691
-0.946627
-0.94718
-0.947354
-0.94715
-0.946577
-0.945693
-0.944541
-0.943154
-0.941591
-0.939893
-0.938061
-0.936091
-0.933938
-0.931544
-0.928797
-0.925605
-0.921888
-0.917589
-0.912698
-0.907288
-0.90154
-0.895715
-0.890165
-0.88528
-0.881485
-0.879148
-0.87854
-0.879824
-0.883
-0.887914
-0.894251
-0.901575
-0.90943
-0.917345
-0.924882
-0.93166
-0.937334
-0.941603
-0.944185
-0.944853
-0.943479
-0.940181
-0.935408
-0.930081
-0.925444
-0.922743
-0.922679
-0.925151
-0.929363
-0.934251
-0.938906
-0.942745
-0.945426
-0.946771
-0.946646
-0.944909
-0.941441
-0.936328
-0.929901
-0.922825
-0.916031
-0.910447
-0.906615
-0.904504
-0.903582
-0.903174
-0.902797
-0.902347
-0.902004
-0.902035
-0.902603
-0.903623
-0.904871
-0.906056
-0.906966
-0.907512
-0.907733
-0.907653
-0.907351
-0.906773
-0.905787
-0.904274
-0.902197
-0.899734
-0.897306
-0.895489
-0.894796
-0.895379
-0.896938
-0.898803
-0.900172
-0.900384
-0.899075
-0.896153
-0.891735
-0.886112
-0.87964
-0.872702
-0.865703
-0.859098
-0.853358
-0.848951
-0.846184
-0.845152
-0.845646
-0.847268
-0.849642
-0.852562
-0.855995
-0.86001
-0.864622
-0.869728
-0.875103
-0.880468
-0.88562
-0.890388
-0.89469
-0.898501
-0.901789
-0.904566
-0.906815
-0.908538
-0.909739
-0.910412
-0.910563
-0.910199
-0.909365
-0.908064
-0.906326
-0.904194
-0.901703
-0.898902
-0.895841
-0.892581
-0.88919
-0.885761
-0.882386
-0.879179
-0.876255
-0.873718
-0.871693
-0.870275
-0.869538
-0.869491
-0.870123
-0.871351
-0.873044
-0.875032
-0.877169
-0.879287
-0.881254
-0.882966
-0.884361
-0.885409
-0.886106
-0.886502
-0.886673
-0.886712
-0.886742
-0.886852
-0.887138
-0.887657
-0.888408
-0.889337
-0.890359
-0.891364
-0.892226
-0.892847
-0.893132
-0.893045
-0.892611
-0.891897
-0.891061
-0.890315
-0.889898
-0.89002
-0.890838
-0.892386
-0.894543
-0.897102
-0.899774
-0.902293
-0.904469
-0.906197
-0.90746
-0.908345
-0.908962
-0.909443
-0.909924
-0.910498
-0.911252
-0.912215
-0.913398
-0.914771
-0.916256
-0.917742
-0.91902
-0.919836
-0.919883
-0.918844
-0.916403
-0.912374
-0.90674
-0.899825
-0.892324
-0.885381
-0.880345
-0.878288
-0.879524
-0.883371
-0.888603
-0.894012
-0.898809
-0.90271
-0.905747
-0.90807
-0.909798
-0.911038
-0.91184
-0.912278
-0.9125
-0.912703
-0.913096
-0.913838
-0.91505
-0.916745
-0.918816
-0.921086
-0.923314
-0.925268
-0.926775
-0.927697
-0.927997
-0.927717
-0.926947
-0.925839
-0.924532
-0.923177
-0.921835
-0.9206
-0.919495
-0.918549
-0.917775
-0.917171
-0.916681
-0.916354
-0.916316
-0.916386
-0.916432
-0.916384
-0.916233
-0.916012
-0.915773
-0.915585
-0.915504
-0.915561
-0.915783
-0.916152
-0.916643
-0.917216
-0.917821
-0.918395
-0.918878
-0.919245
-0.919465
-0.919536
-0.919469
-0.919298
-0.919087
-0.918875
-0.918707
-0.918602
-0.918587
-0.918653
-0.918785
-0.918978
-0.919238
-0.919596
-0.920081
-0.920744
-0.921631
-0.92276
-0.924172
-0.925837
-0.927732
-0.929798
-0.931966
-0.934162
-0.936337
-0.938395
-0.940264
-0.941893
-0.943197
-0.944109
-0.94454
-0.944455
-0.943849
-0.942782
-0.941412
-0.939962
-0.938708
-0.937927
-0.937789
-0.938307
-0.939362
-0.940711
-0.942068
-0.943152
-0.943741
-0.943688
-0.942886
-0.941286
-0.938912
-0.935846
-0.932242
-0.928367
-0.924508
-0.921041
-0.918335
-0.916688
-0.916297
-0.917208
-0.919328
-0.922457
-0.926319
-0.930597
-0.935009
-0.939294
-0.943248
-0.946732
-0.949657
-0.951989
-0.953739
-0.954928
-0.955633
-0.955928
-0.955875
-0.955581
-0.955115
-0.954557
-0.953971
-0.95344
-0.953014
-0.952744
-0.952679
-0.952869
-0.953356
-0.954152
-0.955288
-0.956754
-0.95855
-0.960646
-0.962982
-0.965512
-0.968151
-0.970846
-0.973527
-0.976126
-0.978569
-0.980793
-0.98275
-0.984344
-0.985498
-0.986153
-0.986229
-0.985695
-0.98454
-0.982838
-0.980706
-0.978342
-0.976002
-0.973923
-0.97232
-0.9713
-0.970859
-0.970896
-0.971239
-0.97168
-0.972071
-0.972305
-0.972374
-0.972346
-0.972382
-0.972695
-0.973501
-0.97497
-0.977172
-0.980085
-0.98354
-0.987329
-0.991223
-0.995013
-0.99859
-1.00191
-1.00499
-1.00792
-1.01077
-1.01364
-1.01654
-1.01946
-1.02232
-1.02496
-1.02722
-1.02894
-1.02998
-1.03021
-1.02959
-1.02814
-1.02589
-1.02299
-1.01958
-1.0159
-1.01225
-1.00892
-1.00618
-1.00424
-1.00306
-1.00252
-1.00237
-1.0024
-1.00246
-1.00256
-1.00282
-1.00341
-1.00456
-1.00648
-1.00928
-1.01303
-1.01766
-1.02306
-1.029
-1.03521
-1.04136
-1.04709
-1.0521
-1.05612
-1.059
-1.06061
-1.06095
-1.06004
-1.05797
-1.05485
-1.0508
-1.04594
-1.04046
-1.03458
-1.02858
-1.02279
-1.01762
-1.01343
-1.01056
-1.00925
-1.00961
-1.01161
-1.01513
-1.01993
-1.02566
-1.03192
-1.03828
-1.04429
-1.04957
-1.05381
-1.05682
-1.0586
-1.05927
-1.05913
-1.05859
-1.05813
-1.05815
-1.05897
-1.06071
-1.06332
-1.06658
-1.07015
-1.07371
-1.07691
-1.07952
-1.08139
-1.08244
-1.08269
-1.08217
-1.08093
-1.07904
-1.07652
-1.07347
-1.07001
-1.06636
-1.06284
-1.05987
-1.05783
-1.05697
-1.05737
-1.05888
-1.06121
-1.06401
-1.06697
-1.06983
-1.07241
-1.07458
-1.07628
-1.07752
-1.07831
-1.07868
-1.07867
-1.07831
-1.07762
-1.07658
-1.07515
-1.07325
-1.07081
-1.06773
-1.06396
-1.05949
-1.05443
-1.04899
-1.0435
-1.03845
-1.03442
-1.0319
-1.03131
-1.03278
-1.03615
-1.041
-1.04678
-1.05296
-1.05907
-1.06479
-1.0699
-1.07428
-1.07789
-1.08072
-1.08284
-1.08432
-1.08523
-1.08567
-1.08575
-1.08553
-1.08506
-1.08438
-1.0835
-1.08245
-1.08121
-1.07977
-1.07808
-1.0761
-1.07376
-1.07105
-1.06796
-1.06454
-1.06091
-1.05728
-1.05389
-1.05099
-1.04881
-1.0475
-1.04708
-1.04746
-1.04851
-1.05004
-1.05188
-1.05394
-1.05617
-1.05852
-1.061
-1.0636
-1.06631
-1.06905
-1.07179
-1.07445
-1.07698
-1.0793
-1.08133
-1.08303
-1.0843
-1.08507
-1.08526
-1.08481
-1.08363
-1.0817
-1.07904
-1.07571
-1.07185
-1.06765
-1.06336
-1.05932
-1.05586
-1.05336
-1.05213
-1.05231
-1.05387
-1.05653
-1.05991
-1.06358
-1.06718
-1.07046
-1.07328
-1.07556
-1.07721
-1.07817
-1.0784
-1.07782
-1.07639
-1.07409
-1.07098
-1.06717
-1.06294
-1.05864
-1.05481
-1.05193
-1.05042
-1.05041
-1.05174
-1.05403
-1.05676
-1.05946
-1.06183
-1.06367
-1.06494
-1.06564
-1.06579
-1.0654
-1.06449
-1.06303
-1.06103
-1.05856
-1.05578
-1.0529
-1.05024
-1.04806
-1.04658
-1.04587
-1.04584
-1.04633
-1.04707
-1.04783
-1.04843
-1.0488
-1.04893
-1.04888
-1.04875
-1.04861
-1.04849
-1.04835
-1.04813
-1.04774
-1.04709
-1.04611
-1.04479
-1.04319
-1.0414
-1.03956
-1.03784
-1.0364
-1.03543
-1.03503
-1.0353
-1.03626
-1.03793
-1.04022
-1.04308
-1.04644
-1.05021
-1.05436
-1.05881
-1.06349
-1.06831
-1.07314
-1.07786
-1.08232
-1.08641
-1.09002
-1.09312
-1.09566
-1.09767
-1.09919
-1.10026
-1.10097
-1.10139
-1.10161
-1.1017
-1.10176
-1.10183
-1.102
-1.10235
-1.10294
-1.10384
-1.1051
-1.10673
-1.10876
-1.11115
-1.11383
-1.11673
-1.11977
-1.12283
-1.12582
-1.12867
-1.13136
-1.13384
-1.13611
-1.13818
-1.14001
-1.14158
-1.14285
-1.14377
-1.14434
-1.14455
-1.14445
-1.14411
-1.14365
-1.14323
-1.14298
-1.14308
-1.14368
-1.14488
-1.14677
-1.14936
-1.15267
-1.15663
-1.1612
-1.16626
-1.17171
-1.17741
-1.18322
-1.18895
-1.19442
-1.19947
-1.20394
-1.20776
-1.21091
-1.21346
-1.21549
-1.2171
-1.21836
-1.21934
-1.22005
-1.2205
-1.22074
-1.22083
-1.22078
-1.22057
-1.22009
-1.21904
-1.21714
-1.21419
-1.21019
-1.20541
-1.20036
-1.19571
-1.19208
-1.18995
-1.18952
-1.19075
-1.19334
-1.19695
-1.20111
-1.20537
-1.2093
-1.21252
-1.21476
-1.21589
-1.21589
-1.21486
-1.213
-1.2106
-1.20799
-1.20548
-1.20336
-1.20183
-1.20092
-1.20053
-1.20046
-1.20049
-1.20042
-1.20022
-1.20001
-1.20002
-1.20052
-1.20173
-1.20378
-1.20669
-1.21042
-1.21484
-1.2198
-1.22511
-1.23056
-1.23591
-1.24091
-1.24534
-1.24904
-1.25184
-1.25367
-1.25448
-1.25427
-1.25307
-1.25097
-1.24808
-1.24455
-1.24055
-1.23624
-1.23178
-1.22727
-1.22273
-1.21814
-1.2134
-1.20845
-1.20325
-1.19783
-1.19233
-1.18702
-1.18227
-1.17852
-1.17621
-1.17562
-1.17674
-1.17926
-1.18256
-1.18592
-1.1887
-1.19038
-1.19077
-1.18989
-1.18803
-1.18565
-1.18333
-1.18164
-1.18117
-1.18231
-1.18526
-1.18995
-1.1961
-1.20323
-1.21072
-1.21798
-1.22447
-1.22977
-1.23363
-1.23597
-1.23688
-1.23657
-1.23535
-1.23354
-1.23143
-1.22922
-1.22701
-1.2249
-1.22303
-1.22167
-1.22123
-1.22221
-1.22509
-1.23008
-1.23698
-1.24526
-1.25413
-1.26274
-1.27039
-1.27656
-1.28093
-1.28334
-1.28385
-1.28265
-1.28014
-1.27688
-1.27353
-1.27078
-1.26919
-1.26908
-1.27048
-1.27315
-1.27668
-1.2806
-1.28454
-1.2882
-1.2914
-1.29411
-1.29636
-1.29825
-1.29996
-1.30169
-1.30363
-1.30586
-1.3083
-1.31079
-1.31301
-1.31456
-1.31508
-1.31425
-1.31189
-1.30799
-1.3027
-1.2964
-1.28957
-1.28285
-1.27688
-1.27226
-1.26936
-1.26817
-1.26826
-1.26878
-1.2688
-1.26759
-1.2649
-1.26115
-1.25725
-1.25436
-1.2536
-1.25575
-1.26126
-1.27004
-1.28148
-1.29441
-1.30739
-1.31912
-1.32865
-1.3356
-1.3399
-1.34181
-1.34173
-1.34014
-1.33758
-1.33452
-1.33137
-1.32842
-1.32581
-1.3236
-1.32173
-1.32012
-1.31868
-1.31728
-1.31582
-1.31417
-1.31217
-1.30965
-1.30647
-1.30257
-1.29807
-1.29336
-1.28907
-1.286
-1.28484
-1.28598
-1.28935
-1.2945
-1.30071
-1.30725
-1.31347
-1.31897
-1.32365
-1.32764
-1.33118
-1.33448
-1.33764
-1.34058
-1.34313
-1.34502
-1.34605
-1.346
-1.34472
-1.34213
-1.33816
-1.33274
-1.32585
-1.31755
-1.30811
-1.29808
-1.28848
-1.28069
-1.27616
-1.27578
-1.27941
-1.2858
-1.29318
-1.29978
-1.30429
-1.30594
-1.3044
-1.29968
-1.29228
-1.28321
-1.27402
-1.26672
-1.26326
-1.26495
-1.27202
-1.28359
-1.29814
-1.31395
-1.32957
-1.34393
-1.35632
-1.36633
-1.37382
-1.3788
-1.38148
-1.38215
-1.38122
-1.37918
-1.37649
-1.37357
-1.37073
-1.36819
-1.36602
-1.36422
-1.36271
-1.36135
-1.35996
-1.35838
-1.35639
-1.35384
-1.35061
-1.34675
-1.34244
-1.33804
-1.33403
-1.33093
-1.32916
-1.32891
-1.33008
-1.33236
-1.3353
-1.33838
-1.34119
-1.34338
-1.34479
-1.34542
-1.34544
-1.34526
-1.34534
-1.34607
-1.34763
-1.34988
-1.35248
-1.35493
-1.35681
-1.35787
-1.35798
-1.35722
-1.35573
-1.35368
-1.35125
-1.34858
-1.3457
-1.3427
-1.33957
-1.33634
-1.33308
-1.32989
-1.32691
-1.32437
-1.32244
-1.32129
-1.321
-1.32158
-1.32294
-1.32484
-1.32704
-1.32917
-1.33088
-1.33182
-1.33171
-1.33032
-1.32752
-1.32322
-1.31739
-1.31005
-1.30124
-1.2912
-1.28055
-1.27063
-1.26368
-1.26239
-1.2686
-1.28208
-1.30042
-1.32043
-1.33948
-1.35605
-1.36962
-1.3802
-1.38796
-1.39311
-1.3958
-1.39606
-1.39388
-1.38934
-1.38264
-1.37432
-1.36535
-1.35706
-1.35078
-1.34744
-1.34711
-1.34905
-1.35199
-1.35468
-1.35611
-1.35572
-1.35328
-1.34891
-1.3429
-1.33574
-1.32812
-1.32091
-1.31501
-1.31107
-1.30925
-1.30924
-1.31039
-1.3121
-1.31397
-1.31573
-1.31714
-1.31787
-1.31748
-1.31553
-1.31169
-1.30597
-1.29874
-1.29077
-1.28305
-1.27654
-1.27195
-1.26957
-1.26924
-1.27048
-1.27271
-1.27532
-1.27786
-1.28005
-1.28174
-1.28301
-1.28402
-1.28504
-1.28638
-1.2883
-1.291
-1.29453
-1.29881
-1.30366
-1.3088
-1.31386
-1.31848
-1.32226
-1.32478
-1.32567
-1.32458
-1.32118
-1.3152
-1.30653
-1.29535
-1.28219
-1.26805
-1.25437
-1.2428
-1.23476
-1.23104
-1.23161
-1.23561
-1.24171
-1.24846
-1.25461
-1.2593
-1.26204
-1.26265
-1.26116
-1.25776
-1.25275
-1.24659
-1.23996
-1.23367
-1.22854
-1.22512
-1.22355
-1.22344
-1.22412
-1.22493
-1.22535
-1.22516
-1.22432
-1.22295
-1.22121
-1.21923
-1.21716
-1.21509
-1.21311
-1.21124
-1.20956
-1.2081
-1.20689
-1.20592
-1.20519
-1.20467
-1.20433
-1.20415
-1.20417
-1.20444
-1.20503
-1.206
-1.20732
-1.20884
-1.21033
-1.21145
-1.21185
-1.21123
-1.2094
-1.20631
-1.20212
-1.19717
-1.19206
-1.18746
-1.18413
-1.18258
-1.18295
-1.18494
-1.18789
-1.19101
-1.1936
-1.19523
-1.19582
-1.19553
-1.19472
-1.19377
-1.19303
-1.19285
-1.19353
-1.19532
-1.19839
-1.20274
-1.2082
-1.21442
-1.22095
-1.22734
-1.23324
-1.2384
-1.24277
-1.24634
-1.2492
-1.25143
-1.25316
-1.2545
-1.25554
-1.25638
-1.25708
-1.25772
-1.25838
-1.25919
-1.26029
-1.26176
-1.26358
-1.26573
-1.26814
-1.27072
-1.2734
-1.27607
-1.27865
-1.28102
-1.28312
-1.28486
-1.28621
-1.28711
-1.28762
-1.28778
-1.28766
-1.28738
-1.28709
-1.28693
-1.28706
-1.2876
-1.28864
-1.29026
-1.29247
-1.2953
-1.2987
-1.30262
-1.30698
-1.31167
-1.31658
-1.32156
-1.32654
-1.33143
-1.33618
-1.34076
-1.34516
-1.34937
-1.35334
-1.35706
-1.36045
-1.36343
-1.36592
-1.36782
-1.36904
-1.36951
-1.36916
-1.36798
-1.36601
-1.36332
-1.36012
-1.35675
-1.35362
-1.35125
-1.3501
-1.35055
-1.35278
-1.35673
-1.36218
-1.36871
-1.37582
-1.38298
-1.38968
-1.39555
-1.40028
-1.40365
-1.40555
-1.40589
-1.40468
-1.40198
-1.39798
-1.39298
-1.38742
-1.38176
-1.37656
-1.37231
-1.36946
-1.36837
-1.36925
-1.37211
-1.3767
-1.3826
-1.38923
-1.39599
-1.40236
-1.40796
-1.4126
-1.41624
-1.41889
-1.42056
-1.42126
-1.42096
-1.41977
-1.41791
-1.41578
-1.41372
-1.41191
-1.41021
-1.40828
-1.4057
-1.40216
-1.39759
-1.39213
-1.38612
-1.38004
-1.37443
-1.36989
-1.36697
-1.36612
-1.3675
-1.37107
-1.37647
-1.38319
-1.39062
-1.39816
-1.4053
-1.4117
-1.41715
-1.42159
-1.425
-1.4274
-1.42879
-1.42914
-1.42842
-1.42663
-1.42378
-1.41996
-1.41532
-1.41005
-1.4044
-1.39864
-1.3931
-1.38808
-1.38389
-1.3808
-1.37895
-1.37843
-1.37923
-1.38126
-1.38439
-1.38855
-1.39363
-1.39946
-1.40574
-1.41198
-1.41758
-1.4219
-1.42438
-1.42475
-1.42303
-1.41965
-1.41537
-1.41116
-1.408
-1.40676
-1.40798
-1.41179
-1.41789
-1.42563
-1.4342
-1.44278
-1.45077
-1.45778
-1.46366
-1.46844
-1.47218
-1.47504
-1.47717
-1.47865
-1.47955
-1.47987
-1.47953
-1.47846
-1.47663
-1.47404
-1.47076
-1.46688
-1.46247
-1.45759
-1.45226
-1.44645
-1.44018
-1.43359
-1.42706
-1.42135
-1.41756
-1.4169
-1.4201
-1.42709
-1.43689
-1.44794
-1.45874
-1.46814
-1.47546
-1.48047
-1.48328
-1.48426
-1.48399
-1.4831
-1.48226
-1.48193
-1.48231
-1.48332
-1.48462
-1.48579
-1.48644
-1.48635
-1.4855
-1.48402
-1.48222
-1.48048
-1.47923
-1.47888
-1.47975
-1.48204
-1.48579
-1.49083
-1.49684
-1.50335
-1.50984
-1.51578
-1.52068
-1.52415
-1.52589
-1.52574
-1.5237
-1.51985
-1.51436
-1.50741
-1.49915
-1.48972
-1.47929
-1.46817
-1.45698
-1.44659
-1.43809
-1.43249
-1.43043
-1.43199
-1.43667
-1.44344
-1.45114
-1.45875
-1.46557
-1.47131
-1.47603
-1.48007
-1.48384
-1.48778
-1.49223
-1.49738
-1.50324
-1.50968
-1.51646
-1.52346
-1.53063
-1.53801
-1.54555
-1.55304
-1.5601
-1.56621
-1.57087
-1.57365
-1.57425
-1.57246
-1.56814
-1.56122
-1.55165
-1.53949
-1.52497
-1.50865
-1.49146
-1.47476
-1.46022
-1.4495
-1.44377
-1.44337
-1.44777
-1.45582
-1.4661
-1.47724
-1.48801
-1.49746
-1.50488
-1.50985
-1.51221
-1.51206
-1.50971
-1.50566
-1.50053
-1.49505
-1.48998
-1.48606
-1.48401
-1.48439
-1.48757
-1.4936
-1.50215
-1.51257
-1.52398
-1.5355
-1.54634
-1.556
-1.56414
-1.57063
-1.57546
-1.57871
-1.58052
-1.58109
-1.58062
-1.57931
-1.57737
-1.57493
-1.57211
-1.56903
-1.56582
-1.56268
-1.55981
-1.55748
-1.55595
-1.55534
-1.55568
-1.55683
-1.55855
-1.56048
-1.56228
-1.56369
-1.56452
-1.56468
-1.56416
-1.56299
-1.5612
-1.55876
-1.55571
-1.55216
-1.54842
-1.54498
-1.54243
-1.54124
-1.54153
-1.543
-1.54499
-1.54671
-1.54752
-1.547
-1.54501
-1.54168
-1.5374
-1.5327
-1.5283
-1.52493
-1.52319
-1.52337
-1.5254
-1.52894
-1.53354
-1.5388
-1.54447
-1.55048
-1.55675
-1.56316
-1.56944
-1.57522
-1.58011
-1.58367
-1.58566
-1.58601
-1.58485
-1.58243
-1.57916
-1.57544
-1.57166
-1.5681
-1.56493
-1.56216
-1.55967
-1.55718
-1.55436
-1.55081
-1.54624
-1.54053
-1.53379
-1.52641
-1.51894
-1.51194
-1.50581
-1.5006
-1.49602
-1.49161
-1.48687
-1.4815
-1.47553
-1.46943
-1.464
-1.46023
-1.45893
-1.46061
-1.46533
-1.4728
-1.48263
-1.49427
-1.50714
-1.52062
-1.53403
-1.54677
-1.55828
-1.56814
-1.57605
-1.58181
-1.58528
-1.5864
-1.58515
-1.58153
-1.57562
-1.5677
-1.55829
-1.54832
-1.539
-1.53165
-1.52713
-1.52554
-1.52623
-1.52816
-1.53035
-1.53218
-1.53339
-1.53398
-1.5341
-1.53392
-1.53352
-1.53291
-1.532
-1.53064
-1.52859
-1.52565
-1.52165
-1.51653
-1.51038
-1.50347
-1.49626
-1.48933
-1.48331
-1.47879
-1.47623
-1.47596
-1.47807
-1.48253
-1.4891
-1.49741
-1.50696
-1.5172
-1.52757
-1.53763
-1.54702
-1.5555
-1.56295
-1.56925
-1.57429
-1.57791
-1.57994
-1.58022
-1.57869
-1.57548
-1.57098
-1.56585
-1.56093
-1.55705
-1.55477
-1.55422
-1.55502
-1.55641
-1.55746
-1.55738
-1.55564
-1.55212
-1.54709
-1.54114
-1.53518
-1.53027
-1.5275
-1.52768
-1.53101
-1.53696
-1.54436
-1.5518
-1.55808
-1.56246
-1.56475
-1.56525
-1.56458
-1.56352
-1.56282
-1.56304
-1.56446
-1.56696
-1.5701
-1.57329
-1.5759
-1.57739
-1.57741
-1.5758
-1.57256
-1.56782
-1.56185
-1.55508
-1.54811
-1.54162
-1.53628
-1.53248
-1.53034
-1.52962
-1.52996
-1.5309
-1.53212
-1.53342
-1.53468
-1.53576
-1.53653
-1.5368
-1.5365
-1.53572
-1.53491
-1.53474
-1.53595
-1.5389
-1.54339
-1.54871
-1.55402
-1.55863
-1.56223
-1.56488
-1.56684
-1.56838
-1.56976
-1.57109
-1.5724
-1.57368
-1.57485
-1.57575
-1.5762
-1.57597
-1.5748
-1.57248
-1.56894
-1.56423
-1.55859
-1.55233
-1.54579
-1.53919
-1.53254
-1.52575
-1.51874
-1.51171
-1.50522
-1.50019
-1.49756
-1.49793
-1.5013
-1.507
-1.514
-1.52132
-1.5282
-1.53426
-1.53929
-1.54325
-1.54619
-1.54813
-1.54922
-1.54967
-1.54969
-1.54954
-1.54946
-1.5496
-1.55004
-1.55076
-1.55165
-1.55248
-1.55296
-1.5527
-1.55131
-1.5484
-1.54375
-1.53742
-1.52985
-1.52186
-1.51454
-1.50898
-1.50602
-1.50614
-1.50931
-1.51513
-1.52286
-1.53162
-1.5406
-1.5491
-1.55668
-1.56311
-1.56829
-1.57222
-1.57488
-1.57622
-1.57608
-1.57431
-1.57078
-1.56554
-1.55892
-1.55152
-1.54418
-1.53774
-1.53281
-1.52957
-1.52776
-1.52687
-1.5264
-1.52597
-1.52544
-1.52483
-1.52422
-1.52371
-1.52334
-1.5231
-1.52298
-1.523
-1.52325
-1.52387
-1.52501
-1.52683
-1.52946
-1.53292
-1.53708
-1.54172
-1.54645
-1.55083
-1.55435
-1.55653
-1.55693
-1.55529
-1.55148
-1.54561
-1.53803
-1.52924
-1.51992
-1.51076
-1.5024
-1.4953
-1.4897
-1.48558
-1.48281
-1.48116
-1.48048
-1.48066
-1.48165
-1.48335
-1.48561
-1.48817
-1.49076
-1.49311
-1.49502
-1.49636
-1.49709
-1.49719
-1.4967
-1.49569
-1.49428
-1.49262
-1.49091
-1.4894
-1.48829
-1.48777
-1.48786
-1.48837
-1.48906
-1.48959
-1.48967
-1.48912
-1.48786
-1.48587
-1.48313
-1.47967
-1.47556
-1.47095
-1.46608
-1.46126
-1.45686
-1.45321
-1.4505
-1.44875
-1.44779
-1.44732
-1.44706
-1.44683
-1.44662
-1.44661
-1.44702
-1.44811
-1.44999
-1.45258
-1.45569
-1.45899
-1.46215
-1.46491
-1.46711
-1.46864
-1.46945
-1.46953
-1.46887
-1.4675
-1.46548
-1.46295
-1.46013
-1.4573
-1.4548
-1.45291
-1.4518
-1.45149
-1.45185
-1.45264
-1.45362
-1.45452
-1.45515
-1.4554
-1.45519
-1.4545
-1.45326
-1.45141
-1.44894
-1.44585
-1.44227
-1.43836
-1.43428
-1.43022
-1.42628
-1.42255
-1.41914
-1.41621
-1.41396
-1.41264
-1.41248
-1.41366
-1.41626
-1.42023
-1.42541
-1.4315
-1.43818
-1.44508
-1.45185
-1.45821
-1.46386
-1.46857
-1.4721
-1.47424
-1.47484
-1.47385
-1.47138
-1.46776
-1.4636
-1.45972
-1.45708
-1.4565
-1.45848
-1.46299
-1.46952
-1.47738
-1.48582
-1.49425
-1.50234
-1.50998
-1.51715
-1.52398
-1.53055
-1.5369
-1.54299
-1.54873
-1.55394
-1.55847
-1.56216
-1.56491
-1.56662
-1.56726
-1.56685
-1.56549
-1.5633
-1.56049
-1.55735
-1.55419
-1.55132
-1.54898
-1.5473
-1.54624
-1.54563
-1.54518
-1.54459
-1.54357
-1.54192
-1.53954
-1.53642
-1.53266
-1.52839
-1.52382
-1.51922
-1.51482
-1.51093
-1.50782
-1.50577
-1.50498
-1.50551
-1.50724
-1.50978
-1.5126
-1.51506
-1.51658
-1.51683
-1.51578
-1.51376
-1.51142
-1.50963
-1.50928
-1.51105
-1.51528
-1.52184
-1.53017
-1.5394
-1.54853
-1.55656
-1.56272
-1.56652
-1.5679
-1.56719
-1.56512
-1.56268
-1.56094
-1.56082
-1.56286
-1.56719
-1.57344
-1.5809
-1.58866
-1.59578
-1.60146
-1.6051
-1.6064
-1.60538
-1.60229
-1.59753
-1.59159
-1.58482
-1.57755
-1.56993
-1.56221
-1.55486
-1.5487
-1.54482
-1.54425
-1.54757
-1.55463
-1.56462
-1.57636
-1.58867
-1.60057
-1.61135
-1.62053
-1.62783
-1.6331
-1.63633
-1.63756
-1.63689
-1.63446
-1.63043
-1.62503
-1.61854
-1.6113
-1.60374
-1.59633
-1.58952
-1.58371
-1.57916
-1.57592
-1.57391
-1.57291
-1.57273
-1.57325
-1.5745
-1.57654
-1.57951
-1.58342
-1.58809
-1.59318
-1.59823
-1.6027
-1.60617
-1.60832
-1.60903
-1.60827
-1.60619
-1.60299
-1.59892
-1.59429
-1.58942
-1.58462
-1.58016
-1.57623
-1.57296
-1.57036
-1.56842
-1.56706
-1.56616
-1.56565
-1.56538
-1.5652
-1.56489
-1.56419
-1.56286
-1.5607
-1.5577
-1.554
-1.54988
-1.54566
-1.54155
-1.53767
-1.53402
-1.53065
-1.52764
-1.52514
-1.52327
-1.52212
-1.52169
-1.522
-1.52298
-1.52459
-1.52671
-1.52918
-1.53181
-1.53435
-1.53656
-1.53829
-1.53946
-1.54009
-1.54031
-1.54029
-1.54018
-1.53999
-1.53957
-1.53866
-1.53695
-1.5342
-1.53047
-1.52611
-1.52178
-1.51827
-1.51634
-1.51637
-1.51841
-1.52202
-1.52653
-1.53112
-1.53508
-1.53789
-1.53934
-1.53949
-1.53855
-1.53685
-1.53473
-1.53242
-1.53006
-1.52766
-1.52514
-1.52239
-1.51929
-1.51576
-1.51181
-1.50756
-1.5032
-1.49898
-1.49517
-1.49201
-1.48973
-1.48848
-1.48835
-1.48935
-1.49146
-1.49456
-1.49845
-1.50289
-1.5076
-1.51227
-1.51661
-1.5204
-1.5235
-1.5258
-1.5273
-1.52804
-1.52806
-1.52744
-1.52623
-1.52442
-1.52204
-1.5191
-1.51576
-1.51232
-1.50954
-1.50859
-1.50951
-1.51242
-1.51715
-1.52334
-1.53047
-1.53808
-1.54582
-1.55344
-1.50954
-1.50859
-1.50951
-1.51242
-1.51715
-1.52334
-1.53047
-1.53808
-1.54582
-1.55344
-1.56081
-1.56785
-1.5745
-1.5807
-1.5864
-1.59153
-1.59607
-1.59998
-1.60328
-1.60597
-1.60805
-1.60954
-1.61044
-1.61072
-1.61036
-1.60935
-1.60768
-1.60539
-1.60255
-1.59925
-1.59568
-1.59206
-1.58868
-1.58583
-1.5838
-1.58271
-1.58262
-1.58341
-1.58496
-1.58711
-1.58983
-1.59305
-1.59677
-1.60094
-1.60545
-1.61022
-1.6151
-1.61995
-1.62458
-1.62886
-1.63259
-1.63557
-1.63764
-1.63866
-1.63856
-1.63732
-1.63502
-1.63176
-1.6278
-1.62356
-1.61969
-1.61696
-1.6162
-1.618
-1.62246
-1.62912
-1.63699
-1.6449
-1.6518
-1.65698
-1.66007
-1.66105
-1.66009
-1.65747
-1.65347
-1.64838
-1.64239
-1.63569
-1.62844
-1.62081
-1.61311
-1.60566
-1.59886
-1.59306
-1.58845
-1.58504
-1.58257
-1.58061
-1.5787
-1.5764
-1.57346
-1.56992
-1.56617
-1.56281
-1.56056
-1.5599
-1.56105
-1.56386
-1.56793
-1.57276
-1.57792
-1.58305
-1.58789
-1.59223
-1.59587
-1.59855
-1.60004
-1.60005
-1.59831
-1.59465
-1.58899
-1.58149
-1.57262
-1.56318
-1.55426
-1.54701
-1.54233
-1.54063
-1.54177
-1.54523
-1.55036
-1.55653
-1.5632
-1.56998
-1.5766
-1.58287
-1.58866
-1.59381
-1.59812
-1.60146
-1.60373
-1.60495
-1.60518
-1.60455
-1.6032
-1.60124
-1.59879
-1.59592
-1.59272
-1.58929
-1.58573
-1.58218
-1.57875
-1.57553
-1.57257
-1.56991
-1.5675
-1.5653
-1.56323
-1.56127
-1.55944
-1.5578
-1.55654
-1.55587
-1.55602
-1.55722
-1.55952
-1.56288
-1.5671
-1.57191
-1.57698
-1.58199
-1.58667
-1.59081
-1.59422
-1.59678
-1.5984
-1.59902
-1.59858
-1.59708
-1.5945
-1.59091
-1.58636
-1.58099
-1.57494
-1.56838
-1.5615
-1.55451
-1.54763
-1.54111
-1.53523
-1.53023
-1.52636
-1.52374
-1.52236
-1.5221
-1.52282
-1.52441
-1.52683
-1.53009
-1.53418
-1.53897
-1.54432
-1.54999
-1.5558
-1.56159
-1.56721
-1.57257
-1.57756
-1.58211
-1.58616
-1.58967
-1.59262
-1.595
-1.59684
-1.59811
-1.59879
-1.59884
-1.59817
-1.59666
-1.5942
-1.5907
-1.58615
-1.58067
-1.57454
-1.56826
-1.56243
-1.55775
-1.55486
-1.55423
-1.55605
-1.56024
-1.56649
-1.57431
-1.58316
-1.59243
-1.60159
-1.61011
-1.61753
-1.62356
-1.62798
-1.63068
-1.63166
-1.63099
-1.62882
-1.62534
-1.62081
-1.61555
-1.60994
-1.60431
-1.59902
-1.59431
-1.59033
-1.58711
-1.58459
-1.5826
-1.58092
-1.57928
-1.57751
-1.57553
-1.57344
-1.57154
-1.5703
-1.57024
-1.5718
-1.5751
-1.57991
-1.58564
-1.59152
-1.59676
-1.60079
-1.60334
-1.60444
-1.60447
-1.60397
-1.60355
-1.60383
-1.60525
-1.60812
-1.61255
-1.61838
-1.62533
-1.6329
-1.64057
-1.64777
-1.65404
-1.65899
-1.66242
-1.66417
-1.66424
-1.66271
-1.65972
-1.65548
-1.65024
-1.64431
-1.63801
-1.63171
-1.62581
-1.62079
-1.6171
-1.61507
-1.61483
-1.61616
-1.61855
-1.6213
-1.62368
-1.62509
-1.62515
-1.62374
-1.62095
-1.61707
-1.6125
-1.60768
-1.60298
-1.59869
-1.595
-1.59192
-1.58946
-1.5876
-1.58637
-1.58586
-1.58624
-1.58763
-1.59007
-1.59347
-1.59759
-1.60207
-1.6065
-1.61052
-1.6138
-1.61611
-1.61734
-1.61738
-1.61623
-1.6139
-1.61045
-1.60601
-1.60082
-1.59523
-1.58967
-1.58467
-1.58073
-1.57816
-1.57702
-1.57713
-1.57806
-1.57933
-1.58046
-1.58111
-1.58116
-1.58065
-1.5798
-1.57895
-1.57844
-1.57856
-1.57943
-1.58097
-1.58293
-1.58498
-1.58673
-1.58791
-1.5883
-1.5878
-1.58642
-1.58427
-1.58148
-1.57828
-1.57486
-1.57142
-1.56812
-1.56512
-1.56254
-1.56043
-1.55886
-1.55783
-1.55729
-1.55715
-1.55734
-1.55771
-1.55813
-1.55846
-1.5586
-1.55847
-1.55808
-1.55752
-1.55695
-1.55664
-1.55693
-1.5581
-1.56039
-1.56388
-1.56847
-1.5739
-1.57982
-1.58577
-1.59126
-1.59581
-1.59906
-1.60074
-1.60076
-1.59926
-1.59663
-1.59343
-1.59036
-1.58802
-1.58682
-1.5868
-1.58775
-1.58928
-1.59099
-1.59254
-1.59373
-1.59444
-1.59462
-1.59426
-1.59341
-1.59218
-1.5907
-1.58925
-1.58819
-1.58799
-1.58912
-1.59186
-1.59618
-1.60164
-1.60751
-1.61305
-1.61762
-1.62083
-1.62252
-1.62273
-1.62162
-1.61944
-1.6165
-1.61309
-1.60954
-1.60614
-1.60313
-1.60072
-1.59907
-1.59824
-1.5982
-1.59886
-1.60005
-1.60156
-1.60317
-1.60462
-1.60572
-1.60631
-1.60631
-1.60578
-1.60494
-1.60416
-1.6039
-1.60461
-1.60652
-1.60958
-1.61348
-1.61768
-1.62159
-1.62471
-1.62665
-1.62724
-1.62649
-1.62456
-1.62177
-1.61855
-1.61537
-1.61268
-1.61088
-1.61017
-1.61057
-1.61191
-1.61397
-1.6165
-1.61933
-1.6223
-1.62534
-1.62837
-1.63134
-1.63423
-1.63701
-1.63959
-1.64185
-1.64353
-1.64435
-1.64402
-1.64227
-1.63889
-1.63377
-1.62692
-1.61852
-1.609
-1.59902
-1.58942
-1.58112
-1.57501
-1.57168
-1.57141
-1.57406
-1.57916
-1.58605
-1.59394
-1.60204
-1.6096
-1.61599
-1.62073
-1.62346
-1.62396
-1.62221
-1.61834
-1.61268
-1.60577
-1.59825
-1.59088
-1.58435
-1.57928
-1.57608
-1.57497
-1.57593
-1.57878
-1.58324
-1.58893
-1.59544
-1.60233
-1.60925
-1.61595
-1.62226
-1.62819
-1.63378
-1.63913
-1.64431
-1.64932
-1.65408
-1.65842
-1.66218
-1.66515
-1.66713
-1.66796
-1.66752
-1.66576
-1.66274
-1.65871
-1.65407
-1.64936
-1.64519
-1.64211
-1.64044
-1.64019
-1.64109
-1.64258
-1.64401
-1.64475
-1.64434
-1.64252
-1.63929
-1.6349
-1.62981
-1.62465
-1.62006
-1.6167
-1.61511
-1.61562
-1.6183
-1.62301
-1.62938
-1.63688
-1.64498
-1.65316
-1.66102
-1.66823
-1.67459
-1.67994
-1.6842
-1.68731
-1.68926
-1.69007
-1.68984
-1.68879
-1.68715
-1.68528
-1.68352
-1.68225
-1.68175
-1.68222
-1.68371
-1.68615
-1.68938
-1.69319
-1.69737
-1.70174
-1.70616
-1.71055
-1.71481
-1.71886
-1.72266
-1.7261
-1.7291
-1.73157
-1.73343
-1.73458
-1.73495
-1.73439
-1.7328
-1.72999
-1.72579
-1.71998
-1.7124
-1.70302
-1.69197
-1.67964
-1.66677
-1.65447
-1.64409
-1.63694
-1.63396
-1.6354
-1.64064
-1.64849
-1.6575
-1.66636
-1.67412
-1.68035
-1.68505
-1.68861
-1.69159
-1.69454
-1.69791
-1.70185
-1.7063
-1.71099
-1.71562
-1.71986
-1.7235
-1.72638
-1.72838
-1.72941
-1.72939
-1.7282
-1.72576
-1.722
-1.71693
-1.71069
-1.70356
-1.69602
-1.68868
-1.68226
-1.67733
-1.6742
-1.67284
-1.67289
-1.67384
-1.67517
-1.67641
-1.67728
-1.67755
-1.67716
-1.67614
-1.67466
-1.67301
-1.67153
-1.67052
-1.67016
-1.67053
-1.67152
-1.673
-1.67484
-1.67689
-1.67916
-1.68167
-1.68453
-1.68789
-1.69187
-1.69648
-1.70162
-1.70708
-1.71258
-1.7178
-1.72245
-1.72635
-1.7294
-1.73162
-1.73315
-1.73416
-1.73479
-1.73501
-1.73464
-1.73333
-1.73067
-1.72643
-1.72081
-1.7146
-1.70925
-1.70657
-1.708
-1.71392
-1.7234
-1.73474
-1.74613
-1.75624
-1.76433
-1.77017
-1.77378
-1.77539
-1.77532
-1.77394
-1.77165
-1.76885
-1.76594
-1.76317
-1.76067
-1.75832
-1.75589
-1.75303
-1.74935
-1.74465
-1.73893
-1.73249
-1.72589
-1.71995
-1.71558
-1.71358
-1.71452
-1.71849
-1.72507
-1.73344
-1.74259
-1.75154
-1.75954
-1.76602
-1.77063
-1.77317
-1.77355
-1.77173
-1.76773
-1.76162
-1.75352
-1.74362
-1.73216
-1.71951
-1.70615
-1.69276
-1.68016
-1.66929
-1.661
-1.65595
-1.65438
-1.65608
-1.6604
-1.66644
-1.67317
-1.67961
-1.68498
-1.68874
-1.69069
-1.69098
-1.69005
-1.68852
-1.68707
-1.68621
-1.6862
-1.68703
-1.6885
-1.69036
-1.69235
-1.69427
-1.69594
-1.69719
-1.69786
-1.6978
-1.69688
-1.69501
-1.69218
-1.68843
-1.68393
-1.67901
-1.67408
-1.66964
-1.66619
-1.6641
-1.66352
-1.66432
-1.66616
-1.66857
-1.67112
-1.67345
-1.67533
-1.67662
-1.67725
-1.67723
-1.67661
-1.67556
-1.67437
-1.67341
-1.67308
-1.67375
-1.67556
-1.67849
-1.68231
-1.68668
-1.69116
-1.69533
-1.69887
-1.70145
-1.7029
-1.7031
-1.70201
-1.69964
-1.69608
-1.69151
-1.68622
-1.68066
-1.67535
-1.67085
-1.66754
-1.66557
-1.66474
-1.66456
-1.66444
-1.66376
-1.66211
-1.65918
-1.65501
-1.64986
-1.64418
-1.63857
-1.63364
-1.62988
-1.6275
-1.6264
-1.6262
-1.62639
-1.62653
-1.62636
-1.62596
-1.62566
-1.626
-1.62759
-1.63092
-1.63622
-1.64343
-1.65215
-1.66184
-1.6719
-1.68183
-1.69124
-1.69991
-1.70772
-1.71465
-1.72067
-1.72573
-1.72968
-1.73241
-1.73381
-1.73386
-1.7327
-1.7306
-1.72798
-1.72526
-1.7229
-1.72118
-1.72029
-1.72025
-1.72095
-1.72221
-1.72379
-1.72544
-1.72694
-1.72807
-1.72866
-1.72861
-1.72795
-1.72684
-1.72561
-1.7247
-1.72453
-1.72534
-1.72711
-1.72951
-1.73208
-1.73434
-1.73591
-1.73652
-1.73599
-1.73418
-1.73101
-1.72647
-1.72068
-1.71394
-1.70678
-1.7
-1.69473
-1.69215
-1.69312
-1.69778
-1.70542
-1.71476
-1.72444
-1.73337
-1.74088
-1.7466
-1.75034
-1.75195
-1.75133
-1.74853
-1.74379
-1.73774
-1.73135
-1.72577
-1.72183
-1.71974
-1.71899
-1.71865
-1.71791
-1.71638
-1.7141
-1.71142
-1.70882
-1.70669
-1.70529
-1.70473
-1.70492
-1.70573
-1.70689
-1.70817
-1.70928
-1.71001
-1.71014
-1.70955
-1.70818
-1.70601
-1.70313
-1.69966
-1.69579
-1.69178
-1.68782
-1.68411
-1.68074
-1.67777
-1.67525
-1.67324
-1.67171
-1.67047
-1.66909
-1.66705
-1.66389
-1.65946
-1.65414
-1.64883
-1.64476
-1.643
-1.64399
-1.6474
-1.65243
-1.65827
-1.66448
-1.67097
-1.67776
-1.68478
-1.69168
-1.69795
-1.70306
-1.70655
-1.70812
-1.70764
-1.70512
-1.70066
-1.69442
-1.68665
-1.67766
-1.66784
-1.6577
-1.6478
-1.63879
-1.63126
-1.62561
-1.62203
-1.62033
-1.62005
-1.62055
-1.62121
-1.62146
-1.62096
-1.61958
-1.61738
-1.61459
-1.61152
-1.60854
-1.60598
-1.60409
-1.60301
-1.60277
-1.60326
-1.60431
-1.60573
-1.60738
-1.60928
-1.61159
-1.61461
-1.61869
-1.62405
-1.63064
-1.63813
-1.64594
-1.65344
-1.66004
-1.66533
-1.66908
-1.67126
-1.67199
-1.67163
-1.67079
-1.66969
-1.66853
-1.66743
-1.66656
-1.66597
-1.66568
-1.66568
-1.66585
-1.66604
-1.66611
-1.66598
-1.66564
-1.66527
-1.66513
-1.66555
-1.66682
-1.66907
-1.67227
-1.67622
-1.68062
-1.68518
-1.68963
-1.69375
-1.69736
-1.70032
-1.70252
-1.70387
-1.70431
-1.70382
-1.70245
-1.70032
-1.69755
-1.69441
-1.69121
-1.68842
-1.68659
-1.68625
-1.68778
-1.69123
-1.69626
-1.7023
-1.70869
-1.71492
-1.72066
-1.72576
-1.73025
-1.73419
-1.73769
-1.74083
-1.74367
-1.74626
-1.74864
-1.75087
-1.753
-1.75509
-1.75721
-1.75944
-1.76185
-1.76453
-1.76757
-1.77116
-1.77553
-1.78093
-1.78751
-1.79522
-1.8037
-1.81239
-1.82066
-1.82793
-1.83375
-1.83789
-1.84025
-1.84082
-1.8396
-1.83661
-1.83185
-1.82532
-1.81711
-1.80749
-1.79698
-1.78642
-1.77689
-1.76953
-1.76527
-1.76456
-1.76731
-1.77298
-1.78079
-1.79
-1.79992
-1.80997
-1.81967
-1.82853
-1.83612
-1.84213
-1.84639
-1.84898
-1.85025
-1.85075
-1.85117
-1.85211
-1.85386
-1.85617
-1.85836
-1.85942
-1.85839
-1.85449
-1.8473
-1.83686
-1.82362
-1.80847
-1.79257
-1.77729
-1.764
-1.75389
-1.74783
-1.74618
-1.74884
-1.75521
-1.76431
-1.77496
-1.78601
-1.79645
-1.8056
-1.81307
-1.81889
-1.82337
-1.82706
-1.83051
-1.8342
-1.83831
-1.84278
-1.84731
-1.85147
-1.85482
-1.85693
-1.85754
-1.85656
-1.85418
-1.85086
-1.84724
-1.84399
-1.84158
-1.84016
-1.8395
-1.83911
-1.83844
-1.83702
-1.83453
-1.83089
-1.82611
-1.8204
-1.81407
-1.80755
-1.80136
-1.796
-1.79182
-1.78896
-1.78723
-1.78627
-1.78562
-1.78486
-1.78372
-1.7821
-1.78017
-1.77826
-1.77687
-1.77647
-1.7774
-1.77975
-1.78333
-1.78787
-1.79306
-1.79869
-1.80463
-1.81073
-1.81671
-1.82219
-1.8267
-1.82978
-1.83115
-1.8306
-1.82812
-1.82377
-1.81769
-1.81003
-1.80094
-1.79059
-1.77915
-1.76681
-1.75385
-1.74064
-1.7278
-1.71612
-1.7066
-1.70025
-1.69777
-1.69921
-1.70388
-1.7105
-1.71772
-1.72444
-1.73001
-1.73428
-1.73737
-1.73963
-1.74143
-1.74307
-1.7448
-1.74675
-1.74899
-1.75155
-1.75445
-1.75769
-1.76125
-1.76506
-1.76895
-1.77266
-1.77588
-1.77833
-1.77972
-1.77987
-1.77864
-1.77594
-1.77177
-1.76618
-1.75931
-1.75145
-1.74301
-1.73453
-1.7266
-1.71973
-1.71415
-1.70984
-1.70645
-1.70354
-1.70071
-1.69777
-1.69478
-1.69204
-1.68998
-1.68893
-1.68904
-1.6902
-1.69215
-1.69451
-1.69695
-1.69917
-1.70097
-1.70215
-1.70255
-1.70204
-1.70048
-1.69781
-1.69404
-1.68926
-1.68372
-1.67777
-1.67194
-1.6668
-1.66303
-1.66118
-1.66164
-1.66453
-1.66967
-1.6766
-1.68467
-1.69317
-1.70141
-1.70883
-1.71505
-1.71987
-1.7233
-1.72548
-1.72668
-1.72722
-1.72739
-1.72743
-1.72747
-1.72751
-1.72751
-1.72739
-1.72713
-1.72678
-1.72648
-1.72637
-1.72671
-1.72767
-1.72933
-1.73164
-1.73446
-1.73756
-1.74067
-1.74359
-1.74616
-1.74835
-1.7502
-1.75181
-1.75329
-1.75471
-1.75618
-1.75772
-1.75933
-1.76094
-1.76245
-1.76374
-1.76464
-1.76502
-1.76472
-1.76367
-1.76179
-1.7591
-1.75569
-1.75175
-1.74757
-1.74347
-1.73982
-1.7369
-1.73494
-1.73398
-1.73393
-1.73456
-1.73558
-1.7367
-1.73769
-1.73841
-1.73876
-1.73868
-1.73803
-1.73668
-1.73445
-1.73122
-1.72703
-1.72204
-1.71658
-1.71105
-1.7059
-1.70163
-1.69866
-1.69738
-1.69806
-1.70076
-1.70538
-1.71154
-1.71872
-1.72636
-1.73382
-1.74062
-1.74642
-1.75107
-1.75462
-1.75727
-1.75929
-1.761
-1.76266
-1.76451
-1.7667
-1.76931
-1.77228
-1.77546
-1.77858
-1.78128
-1.78325
-1.78418
-1.7839
-1.78236
-1.77966
-1.77595
-1.77142
-1.76624
-1.76052
-1.75434
-1.74776
-1.74094
-1.73418
-1.72802
-1.72313
-1.72032
-1.7202
-1.72306
-1.72874
-1.73665
-1.74588
-1.75546
-1.7645
-1.77231
-1.77849
-1.78286
-1.78554
-1.78682
-1.78713
-1.78691
-1.78645
-1.78593
-1.7853
-1.78441
-1.78302
-1.78094
-1.77808
-1.77453
-1.77062
-1.76684
-1.76371
-1.76163
-1.76076
-1.76099
-1.76203
-1.76356
-1.76528
-1.76699
-1.76854
-1.76989
-1.771
-1.77188
-1.77257
-1.77314
-1.77369
-1.77434
-1.77524
-1.77647
-1.77809
-1.7801
-1.78239
-1.78485
-1.78735
-1.78978
-1.79203
-1.79408
-1.79594
-1.79761
-1.79913
-1.8005
-1.80162
-1.80233
-1.80241
-1.80161
-1.79971
-1.79665
-1.79258
-1.78788
-1.78315
-1.77902
-1.77596
-1.77413
-1.77342
-1.77355
-1.77427
-1.77547
-1.77716
-1.7794
-1.78221
-1.78543
-1.78874
-1.79166
-1.79373
-1.79456
-1.79397
-1.79209
-1.78931
-1.7862
-1.78341
-1.78145
-1.78064
-1.78115
-1.78301
-1.7862
-1.79066
-1.7962
-1.80257
-1.80941
-1.81639
-1.8233
-1.83009
-1.83686
-1.84372
-1.85075
-1.85782
-1.86458
-1.87056
-1.8752
-1.87805
-1.87882
-1.87743
-1.87402
-1.86891
-1.86253
-1.85547
-1.8484
-1.84211
-1.83738
-1.83477
-1.8344
-1.83585
-1.8384
-1.84126
-1.84389
-1.846
-1.84751
-1.84847
-1.84898
-1.84914
-1.84907
-1.84886
-1.84861
-1.84833
-1.84802
-1.84758
-1.84694
-1.84601
-1.84487
-1.84368
-1.84271
-1.84227
-1.84252
-1.84344
-1.84481
-1.84625
-1.84732
-1.8477
-1.84737
-1.84655
-1.84572
-1.84544
-1.84609
-1.84783
-1.85057
-1.85402
-1.8579
-1.86195
-1.86597
-1.86978
-1.8732
-1.87608
-1.87825
-1.87956
-1.87987
-1.87903
-1.87694
-1.87351
-1.8687
-1.86259
-1.85532
-1.84714
-1.83838
-1.82934
-1.82029
-1.81139
-1.80278
-1.79455
-1.78679
-1.77959
-1.77312
-1.76766
-1.76362
-1.76161
-1.76224
-1.76596
-1.77279
-1.78221
-1.79326
-1.80479
-1.81584
-1.82571
-1.8341
-1.84098
-1.84652
-1.85087
-1.85419
-1.85654
-1.85795
-1.8584
-1.85793
-1.8566
-1.85454
-1.85195
-1.84906
-1.84605
-1.84304
-1.84005
-1.83702
-1.83382
-1.83024
-1.82606
-1.82106
-1.81504
-1.8079
-1.79965
-1.7905
-1.78091
-1.7716
-1.76345
-1.75745
-1.75442
-1.75484
-1.7586
-1.76506
-1.77311
-1.78155
-1.78932
-1.79571
-1.80039
-1.80335
-1.80475
-1.80492
-1.80425
-1.8032
-1.80223
-1.80181
-1.8023
-1.8039
-1.80658
-1.81007
-1.81398
-1.81784
-1.82123
-1.8238
-1.82532
-1.82568
-1.82488
-1.823
-1.8202
-1.81674
-1.81289
-1.809
-1.80537
-1.80221
-1.79952
-1.79714
-1.79478
-1.79208
-1.78878
-1.78479
-1.78026
-1.77556
-1.77116
-1.76762
-1.76539
-1.76476
-1.76578
-1.76824
-1.77176
-1.77586
-1.78003
-1.78384
-1.78696
-1.7892
-1.7905
-1.79085
-1.79032
-1.78899
-1.78693
-1.78422
-1.7809
-1.77701
-1.77266
-1.76799
-1.76328
-1.75893
-1.75538
-1.75302
-1.75206
-1.75247
-1.75412
-1.75685
-1.76055
-1.76521
-1.77076
-1.77711
-1.78405
-1.79127
-1.79844
-1.80519
-1.81125
-1.81642
-1.82059
-1.82374
-1.82588
-1.82704
-1.82723
-1.82645
-1.82466
-1.82184
-1.81789
-1.81276
-1.80633
-1.79855
-1.78973
-1.78082
-1.77363
-1.77046
-1.77289
-1.78068
-1.79177
-1.80349
-1.81374
-1.82146
-1.82641
-1.82879
-1.82902
-1.82753
-1.82477
-1.82125
-1.81745
-1.81389
-1.81106
-1.80928
-1.8087
-1.80919
-1.81037
-1.81168
-1.81248
-1.81222
-1.81059
-1.80759
-1.80354
-1.79907
-1.79497
-1.79218
-1.79163
-1.79405
-1.79967
-1.80795
-1.81766
-1.82721
-1.8352
-1.84076
-1.84366
-1.84422
-1.84312
-1.84117
-1.83906
-1.83715
-1.83553
-1.83402
-1.83232
-1.8301
-1.82708
-1.82306
-1.81801
-1.81203
-1.8054
-1.79849
-1.79172
-1.78546
-1.77997
-1.77547
-1.77208
-1.76994
-1.76917
-1.76992
-1.77229
-1.77625
-1.78163
-1.78813
-1.79528
-1.80262
-1.80962
-1.81585
-1.8209
-1.8245
-1.82652
-1.82699
-1.8261
-1.8241
-1.82125
-1.81781
-1.81402
-1.8102
-1.80676
-1.80414
-1.80272
-1.80266
-1.80386
-1.80599
-1.80865
-1.81145
-1.81416
-1.81663
-1.81883
-1.82073
-1.82235
-1.8236
-1.82436
-1.82448
-1.82379
-1.82219
-1.81962
-1.81615
-1.81193
-1.80719
-1.80224
-1.79745
-1.79316
-1.78973
-1.78743
-1.78641
-1.78668
-1.7881
-1.7904
-1.79321
-1.79621
-1.79914
-1.80187
-1.80434
-1.80653
-1.80841
-1.80988
-1.81087
-1.81132
-1.81116
-1.81039
-1.80899
-1.80682
-1.80368
-1.79928
-1.79343
-1.78621
-1.77808
-1.76996
-1.76297
-1.75818
-1.75618
-1.75697
-1.76004
-1.76462
-1.76991
-1.77532
-1.78041
-1.78493
-1.78872
-1.79161
-1.79349
-1.79425
-1.79383
-1.79226
-1.78975
-1.78672
-1.78378
-1.7817
-1.78113
-1.78236
-1.78517
-1.78896
-1.79308
-1.797
-1.80041
-1.80323
-1.8054
-1.80688
-1.80764
-1.8076
-1.80671
-1.80498
-1.80249
-1.79943
-1.79615
-1.79314
-1.79098
-1.79022
-1.79133
-1.79456
-1.79981
-1.80673
-1.81474
-1.82316
-1.83135
-1.83871
-1.84483
-1.84942
-1.85233
-1.85358
-1.85327
-1.85165
-1.849
-1.84571
-1.84215
-1.83872
-1.83578
-1.83359
-1.83231
-1.83196
-1.83244
-1.83355
-1.83503
-1.83656
-1.83784
-1.8386
-1.83861
-1.83776
-1.83596
-1.83322
-1.82959
-1.82523
-1.8204
-1.81552
-1.81118
-1.80796
-1.80635
-1.80652
-1.80829
-1.81119
-1.81458
-1.81784
-1.82064
-1.8229
-1.82482
-1.82679
-1.82921
-1.83242
-1.83663
-1.84181
-1.84775
-1.85407
-1.86023
-1.8657
-1.87003
-1.87289
-1.8742
-1.87406
-1.87274
-1.87063
-1.86813
-1.86562
-1.86341
-1.86173
-1.86061
-1.85997
-1.85961
-1.85932
-1.85898
-1.85857
-1.85826
-1.85825
-1.85878
-1.85996
-1.8617
-1.86367
-1.8652
-1.86556
-1.86389
-1.85947
-1.8519
-1.84114
-1.82766
-1.81246
-1.7969
-1.78259
-1.77106
-1.76348
-1.76036
-1.76153
-1.76617
-1.773
-1.78055
-1.78747
-1.79263
-1.79538
-1.79541
-1.79284
-1.78807
-1.7817
-1.77444
-1.76699
-1.76001
-1.75404
-1.74947
-1.74654
-1.74528
-1.74556
-1.74715
-1.74975
-1.75305
-1.75675
-1.76067
-1.76465
-1.76857
-1.77237
-1.77606
-1.77962
-1.78307
-1.78639
-1.78952
-1.79238
-1.79484
-1.79674
-1.79796
-1.79832
-1.79766
-1.79584
-1.7927
-1.78813
-1.78208
-1.77455
-1.76561
-1.75547
-1.74443
-1.733
-1.72191
-1.71087
-1.70297
-1.69793
-1.6961
-1.69737
-1.70124
-1.70702
-1.71398
-1.72146
-1.72892
-1.73595
-1.74223
-1.74757
-1.75179
-1.75482
-1.75659
-1.75706
-1.75625
-1.75423
-1.75112
-1.74713
-1.7425
-1.73752
-1.73252
-1.72786
-1.72386
-1.72084
-1.71898
-1.71837
-1.71888
-1.72026
-1.72215
-1.7242
-1.7261
-1.72769
-1.72893
-1.72989
-1.73072
-1.73158
-1.73261
-1.73387
-1.73533
-1.73693
-1.73852
-1.74
-1.74131
-1.74247
-1.74355
-1.74465
-1.74583
-1.7471
-1.74837
-1.74946
-1.75015
-1.75026
-1.74969
-1.74851
-1.74691
-1.74521
-1.74369
-1.74257
-1.7419
-1.74164
-1.74162
-1.74171
-1.74179
-1.74178
-1.74156
-1.74104
-1.74005
-1.73842
-1.73603
-1.73284
-1.72894
-1.72455
-1.72001
-1.71573
-1.71219
-1.70982
-1.70894
-1.7098
-1.71247
-1.71681
-1.7226
-1.72945
-1.73694
-1.7447
-1.75234
-1.75961
-1.76631
-1.77235
-1.77769
-1.78237
-1.78646
-1.79007
-1.7933
-1.7962
-1.79884
-1.8012
-1.80323
-1.80486
-1.80596
-1.8064
-1.80602
-1.80467
-1.80229
-1.79883
-1.79441
-1.78918
-1.78334
-1.77711
-1.77069
-1.76427
-1.75803
-1.75219
-1.74699
-1.74272
-1.73964
-1.73796
-1.73779
-1.73913
-1.74181
-1.74563
-1.7503
-1.75551
-1.76096
-1.76636
-1.77146
-1.77609
-1.78011
-1.78349
-1.78624
-1.78842
-1.79014
-1.79142
-1.79229
-1.79268
-1.79243
-1.79136
-1.78929
-1.78607
-1.78171
-1.77638
-1.77045
-1.76446
-1.75905
-1.75477
-1.75203
-1.75099
-1.75156
-1.75341
-1.75615
-1.75937
-1.76281
-1.76628
-1.76975
-1.77331
-1.77704
-1.78109
-1.78551
-1.79027
-1.79526
-1.8003
-1.8052
-1.80973
-1.81372
-1.81704
-1.81956
-1.82123
-1.82206
-1.82209
-1.82147
-1.82041
-1.81914
-1.81789
-1.81688
-1.81628
-1.81622
-1.81682
-1.81812
-1.82007
-1.82255
-1.82533
-1.82814
-1.83075
-1.83294
-1.83453
-1.83536
-1.83519
-1.83378
-1.83087
-1.8263
-1.82006
-1.81245
-1.80409
-1.79593
-1.78897
-1.78404
-1.78144
-1.78087
-1.78159
-1.78265
-1.78322
-1.78275
-1.78103
-1.77819
-1.77453
-1.77057
-1.7669
-1.7641
-1.7627
-1.76304
-1.76525
-1.76919
-1.77452
-1.78072
-1.78716
-1.79317
-1.79805
-1.80111
-1.80173
-1.79942
-1.79398
-1.78569
-1.77544
-1.76467
-1.75531
-1.74929
-1.74819
-1.75273
-1.76265
-1.77673
-1.79312
-1.80979
-1.82493
-1.83731
-1.84636
-1.85221
-1.85548
-1.85712
-1.85815
-1.85949
-1.8617
-1.86499
-1.86921
-1.87394
-1.87859
-1.88257
-1.88534
-1.88642
-1.88555
-1.88258
-1.87756
-1.87073
-1.86259
-1.85381
-1.84524
-1.83767
-1.83174
-1.82778
-1.82575
-1.82531
-1.82586
-1.82668
-1.82711
-1.82674
-1.82555
-1.82382
-1.82195
-1.82034
-1.81918
-1.81852
-1.81832
-1.81855
-1.8192
-1.8202
-1.82144
-1.82269
-1.82365
-1.82402
-1.82361
-1.82252
-1.8212
-1.82035
-1.82066
-1.8225
-1.8256
-1.82928
-1.83266
-1.83516
-1.83649
-1.83669
-1.83599
-1.83456
-1.83251
-1.82989
-1.82675
-1.82316
-1.81922
-1.81506
-1.81078
-1.80649
-1.80236
-1.79862
-1.79553
-1.7933
-1.79199
-1.79143
-1.79134
-1.79141
-1.79138
-1.79102
-1.79017
-1.78869
-1.78646
-1.78349
-1.77995
-1.77622
-1.77282
-1.7703
-1.76906
-1.76925
-1.77072
-1.77313
-1.77607
-1.77929
-1.78275
-1.78663
-1.79119
-1.79658
-1.80272
-1.80917
-1.8153
-1.8203
-1.82345
-1.82422
-1.82228
-1.81768
-1.81072
-1.80199
-1.79233
-1.78263
-1.77379
-1.76657
-1.76151
-1.75893
-1.75894
-1.76138
-1.76588
-1.77186
-1.77865
-1.78565
-1.7924
-1.79859
-1.80407
-1.80881
-1.81287
-1.81634
-1.81933
-1.82187
-1.8239
-1.82527
-1.82575
-1.82505
-1.82293
-1.81921
-1.81391
-1.80721
-1.79959
-1.79166
-1.7842
-1.77785
-1.77298
-1.76953
-1.76713
-1.76541
-1.76431
-1.76427
-1.76605
-1.77026
-1.77702
-1.78581
-1.79566
-1.80549
-1.8144
-1.82182
-1.82745
-1.83131
-1.83349
-1.83414
-1.83342
-1.83138
-1.82807
-1.82348
-1.81765
-1.8107
-1.80286
-1.79449
-1.78608
-1.77822
-1.77145
-1.76619
-1.76268
-1.76086
-1.7604
-1.76082
-1.76151
-1.762
-1.76197
-1.76151
-1.76103
-1.76114
-1.76235
-1.76475
-1.76801
-1.77153
-1.7748
-1.77755
-1.77971
-1.78139
-1.78264
-1.78345
-1.78379
-1.78357
-1.78277
-1.78142
-1.77958
-1.77734
-1.77478
-1.77191
-1.76867
-1.76493
-1.76057
-1.75546
-1.74957
-1.74294
-1.73587
-1.72885
-1.72259
-1.71786
-1.71528
-1.71513
-1.71725
-1.72108
-1.7259
-1.73093
-1.73559
-1.73945
-1.74236
-1.74434
-1.74557
-1.74632
-1.74685
-1.74736
-1.74801
-1.74887
-1.75005
-1.75175
-1.75418
-1.75758
-1.76203
-1.76739
-1.77326
-1.77911
-1.78441
-1.78874
-1.79191
-1.79386
-1.7947
-1.79462
-1.79389
-1.79282
-1.79171
-1.79087
-1.79052
-1.79084
-1.79182
-1.79337
-1.7953
-1.79739
-1.79944
-1.80127
-1.80279
-1.80398
-1.80486
-1.80548
-1.80596
-1.80642
-1.80698
-1.80773
-1.80873
-1.80995
-1.81131
-1.81272
-1.81405
-1.81519
-1.81603
-1.81655
-1.81669
-1.81645
-1.81583
-1.81476
-1.8132
-1.81111
-1.8085
-1.80551
-1.80247
-1.79987
-1.79827
-1.79822
-1.80001
-1.80368
-1.80888
-1.815
-1.82134
-1.82717
-1.83192
-1.83512
-1.83646
-1.83575
-1.83289
-1.82789
-1.8209
-1.81222
-1.80244
-1.79243
-1.78326
-1.77605
-1.77171
-1.77072
-1.77303
-1.77805
-1.78486
-1.79236
-1.7995
-1.8053
-1.80906
-1.81035
-1.8092
-1.80626
-1.80283
-1.80071
-1.80173
-1.80704
-1.81657
-1.82915
-1.84296
-1.8562
-1.86755
-1.87625
-1.88202
-1.88484
-1.88478
-1.88204
-1.87696
-1.8704
-1.86373
-1.85878
-1.85708
-1.85906
-1.86412
-1.87128
-1.87989
-1.88943
-1.89893
-1.90696
-1.91221
-1.91409
-1.91287
-1.90945
-1.90498
-1.90053
-1.89682
-1.89429
-1.89316
-1.89351
-1.89538
-1.8987
-1.90332
-1.90886
-1.9148
-1.92051
-1.92534
-1.92875
-1.9303
-1.92975
-1.92715
-1.92274
-1.91707
-1.91096
-1.90538
-1.90134
-1.89966
-1.90067
-1.90422
-1.90956
-1.9156
-1.92111
-1.92497
-1.9263
-1.92468
-1.92021
-1.91355
-1.90583
-1.89849
-1.8929
-1.89004
-1.89033
-1.89374
-1.89989
-1.90828
-1.91832
-1.92925
-1.94021
-1.9503
-1.95873
-1.96492
-1.96862
-1.96995
-1.96933
-1.96729
-1.96442
-1.96118
-1.95786
-1.95471
-1.95193
-1.94986
-1.94878
-1.94867
-1.94905
-1.94907
-1.9479
-1.94515
-1.94112
-1.93669
-1.93299
-1.93089
-1.93068
-1.9321
-1.9346
-1.93764
-1.94088
-1.9441
-1.94715
-1.94984
-1.95184
-1.95281
-1.95236
-1.95018
-1.9461
-1.94014
-1.9326
-1.924
-1.91504
-1.90652
-1.8992
-1.89375
-1.89062
-1.89001
-1.89194
-1.89625
-1.90271
-1.91096
-1.92042
-1.93037
-1.94011
-1.94909
-1.95693
-1.96339
-1.96836
-1.97175
-1.97348
-1.97355
-1.97195
-1.9688
-1.96427
-1.95867
-1.95244
-1.94613
-1.94037
-1.93575
-1.93267
-1.93114
-1.93081
-1.93101
-1.93097
-1.93006
-1.92796
-1.92468
-1.92039
-1.91528
-1.90952
-1.90327
-1.8969
-1.89106
-1.88673
-1.8848
-1.88572
-1.88921
-1.89431
-1.89977
-1.90444
-1.90761
-1.90906
-1.90895
-1.90761
-1.90532
-1.9023
-1.89868
-1.89464
-1.8905
-1.88666
-1.88351
-1.88119
-1.87961
-1.87826
-1.87642
-1.87331
-1.86821
-1.86085
-1.85147
-1.84094
-1.83072
-1.82245
-1.81753
-1.81658
-1.81924
-1.82437
-1.83048
-1.83623
-1.8407
-1.84346
-1.84438
-1.84359
-1.84141
-1.83829
-1.83479
-1.8315
-1.82887
-1.82716
-1.8263
-1.82611
-1.82624
-1.82649
-1.82678
-1.82725
-1.82804
-1.82931
-1.8311
-1.83332
-1.83572
-1.83801
-1.83989
-1.84109
-1.84141
-1.84078
-1.83922
-1.83683
-1.83384
-1.83053
-1.82728
-1.82448
-1.82255
-1.82181
-1.82253
-1.82485
-1.82874
-1.83402
-1.84038
-1.84741
-1.8547
-1.86183
-1.86844
-1.87427
-1.87911
-1.88282
-1.88528
-1.88641
-1.88618
-1.88456
-1.88164
-1.87758
-1.87264
-1.86719
-1.86172
-1.85676
-1.85284
-1.8503
-1.84917
-1.84911
-1.84952
-1.8497
-1.84901
-1.84706
-1.84372
-1.83904
-1.83314
-1.82616
-1.81826
-1.80984
-1.80176
-1.79535
-1.79195
-1.79238
-1.79646
-1.80311
-1.8107
-1.81758
-1.82247
-1.8247
-1.82416
-1.82135
-1.81715
-1.81272
-1.80925
-1.80777
-1.80893
-1.81288
-1.81927
-1.82742
-1.83651
-1.84576
-1.85459
-1.86258
-1.86947
-1.87513
-1.87954
-1.88268
-1.88459
-1.88529
-1.88482
-1.8832
-1.8804
-1.87638
-1.87105
-1.86436
-1.85634
-1.84715
-1.83726
-1.82742
-1.81866
-1.81213
-1.80876
-1.80882
-1.81184
-1.81669
-1.82196
-1.82627
-1.82852
-1.828
-1.82454
-1.81853
-1.81087
-1.80296
-1.79638
-1.7926
-1.79248
-1.79599
-1.80216
-1.80951
-1.81659
-1.82251
-1.82722
-1.83147
-1.83637
-1.84284
-1.851
-1.86009
-1.86887
-1.87608
-1.88091
-1.88306
-1.88261
-1.88003
-1.87592
-1.87103
-1.8661
-1.86178
-1.85856
-1.85661
-1.8558
-1.85568
-1.85557
-1.85476
-1.85271
-1.84927
-1.84474
-1.83989
-1.83568
-1.83287
-1.83184
-1.83242
-1.83417
-1.83651
-1.83901
-1.84134
-1.84326
-1.84462
-1.84527
-1.84514
-1.8442
-1.84247
-1.84008
-1.83719
-1.834
-1.83069
-1.82744
-1.82441
-1.82174
-1.81964
-1.81833
-1.81805
-1.81888
-1.82066
-1.82295
-1.82515
-1.82659
-1.82672
-1.82512
-1.82157
-1.81609
-1.80899
-1.80086
-1.79255
-1.785
-1.77888
-1.77444
-1.77144
-1.76935
-1.7677
-1.76627
-1.76522
-1.76489
-1.7657
-1.76795
-1.77171
-1.77687
-1.7831
-1.79
-1.79713
-1.804
-1.81023
-1.81545
-1.81942
-1.82212
-1.82372
-1.8246
-1.82524
-1.82603
-1.82719
-1.82859
-1.82993
-1.83081
-1.8309
-1.82997
-1.82798
-1.82506
-1.82151
-1.81777
-1.81431
-1.81157
-1.80984
-1.80913
-1.80926
-1.80986
-1.81053
-1.811
-1.81127
-1.81156
-1.81232
-1.81384
-1.81608
-1.81865
-1.82097
-1.82255
-1.82325
-1.8233
-1.82322
-1.82355
-1.82463
-1.82642
-1.82855
-1.83045
-1.83152
-1.83127
-1.82938
-1.82565
-1.82006
-1.81268
-1.80367
