-6.36346
-6.35902
-6.35129
-6.33996
-6.32371
-6.30168
-6.27409
-6.23853
-6.19793
-6.14991
-6.09477
-6.03058
-5.96181
-5.88663
-5.809
-5.7308
-5.65859
-5.59496
-5.54257
-5.50387
-5.47821
-5.46648
-5.46623
-5.47219
-5.48615
-5.50339
-5.52109
-5.53929
-5.55489
-5.56874
-5.5796
-5.58818
-5.5947
-5.59897
-5.60122
-5.60293
-5.60348
-5.60221
-5.60074
-5.5989
-5.59364
-5.58729
-5.57675
-5.56476
-5.55112
-5.53638
-5.52183
-5.50784
-5.495
-5.48581
-5.48062
-5.47785
-5.47842
-5.4825
-5.48917
-5.49789
-5.50758
-5.51725
-5.52638
-5.53422
-5.53931
-5.54284
-5.54497
-5.54491
-5.54282
-5.5402
-5.5369
-5.53392
-5.5317
-5.53047
-5.53102
-5.53312
-5.53784
-5.54402
-5.55084
-5.55827
-5.56553
-5.57078
-5.57637
-5.57956
-5.58283
-5.58513
-5.58756
-5.58919
-5.592
-5.59391
-5.59648
-5.59996
-5.60272
-5.6049
-5.60549
-5.6059
-5.60466
-5.60194
-5.59926
-5.59774
-5.59405
-5.59048
-5.58773
-5.58544
-5.58437
-5.58415
-5.5847
-5.58419
-5.58369
-5.58217
-5.58046
-5.57627
-5.57185
-5.56624
-5.56067
-5.55438
-5.54598
-5.53631
-5.52421
-5.51229
-5.49935
-5.48727
-5.47494
-5.4662
-5.45999
-5.45604
-5.45555
-5.45706
-5.46083
-5.46488
-5.46959
-5.47347
-5.4774
-5.48205
-5.48688
-5.49158
-5.497
-5.50298
-5.50954
-5.51725
-5.52469
-5.53209
-5.53816
-5.54317
-5.54807
-5.55247
-5.55627
-5.56075
-5.56437
-5.56724
-5.56839
-5.56925
-5.5681
-5.56628
-5.56421
-5.56023
-5.5557
-5.55379
-5.55204
-5.55353
-5.55762
-5.56524
-5.57655
-5.58931
-5.60337
-5.61878
-5.6329
-5.64381
-5.652
-5.65661
-5.65778
-5.65573
-5.65165
-5.64547
-5.63701
-5.62847
-5.62021
-5.61306
-5.60699
-5.60268
-5.6011
-5.60018
-5.59906
-5.59976
-5.60061
-5.60133
-5.60173
-5.60131
-5.60064
-5.59935
-5.59749
-5.5953
-5.59316
-5.59148
-5.58994
-5.59194
-5.59453
-5.59842
-5.60369
-5.60942
-5.61577
-5.62137
-5.62574
-5.62885
-5.63014
-5.63073
-5.63064
-5.63024
-5.62793
-5.62642
-5.62594
-5.62676
-5.62724
-5.62801
-5.62917
-5.62968
-5.63048
-5.63086
-5.62915
-5.62783
-5.62497
-5.62203
-5.61815
-5.61429
-5.6108
-5.60702
-5.60277
-5.59949
-5.59578
-5.59083
-5.58362
-5.57588
-5.56813
-5.56027
-5.55413
-5.5504
-5.54911
-5.54882
-5.55032
-5.55147
-5.55425
-5.55867
-5.56266
-5.56854
-5.57698
-5.58897
-5.60286
-5.61681
-5.63174
-5.64499
-5.65637
-5.66478
-5.66893
-5.67017
-5.66693
-5.66002
-5.65141
-5.64005
-5.62842
-5.61725
-5.60691
-5.59871
-5.59197
-5.58571
-5.58115
-5.57748
-5.57556
-5.57508
-5.57599
-5.57794
-5.58082
-5.58388
-5.58801
-5.59033
-5.5921
-5.5927
-5.59468
-5.59562
-5.59768
-5.60319
-5.61023
-5.6175
-5.62554
-5.63264
-5.63955
-5.64422
-5.64751
-5.64833
-5.64912
-5.64854
-5.64573
-5.63996
-5.63281
-5.62528
-5.61575
-5.60586
-5.59556
-5.58443
-5.57421
-5.56459
-5.55758
-5.55122
-5.54564
-5.54237
-5.54006
-5.53818
-5.5371
-5.53732
-5.53967
-5.54333
-5.54828
-5.55476
-5.56185
-5.56755
-5.57148
-5.57459
-5.57786
-5.58181
-5.58658
-5.59284
-5.60188
-5.60937
-5.61409
-5.61415
-5.61083
-5.60614
-5.59995
-5.59376
-5.59072
-5.58951
-5.59082
-5.5937
-5.59879
-5.60406
-5.60941
-5.61289
-5.61416
-5.61293
-5.60927
-5.60352
-5.59626
-5.58908
-5.58272
-5.57514
-5.57087
-5.56652
-5.5656
-5.56557
-5.56766
-5.57163
-5.57722
-5.58232
-5.58901
-5.59647
-5.60274
-5.60859
-5.61391
-5.61809
-5.62026
-5.62214
-5.6227
-5.62301
-5.62215
-5.6206
-5.61864
-5.61754
-5.6164
-5.61539
-5.61419
-5.61207
-5.61014
-5.60646
-5.60134
-5.59488
-5.5867
-5.57744
-5.56763
-5.55823
-5.5481
-5.53828
-5.52835
-5.51682
-5.50506
-5.4916
-5.4777
-5.4626
-5.44693
-5.43412
-5.42624
-5.42414
-5.4281
-5.43735
-5.45138
-5.46728
-5.48441
-5.50239
-5.51916
-5.53452
-5.54694
-5.55628
-5.5628
-5.56677
-5.56832
-5.5678
-5.56603
-5.56484
-5.56194
-5.56069
-5.5584
-5.55577
-5.55205
-5.54734
-5.54299
-5.53784
-5.53406
-5.52997
-5.52696
-5.52646
-5.52756
-5.52897
-5.53082
-5.53213
-5.53309
-5.5323
-5.53123
-5.53025
-5.52968
-5.5309
-5.53401
-5.53788
-5.54328
-5.54913
-5.55317
-5.55596
-5.55647
-5.5545
-5.55028
-5.54341
-5.53523
-5.5255
-5.51613
-5.50696
-5.49941
-5.49415
-5.49299
-5.4965
-5.5039
-5.51479
-5.52868
-5.54309
-5.55662
-5.56883
-5.57878
-5.58638
-5.59102
-5.59314
-5.59201
-5.58815
-5.58236
-5.57195
-5.55958
-5.54641
-5.53265
-5.52081
-5.51146
-5.50402
-5.5011
-5.50175
-5.50453
-5.50867
-5.51483
-5.52093
-5.52738
-5.53398
-5.53972
-5.54536
-5.55047
-5.55561
-5.55953
-5.56362
-5.56728
-5.56993
-5.57295
-5.574
-5.5743
-5.57362
-5.57324
-5.57125
-5.56843
-5.56473
-5.56098
-5.55594
-5.54979
-5.54332
-5.53628
-5.52934
-5.5243
-5.51988
-5.51799
-5.51693
-5.51805
-5.51972
-5.52275
-5.52632
-5.52916
-5.53076
-5.52982
-5.5268
-5.52237
-5.51627
-5.50996
-5.50369
-5.50032
-5.49959
-5.50321
-5.50861
-5.51687
-5.52691
-5.53876
-5.54999
-5.55967
-5.56773
-5.57493
-5.57979
-5.58055
-5.57912
-5.57484
-5.56719
-5.55689
-5.54425
-5.52813
-5.51071
-5.49303
-5.47459
-5.45805
-5.44395
-5.43357
-5.42702
-5.42643
-5.43006
-5.438
-5.44873
-5.46283
-5.47791
-5.49395
-5.51001
-5.52673
-5.54111
-5.55257
-5.56188
-5.5682
-5.57305
-5.57347
-5.57191
-5.56721
-5.56128
-5.55443
-5.54754
-5.54105
-5.53552
-5.53364
-5.53374
-5.53592
-5.54098
-5.54799
-5.55702
-5.56597
-5.57447
-5.58086
-5.58593
-5.58874
-5.59074
-5.59064
-5.58996
-5.58832
-5.58689
-5.58576
-5.58558
-5.58639
-5.58884
-5.59205
-5.59492
-5.59746
-5.5992
-5.59983
-5.59883
-5.5946
-5.58692
-5.5767
-5.56458
-5.5496
-5.5339
-5.51753
-5.50205
-5.48754
-5.47487
-5.46504
-5.45822
-5.45406
-5.4515
-5.4512
-5.45124
-5.45204
-5.45389
-5.45613
-5.45701
-5.45788
-5.46124
-5.4634
-5.46517
-5.46801
-5.47046
-5.47232
-5.47445
-5.47576
-5.47708
-5.47691
-5.4773
-5.47598
-5.4752
-5.47418
-5.4729
-5.47279
-5.47358
-5.47453
-5.47662
-5.48149
-5.48885
-5.49852
-5.50817
-5.51946
-5.53101
-5.54176
-5.55089
-5.55922
-5.56678
-5.57337
-5.57975
-5.5861
-5.5928
-5.5984
-5.60282
-5.60685
-5.60998
-5.61275
-5.61537
-5.61735
-5.61665
-5.61532
-5.61284
-5.60968
-5.60502
-5.59758
-5.58954
-5.5802
-5.57211
-5.56416
-5.5575
-5.55279
-5.55026
-5.54797
-5.54814
-5.54826
-5.55087
-5.55417
-5.55822
-5.5634
-5.56735
-5.57029
-5.57034
-5.57009
-5.56916
-5.56644
-5.5647
-5.56374
-5.56431
-5.56578
-5.5696
-5.57325
-5.57709
-5.57989
-5.58014
-5.57877
-5.57604
-5.57109
-5.5631
-5.55449
-5.54677
-5.54046
-5.53593
-5.53589
-5.53727
-5.54126
-5.54455
-5.54376
-5.53855
-5.52847
-5.51341
-5.49587
-5.47798
-5.46263
-5.45421
-5.44969
-5.44936
-5.45506
-5.46249
-5.47353
-5.48561
-5.49765
-5.50994
-5.51998
-5.52927
-5.53391
-5.53614
-5.53416
-5.52914
-5.5232
-5.51807
-5.51443
-5.51268
-5.51083
-5.50909
-5.50826
-5.50742
-5.50737
-5.5061
-5.50539
-5.50397
-5.50342
-5.50092
-5.49733
-5.49223
-5.48579
-5.47985
-5.47287
-5.46723
-5.46374
-5.46288
-5.46432
-5.46798
-5.47385
-5.48172
-5.48943
-5.49798
-5.50503
-5.51325
-5.52274
-5.5327
-5.54246
-5.55226
-5.56166
-5.57175
-5.58024
-5.58805
-5.59233
-5.59442
-5.59385
-5.59013
-5.58405
-5.57655
-5.56718
-5.55597
-5.54547
-5.53554
-5.52839
-5.52321
-5.52248
-5.52447
-5.52982
-5.53789
-5.54704
-5.55798
-5.56957
-5.57874
-5.5871
-5.59326
-5.59668
-5.59689
-5.595
-5.58976
-5.58301
-5.57441
-5.56494
-5.55626
-5.54926
-5.54518
-5.54364
-5.54464
-5.5478
-5.55069
-5.55182
-5.55182
-5.54727
-5.53994
-5.53015
-5.51776
-5.50629
-5.49677
-5.48878
-5.48414
-5.48112
-5.47944
-5.47759
-5.47794
-5.47894
-5.47959
-5.47941
-5.47701
-5.47306
-5.46548
-5.45784
-5.45163
-5.44736
-5.44603
-5.44746
-5.45114
-5.45764
-5.46394
-5.46808
-5.47039
-5.47082
-5.46901
-5.46554
-5.46403
-5.46372
-5.46528
-5.4705
-5.47942
-5.49081
-5.50569
-5.52132
-5.53994
-5.55949
-5.57778
-5.59585
-5.61278
-5.62524
-5.63547
-5.64125
-5.64292
-5.64036
-5.63394
-5.62571
-5.61361
-5.6018
-5.59026
-5.57894
-5.56915
-5.56219
-5.55754
-5.55271
-5.54909
-5.54488
-5.54044
-5.53594
-5.52989
-5.52248
-5.5156
-5.50945
-5.50416
-5.50003
-5.49746
-5.49784
-5.49965
-5.50294
-5.50742
-5.51255
-5.51846
-5.52556
-5.53358
-5.54187
-5.55036
-5.56141
-5.57309
-5.58544
-5.59551
-5.60459
-5.61112
-5.6146
-5.61439
-5.61199
-5.60704
-5.60086
-5.5919
-5.58416
-5.57604
-5.56793
-5.56061
-5.55459
-5.55039
-5.54813
-5.54635
-5.54503
-5.54437
-5.54329
-5.54097
-5.53781
-5.53268
-5.52903
-5.52674
-5.52803
-5.53351
-5.54166
-5.55255
-5.56268
-5.57127
-5.57731
-5.58082
-5.58313
-5.58371
-5.58273
-5.58184
-5.58027
-5.58095
-5.58224
-5.58385
-5.58499
-5.58634
-5.5866
-5.58583
-5.58296
-5.57815
-5.57016
-5.55904
-5.5454
-5.53066
-5.51325
-5.49518
-5.4796
-5.4678
-5.46009
-5.45801
-5.46253
-5.47062
-5.48123
-5.49368
-5.50557
-5.51603
-5.52491
-5.53203
-5.53789
-5.54261
-5.54764
-5.55453
-5.56071
-5.56712
-5.57332
-5.578
-5.58154
-5.58257
-5.5825
-5.58085
-5.57722
-5.57305
-5.56789
-5.5618
-5.55503
-5.54634
-5.53656
-5.52751
-5.51899
-5.5121
-5.50932
-5.50912
-5.51294
-5.52003
-5.52876
-5.53933
-5.55033
-5.55958
-5.56689
-5.57246
-5.5751
-5.57357
-5.57049
-5.56513
-5.55933
-5.55266
-5.54758
-5.54277
-5.53762
-5.53402
-5.52938
-5.52422
-5.51762
-5.5088
-5.49883
-5.48747
-5.47637
-5.46504
-5.45664
-5.45008
-5.44611
-5.44489
-5.4455
-5.44872
-5.45565
-5.46515
-5.47702
-5.49207
-5.51019
-5.52842
-5.54763
-5.5641
-5.5789
-5.59046
-5.60099
-5.60829
-5.61344
-5.61663
-5.6182
-5.61829
-5.61631
-5.61368
-5.6096
-5.60522
-5.60047
-5.5973
-5.59462
-5.5924
-5.5933
-5.59481
-5.59734
-5.59949
-5.60086
-5.6008
-5.59833
-5.59354
-5.58667
-5.57932
-5.57181
-5.56487
-5.55994
-5.55809
-5.55884
-5.56351
-5.57091
-5.5805
-5.5898
-5.59893
-5.60586
-5.60993
-5.61052
-5.60897
-5.60565
-5.601
-5.59601
-5.59209
-5.58905
-5.58713
-5.58539
-5.58255
-5.57992
-5.57536
-5.569
-5.56253
-5.55369
-5.54342
-5.53292
-5.52281
-5.51409
-5.50755
-5.50307
-5.50318
-5.50719
-5.51467
-5.52744
-5.54374
-5.56189
-5.5801
-5.59898
-5.61452
-5.62813
-5.63708
-5.64197
-5.64222
-5.6395
-5.63465
-5.62742
-5.61958
-5.61049
-5.60295
-5.59543
-5.58816
-5.58164
-5.57367
-5.56548
-5.55624
-5.54615
-5.5358
-5.52586
-5.51553
-5.50843
-5.50319
-5.50132
-5.50342
-5.51008
-5.52007
-5.53325
-5.54974
-5.56645
-5.58399
-5.59907
-5.61212
-5.6221
-5.62946
-5.63424
-5.63676
-5.63821
-5.63859
-5.63576
-5.6318
-5.62501
-5.61717
-5.60752
-5.59448
-5.58145
-5.5678
-5.55373
-5.5421
-5.53459
-5.52953
-5.5281
-5.52908
-5.5338
-5.54167
-5.55102
-5.56164
-5.57181
-5.58163
-5.58976
-5.5949
-5.59719
-5.59687
-5.59486
-5.59038
-5.58519
-5.57975
-5.57443
-5.5689
-5.56607
-5.56332
-5.56136
-5.56137
-5.56249
-5.56341
-5.56307
-5.56214
-5.55953
-5.55574
-5.55167
-5.54773
-5.54364
-5.54225
-5.53968
-5.53732
-5.53603
-5.53407
-5.53251
-5.53086
-5.52988
-5.52843
-5.52803
-5.52887
-5.53015
-5.53309
-5.5373
-5.5436
-5.55003
-5.55743
-5.56456
-5.5715
-5.5743
-5.57421
-5.5706
-5.56446
-5.55533
-5.54589
-5.5363
-5.52736
-5.5206
-5.51576
-5.51274
-5.51219
-5.51473
-5.51861
-5.52349
-5.52722
-5.53011
-5.53068
-5.53019
-5.52631
-5.52111
-5.51474
-5.50796
-5.50153
-5.4957
-5.49202
-5.49044
-5.49012
-5.49095
-5.4941
-5.49804
-5.50337
-5.50998
-5.51752
-5.52728
-5.53793
-5.54797
-5.55887
-5.56801
-5.57735
-5.58465
-5.58941
-5.59066
-5.59003
-5.58671
-5.58136
-5.57664
-5.57203
-5.56977
-5.56937
-5.5707
-5.5744
-5.58048
-5.58634
-5.59285
-5.59783
-5.60234
-5.60466
-5.60474
-5.60402
-5.6007
-5.59561
-5.59012
-5.58285
-5.57303
-5.56234
-5.55122
-5.5385
-5.5268
-5.5171
-5.50839
-5.50313
-5.50107
-5.50136
-5.50471
-5.50967
-5.51583
-5.5237
-5.53114
-5.53904
-5.54612
-5.55109
-5.55543
-5.55817
-5.55899
-5.55796
-5.55688
-5.55601
-5.55617
-5.55511
-5.55624
-5.55735
-5.55912
-5.56314
-5.56468
-5.56567
-5.56515
-5.56303
-5.55874
-5.55405
-5.54885
-5.54277
-5.53853
-5.53469
-5.53185
-5.52977
-5.53059
-5.53184
-5.53524
-5.54005
-5.54619
-5.55324
-5.56127
-5.56865
-5.57534
-5.58151
-5.58485
-5.58609
-5.58476
-5.58202
-5.57821
-5.57393
-5.57256
-5.57183
-5.57308
-5.57338
-5.574
-5.57122
-5.56698
-5.56021
-5.55117
-5.54084
-5.52985
-5.51898
-5.51014
-5.50229
-5.49704
-5.49304
-5.49066
-5.48775
-5.48521
-5.48386
-5.48252
-5.48259
-5.48267
-5.48544
-5.49018
-5.49545
-5.5008
-5.50639
-5.5108
-5.51517
-5.51873
-5.52294
-5.52775
-5.53452
-5.54199
-5.55061
-5.55923
-5.56778
-5.57672
-5.58567
-5.59314
-5.60051
-5.60753
-5.61451
-5.62165
-5.62744
-5.63078
-5.63395
-5.63396
-5.63293
-5.63189
-5.63169
-5.63234
-5.63409
-5.63768
-5.64254
-5.64755
-5.65181
-5.6553
-5.65845
-5.66045
-5.66071
-5.66015
-5.65934
-5.65764
-5.65641
-5.65311
-5.64839
-5.64161
-5.63324
-5.62198
-5.60773
-5.59215
-5.5772
-5.56606
-5.56085
-5.56279
-5.57044
-5.58498
-5.60146
-5.61852
-5.63323
-5.64594
-5.65391
-5.65691
-5.65539
-5.65036
-5.64197
-5.63207
-5.62038
-5.60863
-5.59796
-5.58712
-5.57847
-5.57052
-5.56347
-5.55822
-5.55598
-5.55537
-5.55778
-5.56192
-5.56736
-5.5744
-5.58405
-5.5931
-5.60003
-5.60718
-5.61273
-5.61543
-5.61659
-5.61491
-5.61174
-5.60693
-5.60028
-5.59394
-5.58699
-5.5812
-5.57717
-5.5747
-5.57437
-5.57524
-5.57805
-5.58141
-5.58448
-5.58712
-5.58861
-5.58921
-5.58865
-5.58728
-5.58481
-5.58145
-5.579
-5.57663
-5.57433
-5.57115
-5.56746
-5.56271
-5.55784
-5.55305
-5.54928
-5.54755
-5.55016
-5.55492
-5.56266
-5.57105
-5.5803
-5.58887
-5.59496
-5.59905
-5.60161
-5.60157
-5.59886
-5.59458
-5.5897
-5.58244
-5.57572
-5.56968
-5.5649
-5.56216
-5.55928
-5.55709
-5.55596
-5.55632
-5.55546
-5.55493
-5.55555
-5.55511
-5.55463
-5.55444
-5.55401
-5.55172
-5.55068
-5.54823
-5.54807
-5.54756
-5.54896
-5.55039
-5.5521
-5.55434
-5.55652
-5.55747
-5.55837
-5.55864
-5.55708
-5.55627
-5.55554
-5.55596
-5.55564
-5.55836
-5.56165
-5.56687
-5.57429
-5.58317
-5.59166
-5.59943
-5.60588
-5.61066
-5.61309
-5.61492
-5.6156
-5.61428
-5.61272
-5.60974
-5.60629
-5.60282
-5.59992
-5.59648
-5.59431
-5.59133
-5.58846
-5.58607
-5.58563
-5.58586
-5.58643
-5.586
-5.5867
-5.58698
-5.58618
-5.58567
-5.58491
-5.58423
-5.58218
-5.57974
-5.57755
-5.57401
-5.5704
-5.56542
-5.56002
-5.5538
-5.54732
-5.53877
-5.52902
-5.51954
-5.50846
-5.49878
-5.49006
-5.48317
-5.48006
-5.48058
-5.48419
-5.48939
-5.49685
-5.50536
-5.51303
-5.51919
-5.52431
-5.52761
-5.53061
-5.53288
-5.53598
-5.53845
-5.54183
-5.54551
-5.54832
-5.55301
-5.55673
-5.56059
-5.56466
-5.5673
-5.57052
-5.57349
-5.57678
-5.57954
-5.58252
-5.58622
-5.58947
-5.5912
-5.59228
-5.59289
-5.59204
-5.58997
-5.58475
-5.57888
-5.57255
-5.56561
-5.55933
-5.55331
-5.54813
-5.54486
-5.54215
-5.53974
-5.54048
-5.54166
-5.54433
-5.54753
-5.55217
-5.55609
-5.56152
-5.5665
-5.57139
-5.57487
-5.57925
-5.58412
-5.59081
-5.599
-5.60802
-5.61763
-5.62715
-5.63538
-5.64113
-5.64485
-5.64654
-5.64512
-5.64268
-5.6379
-5.63175
-5.62379
-5.6152
-5.60528
-5.59527
-5.58303
-5.57304
-5.56499
-5.55963
-5.55847
-5.56064
-5.56691
-5.5748
-5.58429
-5.59328
-5.60186
-5.60877
-5.61317
-5.61585
-5.6159
-5.61388
-5.60928
-5.60317
-5.59603
-5.58742
-5.57666
-5.56519
-5.55466
-5.54338
-5.53109
-5.51905
-5.50767
-5.49736
-5.48856
-5.48178
-5.47731
-5.47498
-5.47659
-5.48305
-5.49344
-5.50564
-5.5188
-5.53052
-5.5404
-5.54654
-5.54793
-5.54644
-5.54208
-5.5368
-5.5317
-5.52754
-5.52515
-5.52584
-5.52923
-5.5354
-5.543
-5.55237
-5.56121
-5.57019
-5.57784
-5.58498
-5.58997
-5.59261
-5.59413
-5.59451
-5.5935
-5.59207
-5.59039
-5.58865
-5.58729
-5.58539
-5.58447
-5.58411
-5.58562
-5.58784
-5.59112
-5.59452
-5.59734
-5.6
-5.60242
-5.6043
-5.60591
-5.60663
-5.60581
-5.60488
-5.60343
-5.59952
-5.59463
-5.58883
-5.58206
-5.57516
-5.56816
-5.56211
-5.55676
-5.55261
-5.54864
-5.54671
-5.5455
-5.54451
-5.54246
-5.54033
-5.53792
-5.53281
-5.52542
-5.51816
-5.51017
-5.50273
-5.49613
-5.49169
-5.48934
-5.49053
-5.49293
-5.49689
-5.50373
-5.51163
-5.51808
-5.5246
-5.5276
-5.52932
-5.52958
-5.52806
-5.52617
-5.52446
-5.523
-5.52245
-5.52045
-5.51847
-5.51535
-5.51071
-5.50462
-5.49647
-5.48912
-5.48064
-5.47337
-5.46685
-5.46046
-5.45566
-5.45151
-5.44819
-5.44577
-5.44535
-5.44618
-5.44905
-5.4535
-5.45949
-5.46663
-5.474
-5.48042
-5.48498
-5.48863
-5.4911
-5.49299
-5.49396
-5.49585
-5.499
-5.50464
-5.51255
-5.52122
-5.53087
-5.54041
-5.54845
-5.55448
-5.55892
-5.56125
-5.56185
-5.56084
-5.55824
-5.55474
-5.54955
-5.54548
-5.53833
-5.53072
-5.52282
-5.51492
-5.50597
-5.49871
-5.49207
-5.48715
-5.48529
-5.4858
-5.48862
-5.4918
-5.49604
-5.49963
-5.50265
-5.50512
-5.50771
-5.51189
-5.51562
-5.52077
-5.52615
-5.53216
-5.53759
-5.54243
-5.54559
-5.54679
-5.54596
-5.5437
-5.54147
-5.54038
-5.5409
-5.54277
-5.54697
-5.55146
-5.5541
-5.55594
-5.55658
-5.55722
-5.55575
-5.5547
-5.55496
-5.55602
-5.55787
-5.56098
-5.565
-5.56962
-5.57464
-5.57784
-5.58057
-5.58204
-5.58271
-5.58237
-5.58088
-5.57802
-5.57575
-5.57288
-5.57039
-5.56924
-5.56944
-5.57059
-5.57191
-5.57581
-5.58035
-5.58639
-5.59208
-5.59871
-5.60396
-5.60697
-5.60817
-5.60894
-5.60757
-5.60393
-5.59885
-5.59352
-5.58641
-5.57957
-5.5712
-5.56431
-5.55839
-5.55351
-5.55107
-5.55128
-5.55345
-5.55585
-5.55982
-5.56387
-5.56754
-5.57123
-5.57547
-5.5801
-5.58725
-5.59496
-5.60543
-5.61589
-5.6251
-5.63362
-5.63968
-5.64365
-5.64686
-5.64739
-5.64725
-5.64488
-5.64206
-5.63771
-5.63344
-5.62806
-5.623
-5.61769
-5.61568
-5.61613
-5.61861
-5.62182
-5.62575
-5.62911
-5.63052
-5.62805
-5.62289
-5.61498
-5.60533
-5.59671
-5.58619
-5.57867
-5.5722
-5.56916
-5.56708
-5.56801
-5.5708
-5.57449
-5.57949
-5.58646
-5.59329
-5.60266
-5.61168
-5.6217
-5.63246
-5.64119
-5.6496
-5.65451
-5.65721
-5.65781
-5.65583
-5.65105
-5.64474
-5.63644
-5.62578
-5.61425
-5.60236
-5.59092
-5.5812
-5.57261
-5.5655
-5.56268
-5.56248
-5.5655
-5.57048
-5.57659
-5.58288
-5.58901
-5.59344
-5.59605
-5.59881
-5.60008
-5.60034
-5.59949
-5.59827
-5.59594
-5.59274
-5.58803
-5.58313
-5.57614
-5.56873
-5.56071
-5.55253
-5.54495
-5.53977
-5.53661
-5.5365
-5.53823
-5.54251
-5.54906
-5.55629
-5.56526
-5.57506
-5.58484
-5.59363
-5.60154
-5.60725
-5.61259
-5.61661
-5.61822
-5.6183
-5.61618
-5.61328
-5.60985
-5.60558
-5.60283
-5.59966
-5.59762
-5.59615
-5.59487
-5.59359
-5.59398
-5.59334
-5.59276
-5.59151
-5.59007
-5.58849
-5.58686
-5.58514
-5.58351
-5.58362
-5.58527
-5.58718
-5.58993
-5.59221
-5.59486
-5.59605
-5.59572
-5.59215
-5.58686
-5.57958
-5.5718
-5.56473
-5.56034
-5.55958
-5.56201
-5.5667
-5.57064
-5.57342
-5.5748
-5.57324
-5.56934
-5.56302
-5.55328
-5.54119
-5.52436
-5.50714
-5.48809
-5.46975
-5.45398
-5.44082
-5.43073
-5.42292
-5.41747
-5.41259
-5.40939
-5.409
-5.40949
-5.41353
-5.41922
-5.42711
-5.43687
-5.44937
-5.4622
-5.47535
-5.48954
-5.50302
-5.51542
-5.52407
-5.53033
-5.53228
-5.53127
-5.52629
-5.51748
-5.50877
-5.49977
-5.49165
-5.4842
-5.47974
-5.47602
-5.47525
-5.47632
-5.47822
-5.48145
-5.48554
-5.48956
-5.49236
-5.49336
-5.49378
-5.49227
-5.48933
-5.4851
-5.48045
-5.47594
-5.47292
-5.46992
-5.46896
-5.46923
-5.4711
-5.47411
-5.47627
-5.47851
-5.48108
-5.48282
-5.4855
-5.48869
-5.49374
-5.50087
-5.5087
-5.51835
-5.52722
-5.53466
-5.54152
-5.5473
-5.55179
-5.55397
-5.55508
-5.55508
-5.55386
-5.5529
-5.55012
-5.54711
-5.54323
-5.53909
-5.53477
-5.53029
-5.5228
-5.51394
-5.50231
-5.48847
-5.47324
-5.45751
-5.44372
-5.4308
-5.41998
-5.41197
-5.4084
-5.40868
-5.41295
-5.42053
-5.43178
-5.44449
-5.45793
-5.47271
-5.48603
-5.49965
-5.5126
-5.52475
-5.53597
-5.54637
-5.55512
-5.56192
-5.56722
-5.57037
-5.57156
-5.57043
-5.56768
-5.56178
-5.55693
-5.55198
-5.54667
-5.54254
-5.53935
-5.53693
-5.53505
-5.53329
-5.53155
-5.52891
-5.52646
-5.52392
-5.52135
-5.51818
-5.51524
-5.5123
-5.50947
-5.50695
-5.50272
-5.49764
-5.49174
-5.48407
-5.47471
-5.46503
-5.45289
-5.43967
-5.42639
-5.41329
-5.40174
-5.39286
-5.38714
-5.38512
-5.38728
-5.39212
-5.39913
-5.40641
-5.41328
-5.41891
-5.42188
-5.42307
-5.4238
-5.42374
-5.42611
-5.42886
-5.43237
-5.43813
-5.44484
-5.45212
-5.46043
-5.47073
-5.48173
-5.49358
-5.50514
-5.51496
-5.52475
-5.53202
-5.53834
-5.54268
-5.54589
-5.5485
-5.55135
-5.55288
-5.5538
-5.55328
-5.55167
-5.55042
-5.54745
-5.54394
-5.53963
-5.53401
-5.52728
-5.51965
-5.51114
-5.50244
-5.49496
-5.48704
-5.47923
-5.47163
-5.46468
-5.458
-5.45166
-5.44512
-5.43944
-5.4341
-5.42977
-5.42669
-5.42491
-5.42412
-5.42569
-5.42935
-5.43456
-5.44172
-5.44988
-5.45799
-5.46623
-5.47257
-5.47745
-5.47966
-5.48053
-5.47951
-5.47673
-5.47304
-5.46883
-5.46639
-5.46635
-5.46734
-5.47119
-5.47566
-5.48272
-5.49009
-5.49767
-5.50518
-5.5122
-5.52094
-5.52944
-5.5383
-5.54623
-5.55355
-5.55877
-5.56195
-5.56296
-5.56156
-5.55533
-5.547
-5.53711
-5.52558
-5.51442
-5.50465
-5.49652
-5.48828
-5.48211
-5.4772
-5.47152
-5.46685
-5.46027
-5.45579
-5.45101
-5.44567
-5.44052
-5.43762
-5.43349
-5.43189
-5.43194
-5.43368
-5.43674
-5.43869
-5.4399
-5.43986
-5.44039
-5.44061
-5.44093
-5.44032
-5.43939
-5.43908
-5.43852
-5.43859
-5.44096
-5.44515
-5.45196
-5.46288
-5.47512
-5.48653
-5.49668
-5.50522
-5.51163
-5.51458
-5.51595
-5.51317
-5.50989
-5.50646
-5.50089
-5.49566
-5.4895
-5.48527
-5.48194
-5.47914
-5.47846
-5.47747
-5.47915
-5.48066
-5.48388
-5.48958
-5.49601
-5.50439
-5.51365
-5.52257
-5.53042
-5.53609
-5.54011
-5.54163
-5.53955
-5.53775
-5.53663
-5.53777
-5.54014
-5.54393
-5.54705
-5.54651
-5.54199
-5.53525
-5.52553
-5.51442
-5.50238
-5.48865
-5.47231
-5.45595
-5.44032
-5.42475
-5.4135
-5.40716
-5.40713
-5.41281
-5.42214
-5.43286
-5.44251
-5.45133
-5.45922
-5.46481
-5.46995
-5.4765
-5.48317
-5.48987
-5.49856
-5.50716
-5.51456
-5.5201
-5.52352
-5.52639
-5.5268
-5.52429
-5.52049
-5.51541
-5.50828
-5.50032
-5.49181
-5.48291
-5.47425
-5.46671
-5.45953
-5.45389
-5.44955
-5.44579
-5.44529
-5.44493
-5.44743
-5.45175
-5.45666
-5.46265
-5.46855
-5.47464
-5.47929
-5.4837
-5.48601
-5.48771
-5.48825
-5.48654
-5.48399
-5.47979
-5.47522
-5.4685
-5.46002
-5.45262
-5.4455
-5.44094
-5.43869
-5.43905
-5.44249
-5.44889
-5.45744
-5.46707
-5.4769
-5.48663
-5.49488
-5.50126
-5.50672
-5.50999
-5.5115
-5.51101
-5.50908
-5.50671
-5.5023
-5.4976
-5.49329
-5.48757
-5.48227
-5.47831
-5.47409
-5.47172
-5.47235
-5.47475
-5.48048
-5.48808
-5.49688
-5.50382
-5.51058
-5.5144
-5.51672
-5.51547
-5.51166
-5.50486
-5.49587
-5.48611
-5.47626
-5.46731
-5.45989
-5.45483
-5.45385
-5.45724
-5.46345
-5.47121
-5.48038
-5.49058
-5.50089
-5.50891
-5.51633
-5.52056
-5.52176
-5.5209
-5.51789
-5.51502
-5.51001
-5.50316
-5.49869
-5.49441
-5.48931
-5.48538
-5.48144
-5.47809
-5.47452
-5.47204
-5.46873
-5.46651
-5.46491
-5.46498
-5.46606
-5.46933
-5.47336
-5.47771
-5.48126
-5.484
-5.48551
-5.48592
-5.48513
-5.48512
-5.48537
-5.48692
-5.48989
-5.49568
-5.50356
-5.51327
-5.52492
-5.53836
-5.55276
-5.56687
-5.57938
-5.58987
-5.59918
-5.60608
-5.61144
-5.6137
-5.61374
-5.61065
-5.60376
-5.59477
-5.5833
-5.57066
-5.55831
-5.54633
-5.53545
-5.52711
-5.5189
-5.51173
-5.50592
-5.50046
-5.4964
-5.49459
-5.49248
-5.49211
-5.49214
-5.49196
-5.49104
-5.49062
-5.48985
-5.488
-5.48852
-5.48928
-5.49324
-5.49824
-5.50484
-5.51467
-5.52472
-5.53361
-5.54309
-5.55136
-5.55846
-5.56381
-5.5674
-5.56847
-5.56881
-5.56704
-5.56396
-5.5581
-5.55128
-5.54215
-5.53233
-5.52081
-5.50725
-5.4939
-5.48085
-5.46927
-5.46009
-5.45574
-5.45425
-5.45679
-5.4611
-5.4673
-5.47493
-5.48309
-5.48982
-5.49523
-5.5003
-5.5042
-5.50871
-5.51231
-5.51765
-5.52425
-5.53154
-5.5383
-5.54427
-5.55011
-5.55543
-5.55916
-5.56146
-5.56201
-5.55993
-5.55672
-5.55255
-5.54904
-5.54726
-5.54762
-5.54803
-5.54853
-5.54728
-5.54311
-5.53667
-5.5281
-5.52015
-5.51241
-5.50674
-5.50373
-5.50447
-5.50728
-5.5113
-5.51508
-5.51788
-5.52024
-5.52049
-5.51898
-5.5154
-5.51016
-5.50437
-5.49968
-5.49585
-5.49484
-5.4961
-5.49881
-5.50274
-5.50791
-5.5145
-5.52047
-5.5262
-5.53167
-5.53742
-5.54255
-5.54607
-5.54956
-5.55166
-5.55202
-5.55017
-5.54809
-5.54379
-5.53843
-5.53085
-5.52296
-5.51298
-5.50449
-5.49558
-5.48782
-5.48109
-5.47525
-5.47193
-5.46996
-5.46843
-5.46849
-5.46877
-5.47013
-5.47082
-5.47475
-5.48041
-5.49053
-5.50419
-5.5192
-5.53369
-5.54778
-5.5607
-5.57265
-5.58309
-5.59206
-5.59893
-5.60306
-5.60648
-5.60728
-5.60568
-5.60297
-5.60006
-5.59531
-5.58986
-5.5821
-5.57411
-5.56329
-5.55066
-5.53723
-5.52141
-5.50334
-5.48605
-5.46914
-5.45444
-5.44116
-5.4297
-5.42246
-5.41781
-5.41913
-5.42327
-5.42947
-5.43746
-5.44713
-5.45706
-5.46641
-5.47583
-5.48288
-5.48856
-5.4903
-5.48834
-5.48514
-5.47843
-5.47102
-5.46354
-5.45708
-5.45167
-5.44993
-5.45321
-5.46101
-5.47176
-5.48536
-5.50034
-5.51654
-5.53065
-5.54329
-5.55322
-5.55942
-5.5624
-5.5614
-5.55759
-5.55286
-5.54713
-5.54206
-5.53918
-5.53759
-5.53767
-5.53895
-5.53961
-5.5402
-5.54186
-5.5406
-5.53899
-5.53659
-5.53265
-5.52625
-5.52071
-5.5142
-5.50645
-5.50016
-5.49398
-5.48902
-5.48454
-5.48135
-5.47885
-5.47756
-5.47787
-5.47775
-5.47686
-5.47592
-5.47293
-5.46937
-5.46365
-5.45777
-5.45253
-5.44768
-5.44387
-5.44178
-5.44142
-5.44327
-5.4462
-5.4513
-5.45767
-5.46701
-5.47622
-5.4872
-5.49819
-5.51132
-5.52414
-5.53724
-5.54761
-5.55722
-5.56496
-5.5701
-5.5741
-5.57537
-5.57373
-5.57126
-5.56509
-5.55932
-5.55235
-5.54424
-5.53817
-5.5329
-5.52924
-5.52727
-5.527
-5.52619
-5.52326
-5.52046
-5.51713
-5.51236
-5.50632
-5.50032
-5.49266
-5.48546
-5.48001
-5.47632
-5.47375
-5.47477
-5.47546
-5.47705
-5.4787
-5.48015
-5.48242
-5.48461
-5.48616
-5.48722
-5.4878
-5.48856
-5.48925
-5.48983
-5.49017
-5.48959
-5.48831
-5.48799
-5.48724
-5.4872
-5.48927
-5.49457
-5.50066
-5.50933
-5.51906
-5.53043
-5.54148
-5.55307
-5.56371
-5.57337
-5.58017
-5.5833
-5.58276
-5.579
-5.57189
-5.56111
-5.54937
-5.53718
-5.52754
-5.52089
-5.51849
-5.51871
-5.52124
-5.52672
-5.5319
-5.53686
-5.54174
-5.54605
-5.54857
-5.55028
-5.54988
-5.54864
-5.54651
-5.54374
-5.54049
-5.53565
-5.53067
-5.52478
-5.51879
-5.5112
-5.50305
-5.49555
-5.48771
-5.48227
-5.47848
-5.47717
-5.47749
-5.48108
-5.48749
-5.49632
-5.50648
-5.51688
-5.52738
-5.53651
-5.54445
-5.55104
-5.55467
-5.55506
-5.55172
-5.54603
-5.53795
-5.52804
-5.51744
-5.50506
-5.4931
-5.48351
-5.47489
-5.46756
-5.46206
-5.45894
-5.45731
-5.45851
-5.46048
-5.46356
-5.46679
-5.47059
-5.47433
-5.47723
-5.47987
-5.48144
-5.48192
-5.48153
-5.48051
-5.47976
-5.48071
-5.48218
-5.48501
-5.49151
-5.49843
-5.50675
-5.5162
-5.52519
-5.53378
-5.54124
-5.54766
-5.55169
-5.55498
-5.55723
-5.55869
-5.55924
-5.5585
-5.55925
-5.55835
-5.55815
-5.55618
-5.55381
-5.55069
-5.54627
-5.54169
-5.53661
-5.53066
-5.52437
-5.51727
-5.51033
-5.50312
-5.49746
-5.49168
-5.48823
-5.48656
-5.487
-5.48968
-5.4945
-5.5018
-5.50837
-5.51548
-5.52311
-5.5297
-5.53577
-5.54022
-5.54405
-5.54667
-5.54809
-5.54697
-5.54389
-5.5393
-5.53199
-5.52421
-5.51642
-5.50867
-5.50336
-5.50145
-5.50279
-5.50644
-5.51209
-5.51914
-5.52606
-5.53117
-5.53284
-5.53146
-5.5269
-5.51835
-5.50731
-5.49651
-5.48797
-5.48216
-5.48084
-5.48456
-5.49249
-5.50322
-5.51389
-5.52158
-5.52659
-5.52936
-5.53039
-5.53012
-5.52998
-5.53279
-5.53775
-5.54339
-5.54919
-5.5532
-5.55387
-5.54976
-5.54436
-5.53968
-5.53618
-5.53728
-5.54116
-5.54856
-5.55711
-5.56368
-5.56794
-5.57022
-5.56958
-5.56663
-5.56145
-5.55417
-5.54633
-5.53741
-5.52878
-5.52121
-5.5173
-5.51387
-5.51277
-5.51362
-5.51588
-5.51864
-5.52342
-5.52864
-5.53387
-5.54015
-5.54724
-5.55376
-5.5602
-5.56669
-5.57461
-5.58245
-5.59387
-5.6044
-5.61368
-5.62199
-5.62918
-5.6342
-5.6363
-5.63646
-5.63459
-5.63168
-5.62868
-5.62552
-5.62356
-5.62211
-5.62216
-5.62276
-5.62476
-5.62537
-5.62535
-5.6258
-5.62546
-5.62442
-5.62306
-5.62027
-5.61506
-5.60869
-5.60093
-5.59353
-5.58604
-5.57981
-5.57661
-5.57699
-5.58156
-5.58972
-5.60104
-5.61318
-5.6261
-5.63774
-5.64713
-5.65334
-5.65591
-5.65556
-5.65302
-5.648
-5.64355
-5.63892
-5.63612
-5.63354
-5.63354
-5.63538
-5.63793
-5.64062
-5.64334
-5.64517
-5.6445
-5.6434
-5.64031
-5.63694
-5.63369
-5.63081
-5.62827
-5.62687
-5.62702
-5.62709
-5.62843
-5.62944
-5.62973
-5.62786
-5.62523
-5.62161
-5.61783
-5.61427
-5.61113
-5.60869
-5.60746
-5.60704
-5.60876
-5.61161
-5.6164
-5.62413
-5.63275
-5.64351
-5.65421
-5.66551
-5.67467
-5.68094
-5.68272
-5.68027
-5.6738
-5.66307
-5.651
-5.63712
-5.62452
-5.61309
-5.60468
-5.5978
-5.59503
-5.5944
-5.59677
-5.60151
-5.60603
-5.61151
-5.61738
-5.62165
-5.62455
-5.62748
-5.63062
-5.63413
-5.63867
-5.64257
-5.64729
-5.65219
-5.65661
-5.65994
-5.66215
-5.66355
-5.66412
-5.66385
-5.66355
-5.66324
-5.6639
-5.66335
-5.66441
-5.66644
-5.66753
-5.66849
-5.6688
-5.66788
-5.66794
-5.66551
-5.6622
-5.66039
-5.6569
-5.65412
-5.65088
-5.64797
-5.64487
-5.64125
-5.63726
-5.63348
-5.62956
-5.62606
-5.62342
-5.62165
-5.62046
-5.62
-5.6199
-5.62064
-5.62205
-5.62266
-5.62279
-5.62416
-5.62435
-5.62495
-5.62605
-5.62502
-5.62354
-5.62165
-5.62058
-5.61916
-5.61932
-5.61973
-5.62196
-5.62582
-5.63089
-5.63611
-5.64122
-5.64396
-5.6455
-5.64773
-5.64987
-5.65162
-5.65358
-5.65671
-5.66253
-5.66816
-5.67471
-5.6814
-5.6878
-5.69124
-5.69304
-5.69261
-5.68933
-5.6841
-5.67762
-5.67072
-5.66258
-5.65511
-5.6475
-5.64228
-5.63767
-5.63416
-5.63112
-5.6294
-5.62927
-5.63019
-5.6344
-5.63999
-5.64571
-5.6523
-5.65914
-5.66417
-5.66896
-5.67203
-5.67338
-5.67433
-5.67217
-5.66909
-5.66467
-5.65906
-5.65269
-5.64715
-5.64228
-5.63772
-5.63389
-5.63265
-5.63297
-5.63479
-5.63778
-5.64122
-5.64482
-5.64947
-5.65279
-5.65439
-5.65572
-5.65565
-5.6545
-5.65264
-5.6502
-5.64728
-5.64222
-5.63688
-5.6318
-5.62274
-5.6114
-5.59803
-5.58332
-5.57012
-5.56112
-5.55641
-5.55729
-5.56294
-5.57143
-5.58165
-5.59203
-5.60111
-5.60965
-5.6139
-5.61585
-5.61477
-5.61218
-5.60814
-5.60186
-5.59523
-5.58816
-5.58375
-5.57983
-5.57863
-5.57892
-5.5795
-5.58185
-5.58409
-5.58751
-5.59126
-5.59591
-5.60172
-5.60871
-5.61586
-5.62343
-5.63195
-5.63997
-5.64789
-5.65527
-5.66217
-5.6681
-5.67205
-5.67248
-5.67124
-5.66808
-5.66152
-5.65404
-5.64555
-5.63727
-5.62986
-5.62437
-5.62117
-5.61801
-5.61796
-5.61805
-5.61775
-5.61855
-5.61882
-5.61875
-5.61755
-5.61738
-5.61733
-5.61675
-5.61518
-5.61297
-5.60829
-5.60207
-5.59484
-5.58848
-5.58205
-5.57756
-5.57554
-5.57514
-5.57665
-5.58113
-5.58616
-5.59202
-5.59759
-5.6027
-5.60844
-5.61298
-5.61791
-5.62216
-5.62796
-5.63443
-5.63978
-5.64696
-5.65504
-5.66308
-5.67132
-5.67863
-5.68545
-5.69171
-5.6973
-5.70104
-5.70214
-5.70103
-5.698
-5.69203
-5.68535
-5.67678
-5.667
-5.65686
-5.64573
-5.63583
-5.62624
-5.61716
-5.60978
-5.60315
-5.59886
-5.59583
-5.59363
-5.59217
-5.59009
-5.58872
-5.58861
-5.58725
-5.58878
-5.59155
-5.59426
-5.5988
-5.60451
-5.60968
-5.61616
-5.62093
-5.62482
-5.62845
-5.63147
-5.63283
-5.63408
-5.63501
-5.63593
-5.63692
-5.6389
-5.63986
-5.63985
-5.63953
-5.63802
-5.63482
-5.62975
-5.62451
-5.6181
-5.61168
-5.60625
-5.6023
-5.60028
-5.59886
-5.5976
-5.59665
-5.59627
-5.59608
-5.59593
-5.59731
-5.6005
-5.60473
-5.60973
-5.6151
-5.61982
-5.6237
-5.62675
-5.62935
-5.63173
-5.63353
-5.63584
-5.63917
-5.64398
-5.64927
-5.65428
-5.65948
-5.66358
-5.66743
-5.66933
-5.67101
-5.67171
-5.66913
-5.66559
-5.6607
-5.65363
-5.64607
-5.63847
-5.63005
-5.62288
-5.61567
-5.60889
-5.60335
-5.59773
-5.59262
-5.58925
-5.58711
-5.58647
-5.58584
-5.58692
-5.59011
-5.5948
-5.60091
-5.60724
-5.61343
-5.61958
-5.62583
-5.6316
-5.63642
-5.63899
-5.64258
-5.64465
-5.64604
-5.64549
-5.64512
-5.64433
-5.64347
-5.64184
-5.64024
-5.64082
-5.64053
-5.64108
-5.64181
-5.64383
-5.64608
-5.64747
-5.64907
-5.65075
-5.65259
-5.65303
-5.65403
-5.65426
-5.65489
-5.6542
-5.65518
-5.65519
-5.655
-5.65621
-5.65543
-5.6549
-5.6541
-5.65128
-5.64734
-5.64087
-5.63359
-5.62538
-5.61564
-5.6058
-5.59605
-5.58974
-5.58479
-5.58321
-5.5857
-5.58933
-5.59501
-5.60254
-5.60993
-5.61754
-5.62567
-5.63298
-5.63852
-5.64214
-5.64438
-5.64437
-5.64306
-5.63957
-5.63603
-5.63053
-5.62506
-5.61827
-5.61211
-5.60684
-5.60141
-5.59657
-5.59331
-5.59123
-5.5908
-5.59056
-5.59045
-5.59085
-5.59044
-5.5884
-5.585
-5.58112
-5.57652
-5.57166
-5.56689
-5.56272
-5.55739
-5.55432
-5.552
-5.55178
-5.55305
-5.55584
-5.56061
-5.56707
-5.57453
-5.58206
-5.58987
-5.59755
-5.60423
-5.61017
-5.61583
-5.62072
-5.62441
-5.62731
-5.6299
-5.63168
-5.63339
-5.63577
-5.63846
-5.64129
-5.64509
-5.65026
-5.65515
-5.66065
-5.66606
-5.671
-5.67557
-5.67985
-5.68327
-5.6859
-5.68725
-5.68823
-5.68894
-5.68754
-5.6859
-5.68299
-5.67884
-5.67394
-5.66751
-5.65888
-5.65057
-5.64029
-5.63069
-5.62123
-5.61292
-5.60594
-5.60212
-5.60126
-5.60214
-5.6045
-5.60792
-5.61107
-5.6127
-5.61274
-5.61216
-5.6103
-5.60729
-5.60321
-5.60095
-5.59725
-5.59488
-5.59428
-5.59512
-5.59742
-5.60082
-5.60602
-5.61127
-5.6175
-5.62236
-5.62875
-5.63534
-5.64193
-5.64734
-5.65335
-5.65971
-5.66349
-5.66522
-5.66553
-5.66342
-5.65851
-5.65201
-5.64565
-5.6383
-5.63131
-5.62442
-5.61756
-5.61249
-5.60918
-5.60633
-5.6061
-5.60671
-5.6082
-5.61133
-5.61597
-5.62065
-5.6274
-5.63487
-5.64454
-5.65565
-5.66679
-5.67846
-5.68954
-5.69968
-5.70764
-5.71428
-5.71725
-5.71959
-5.7187
-5.71626
-5.71183
-5.70485
-5.69672
-5.68846
-5.67902
-5.67039
-5.66129
-5.65213
-5.64377
-5.63611
-5.62797
-5.62074
-5.61433
-5.61002
-5.6067
-5.60452
-5.60423
-5.60598
-5.60916
-5.61353
-5.61894
-5.62381
-5.62999
-5.63457
-5.639
-5.64177
-5.64203
-5.64167
-5.63896
-5.63437
-5.62812
-5.62138
-5.61379
-5.60738
-5.6011
-5.59625
-5.59265
-5.58984
-5.58927
-5.58929
-5.59042
-5.59157
-5.59245
-5.59282
-5.59339
-5.5953
-5.59789
-5.6009
-5.60412
-5.60781
-5.6107
-5.61177
-5.61294
-5.61154
-5.609
-5.6076
-5.60465
-5.60222
-5.59902
-5.59756
-5.5954
-5.59461
-5.59623
-5.60005
-5.60527
-5.61089
-5.61846
-5.62645
-5.63392
-5.64105
-5.64638
-5.64873
-5.64894
-5.64786
-5.64331
-5.63781
-5.63055
-5.62246
-5.61384
-5.60467
-5.59695
-5.59013
-5.58494
-5.58195
-5.58068
-5.5813
-5.5839
-5.58596
-5.58911
-5.5926
-5.59562
-5.59807
-5.59911
-5.59928
-5.60069
-5.60245
-5.60549
-5.60867
-5.61249
-5.6161
-5.61968
-5.62282
-5.62554
-5.62561
-5.62531
-5.62378
-5.62175
-5.61947
-5.61843
-5.61647
-5.61545
-5.61698
-5.61829
-5.62098
-5.62427
-5.63046
-5.63565
-5.64137
-5.64588
-5.65234
-5.65844
-5.66276
-5.66734
-5.66987
-5.67137
-5.67166
-5.67193
-5.67064
-5.6694
-5.66745
-5.66571
-5.66423
-5.66219
-5.6599
-5.65618
-5.65118
-5.64397
-5.6367
-5.63069
-5.62678
-5.62642
-5.62667
-5.6276
-5.62875
-5.62782
-5.62486
-5.61983
-5.61322
-5.60577
-5.59655
-5.58841
-5.58206
-5.5766
-5.57307
-5.57301
-5.57473
-5.57969
-5.58568
-5.59438
-5.6037
-5.61429
-5.62428
-5.63294
-5.63974
-5.64512
-5.64825
-5.6493
-5.64703
-5.64374
-5.63868
-5.63415
-5.62905
-5.625
-5.62146
-5.6196
-5.61791
-5.61785
-5.61741
-5.61802
-5.61997
-5.62232
-5.62494
-5.62767
-5.63195
-5.63706
-5.64312
-5.64869
-5.65368
-5.65779
-5.66182
-5.66706
-5.67015
-5.67282
-5.67542
-5.67645
-5.67661
-5.67626
-5.67523
-5.67225
-5.66866
-5.66485
-5.66099
-5.65768
-5.6556
-5.65432
-5.65328
-5.65558
-5.658
-5.66018
-5.6631
-5.66613
-5.67003
-5.67377
-5.67741
-5.681
-5.68384
-5.6866
-5.68846
-5.68964
-5.69089
-5.69108
-5.68968
-5.68838
-5.68634
-5.68332
-5.67873
-5.67241
-5.66435
-5.65631
-5.64862
-5.642
-5.63661
-5.63387
-5.63429
-5.6366
-5.63945
-5.64367
-5.64827
-5.65235
-5.6569
-5.66201
-5.66611
-5.66984
-5.6739
-5.67824
-5.68259
-5.6867
-5.6904
-5.694
-5.69599
-5.69865
-5.70089
-5.70342
-5.70524
-5.70642
-5.70652
-5.70666
-5.70552
-5.7036
-5.70192
-5.69806
-5.69403
-5.68889
-5.68285
-5.67635
-5.66992
-5.66401
-5.65895
-5.65562
-5.6533
-5.65374
-5.65585
-5.65949
-5.66348
-5.66752
-5.67171
-5.67425
-5.67566
-5.6772
-5.67732
-5.67689
-5.67671
-5.67389
-5.67138
-5.66852
-5.66397
-5.65994
-5.65573
-5.6519
-5.64783
-5.64465
-5.64176
-5.64047
-5.63865
-5.63909
-5.63881
-5.63868
-5.6391
-5.63804
-5.63752
-5.63708
-5.63527
-5.63286
-5.63072
-5.6275
-5.62473
-5.62253
-5.61922
-5.61653
-5.6128
-5.60844
-5.60466
-5.60087
-5.59697
-5.59454
-5.59432
-5.59571
-5.59829
-5.60445
-5.61083
-5.61813
-5.62546
-5.6315
-5.63608
-5.63834
-5.63944
-5.63819
-5.6347
-5.62978
-5.62375
-5.61797
-5.61156
-5.60552
-5.60099
-5.59691
-5.59391
-5.59203
-5.59143
-5.59282
-5.59452
-5.59574
-5.59488
-5.59369
-5.59267
-5.59033
-5.58764
-5.58673
-5.58725
-5.58944
-5.59295
-5.59914
-5.60567
-5.6132
-5.62096
-5.62686
-5.63223
-5.63658
-5.63909
-5.64009
-5.63955
-5.63801
-5.63596
-5.63404
-5.63185
-5.63023
-5.62837
-5.62825
-5.62882
-5.63297
-5.63936
-5.64762
-5.65828
-5.67054
-5.68382
-5.69682
-5.70882
-5.71994
-5.72849
-5.73438
-5.73875
-5.73936
-5.73787
-5.73382
-5.72848
-5.7215
-5.71293
-5.70331
-5.69366
-5.68377
-5.67373
-5.66548
-5.65754
-5.65007
-5.64206
-5.63481
-5.62932
-5.6269
-5.62609
-5.6276
-5.62879
-5.63079
-5.63045
-5.6287
-5.62415
-5.617
-5.60746
-5.59687
-5.58675
-5.57768
-5.56896
-5.56226
-5.55809
-5.55277
-5.5468
-5.54142
-5.53303
-5.52554
-5.51782
-5.51061
-5.5048
-5.50241
-5.50272
-5.50637
-5.51181
-5.51842
-5.52644
-5.53479
-5.54237
-5.54961
-5.55583
-5.56035
-5.56399
-5.56574
-5.56586
-5.56592
-5.56656
-5.56942
-5.57528
-5.58276
-5.59178
-5.59918
-5.60305
-5.6043
-5.60159
-5.59614
-5.58855
-5.5792
-5.56751
-5.55498
-5.5414
-5.52692
-5.51301
-5.50024
-5.48973
-5.48204
-5.47673
-5.47525
-5.47772
-5.48073
-5.48669
-5.49345
-5.50073
-5.5094
-5.51911
-5.52961
-5.54183
-5.55392
-5.56543
-5.57679
-5.58618
-5.59227
-5.59501
-5.59501
-5.5891
-5.57852
-5.56594
-5.54892
-5.52863
-5.50874
-5.48907
-5.47148
-5.45763
-5.4483
-5.44386
-5.44456
-5.44766
-5.45338
-5.46073
-5.46978
-5.47836
-5.48892
-5.50061
-5.51285
-5.52607
-5.5379
-5.54974
-5.5594
-5.56736
-5.5746
-5.58059
-5.58573
-5.58983
-5.59292
-5.59408
-5.59335
-5.59131
-5.58725
-5.58193
-5.57632
-5.56857
-5.56018
-5.55164
-5.54226
-5.53182
-5.52313
-5.51417
-5.50526
-5.49906
-5.49516
-5.49332
-5.49386
-5.49525
-5.49906
-5.5032
-5.50869
-5.51357
-5.51945
-5.52513
-5.53006
-5.5358
-5.54039
-5.54505
-5.54833
-5.54935
-5.54943
-5.54787
-5.5456
-5.5419
-5.53928
-5.53846
-5.53798
-5.53745
-5.53583
-5.5341
-5.53017
-5.52433
-5.51967
-5.51377
-5.50875
-5.50421
-5.50001
-5.49664
-5.49299
-5.48865
-5.4854
-5.48276
-5.48271
-5.4853
-5.49188
-5.50141
-5.51367
-5.52573
-5.53953
-5.55209
-5.56273
-5.57208
-5.57837
-5.58276
-5.58517
-5.5847
-5.58335
-5.57953
-5.57576
-5.56991
-5.56368
-5.55647
-5.54788
-5.53944
-5.53131
-5.52344
-5.51587
-5.50918
-5.50228
-5.49588
-5.48861
-5.4828
-5.47849
-5.47523
-5.47203
-5.47118
-5.47121
-5.47252
-5.47601
-5.4804
-5.48603
-5.49455
-5.50487
-5.51662
-5.52817
-5.53925
-5.54837
-5.5546
-5.55933
-5.5614
-5.55958
-5.55448
-5.54511
-5.53328
-5.52052
-5.50688
-5.49432
-5.48426
-5.48054
-5.48097
-5.48623
-5.49561
-5.50706
-5.5198
-5.53281
-5.54632
-5.55935
-5.57202
-5.58245
-5.58864
-5.59327
-5.59514
-5.59357
-5.5892
-5.58354
-5.57542
-5.56599
-5.55654
-5.54563
-5.53518
-5.52455
-5.51531
-5.50537
-5.49606
-5.48722
-5.47849
-5.46946
-5.46319
-5.45662
-5.45376
-5.45344
-5.45727
-5.46417
-5.47297
-5.4839
-5.49328
-5.50086
-5.50537
-5.50597
-5.50378
-5.4985
-5.49132
-5.48182
-5.47142
-5.46063
-5.45105
-5.4428
-5.43589
-5.43158
-5.42891
-5.42827
-5.42962
-5.43383
-5.44069
-5.44819
-5.45739
-5.46782
-5.47924
-5.49292
-5.50502
-5.51717
-5.52932
-5.53931
-5.54692
-5.55197
-5.55374
-5.55344
-5.55148
-5.54774
-5.54295
-5.53839
-5.53399
-5.53109
-5.53023
-5.53018
-5.52946
-5.52942
-5.52805
-5.52643
-5.52383
-5.52009
-5.51631
-5.51311
-5.51044
-5.51038
-5.51174
-5.51502
-5.52035
-5.52618
-5.53102
-5.53555
-5.53858
-5.53892
-5.53742
-5.5354
-5.53239
-5.5288
-5.52688
-5.52396
-5.52263
-5.52213
-5.52282
-5.52541
-5.5271
-5.5287
-5.52985
-5.53152
-5.53337
-5.5357
-5.5388
-5.54189
-5.54828
-5.55502
-5.56332
-5.57356
-5.58342
-5.59388
-5.60285
-5.61109
-5.61689
-5.61955
-5.61868
-5.61579
-5.61135
-5.60698
-5.60137
-5.59582
-5.5918
-5.58719
-5.58209
-5.57537
-5.56855
-5.55977
-5.55081
-5.54113
-5.53127
-5.52333
-5.51718
-5.51296
-5.51136
-5.51301
-5.5173
-5.52489
-5.53455
-5.54755
-5.56232
-5.57891
-5.59543
-5.61189
-5.62709
-5.63855
-5.64682
-5.6487
-5.64644
-5.6383
-5.62455
-5.60718
-5.58484
-5.5613
-5.53977
-5.52027
-5.50501
-5.49539
-5.49227
-5.49387
-5.49956
-5.50978
-5.52152
-5.53398
-5.54557
-5.55587
-5.56264
-5.5682
-5.5708
-5.57269
-5.57297
-5.57415
-5.57425
-5.57436
-5.57362
-5.57126
-5.56755
-5.56326
-5.56005
-5.55593
-5.55214
-5.54967
-5.54868
-5.54999
-5.55225
-5.55734
-5.56369
-5.57013
-5.57804
-5.58495
-5.59072
-5.59428
-5.59557
-5.59441
-5.59127
-5.58609
-5.58198
-5.5778
-5.5744
-5.5724
-5.57038
-5.56914
-5.56746
-5.56668
-5.56491
-5.56321
-5.56147
-5.56017
-5.56035
-5.56026
-5.56015
-5.5599
-5.5587
-5.55708
-5.55184
-5.54587
-5.53867
-5.53206
-5.52638
-5.52155
-5.51972
-5.51983
-5.52329
-5.52868
-5.53665
-5.54743
-5.55813
-5.5707
-5.58271
-5.59495
-5.60738
-5.61833
-5.62811
-5.63626
-5.64205
-5.64406
-5.64316
-5.63914
-5.63226
-5.62285
-5.61185
-5.60131
-5.59136
-5.58288
-5.57759
-5.57306
-5.57077
-5.57174
-5.57307
-5.57551
-5.57877
-5.58153
-5.58337
-5.58406
-5.58363
-5.58244
-5.58025
-5.57905
-5.57648
-5.57479
-5.57392
-5.57435
-5.57853
-5.58593
-5.5965
-5.60847
-5.62103
-5.63107
-5.6391
-5.64366
-5.6464
-5.64654
-5.64447
-5.64044
-5.6339
-5.62532
-5.61612
-5.60621
-5.59674
-5.58702
-5.57797
-5.57101
-5.56667
-5.56427
-5.5617
-5.56099
-5.55955
-5.55773
-5.55421
-5.54963
-5.5435
-5.53558
-5.52682
-5.51751
-5.50688
-5.49596
-5.48615
-5.47693
-5.4702
-5.46394
-5.45917
-5.45785
-5.45919
-5.46232
-5.46848
-5.47504
-5.48152
-5.48788
-5.49379
-5.49879
-5.50235
-5.50557
-5.50692
-5.5083
-5.50879
-5.50928
-5.50949
-5.50919
-5.50798
-5.50596
-5.50326
-5.50272
-5.50037
-5.49986
-5.49797
-5.4963
-5.49295
-5.48945
-5.48555
-5.48394
-5.48383
-5.48685
-5.4933
-5.50356
-5.51613
-5.52909
-5.54236
-5.55472
-5.5659
-5.57575
-5.58321
-5.58861
-5.59196
-5.59242
-5.59046
-5.58606
-5.57931
-5.57248
-5.56337
-5.55273
-5.5409
-5.53045
-5.51964
-5.50922
-5.49845
-5.49055
-5.48378
-5.47871
-5.47632
-5.47547
-5.47595
-5.4787
-5.48267
-5.48732
-5.49284
-5.49882
-5.50654
-5.51574
-5.52496
-5.53476
-5.54457
-5.5524
-5.55739
-5.55867
-5.55643
-5.55168
-5.54542
-5.53947
-5.53318
-5.52869
-5.52552
-5.52248
-5.52052
-5.51882
-5.51729
-5.51684
-5.51662
-5.51659
-5.51622
-5.51606
-5.51604
-5.51717
-5.51788
-5.5215
-5.52549
-5.53012
-5.53618
-5.54259
-5.54898
-5.55675
-5.5632
-5.56968
-5.57435
-5.57774
-5.5803
-5.582
-5.5817
-5.57954
-5.57629
-5.57102
-5.56521
-5.5589
-5.55223
-5.5464
-5.54206
-5.53935
-5.53791
-5.53707
-5.53817
-5.53874
-5.53982
-5.5403
-5.54039
-5.5396
-5.53875
-5.53894
-5.54002
-5.54287
-5.54734
-5.55395
-5.56217
-5.57146
-5.57999
-5.58947
-5.59736
-5.60267
-5.60575
-5.60467
-5.60233
-5.59727
-5.59154
-5.58501
-5.5796
-5.57565
-5.57498
-5.57521
-5.57941
-5.58534
-5.59183
-5.59849
-5.60502
-5.60926
-5.61286
-5.61417
-5.6145
-5.61338
-5.61245
-5.61012
-5.60687
-5.60409
-5.60125
-5.5984
-5.59545
-5.59246
-5.59049
-5.58797
-5.58647
-5.58551
-5.58408
-5.58446
-5.58527
-5.58651
-5.58892
-5.59311
-5.59728
-5.60253
-5.60579
-5.60749
-5.60709
-5.60391
-5.59817
-5.59057
-5.58229
-5.57466
-5.5689
-5.56455
-5.56126
-5.55978
-5.55999
-5.56049
-5.56226
-5.5654
-5.56959
-5.57312
-5.57603
-5.57821
-5.5789
-5.57774
-5.57486
-5.56872
-5.56126
-5.55184
-5.54177
-5.53126
-5.52077
-5.51131
-5.5024
-5.49484
-5.48954
-5.4869
-5.48724
-5.48804
-5.49053
-5.49511
-5.49864
-5.50223
-5.50534
-5.50882
-5.51034
-5.51158
-5.51181
-5.51074
-5.5089
-5.50785
-5.50813
-5.50933
-5.51255
-5.51804
-5.52399
-5.53197
-5.53925
-5.54722
-5.55312
-5.55839
-5.5623
-5.56468
-5.56723
-5.56897
-5.56935
-5.57126
-5.57375
-5.5761
-5.57869
-5.58214
-5.58653
-5.5895
-5.59117
-5.59281
-5.59254
-5.59076
-5.5871
-5.58336
-5.58202
-5.58143
-5.5852
-5.5913
-5.59925
-5.60688
-5.61418
-5.61912
-5.62265
-5.62207
-5.61822
-5.61302
-5.60631
-5.5981
-5.59045
-5.58409
-5.57637
-5.56791
-5.55912
-5.54897
-5.54094
-5.53487
-5.53026
-5.52763
-5.5272
-5.52919
-5.53451
-5.53988
-5.54639
-5.55308
-5.55742
-5.56022
-5.55962
-5.55754
-5.55189
-5.54575
-5.53963
-5.53174
-5.52566
-5.52378
-5.52625
-5.5333
-5.54317
-5.55555
-5.56687
-5.57786
-5.58701
-5.5936
-5.59746
-5.60097
-5.60309
-5.60589
-5.60809
-5.61249
-5.61799
-5.62451
-5.63096
-5.63739
-5.64462
-5.65053
-5.65355
-5.6548
-5.65171
-5.6478
-5.6405
-5.63058
-5.61893
-5.60673
-5.59536
-5.58428
-5.57511
-5.56947
-5.56599
-5.56523
-5.56683
-5.56822
-5.57078
-5.5733
-5.57687
-5.58173
-5.58672
-5.59419
-5.60159
-5.60793
-5.61421
-5.61846
-5.62147
-5.6227
-5.62153
-5.61895
-5.61674
-5.61495
-5.61188
-5.60866
-5.60562
-5.60278
-5.6002
-5.59637
-5.59221
-5.58826
-5.58415
-5.58181
-5.58121
-5.58232
-5.58408
-5.58821
-5.59193
-5.5965
-5.6026
-5.60597
-5.60826
-5.60868
-5.6077
-5.60412
-5.59861
-5.59134
-5.58338
-5.5754
-5.56793
-5.56189
-5.55675
-5.55261
-5.55079
-5.54765
-5.54509
-5.54097
-5.5363
-5.5328
-5.52857
-5.52378
-5.52098
-5.51922
-5.51892
-5.51974
-5.52229
-5.52517
-5.52933
-5.5327
-5.53626
-5.53915
-5.54118
-5.54431
-5.54836
-5.55334
-5.55908
-5.56717
-5.57651
-5.58725
-5.59716
-5.60633
-5.61419
-5.6195
-5.62098
-5.61927
-5.61351
-5.60445
-5.59299
-5.58031
-5.5676
-5.55656
-5.54674
-5.54098
-5.53695
-5.53758
-5.53933
-5.54205
-5.54396
-5.54728
-5.54729
-5.54594
-5.54273
-5.53841
-5.53167
-5.52382
-5.51622
-5.50825
-5.50117
-5.49431
-5.48848
-5.48433
-5.4811
-5.4787
-5.47696
-5.47592
-5.4742
-5.47246
-5.4711
-5.47128
-5.4724
-5.47468
-5.47845
-5.48388
-5.49138
-5.50043
-5.50821
-5.51635
-5.52402
-5.53135
-5.53705
-5.54209
-5.54719
-5.55156
-5.55526
-5.55795
-5.56069
-5.56251
-5.56295
-5.56201
-5.55869
-5.55321
-5.54568
-5.53668
-5.53012
-5.52515
-5.52511
-5.53258
-5.54528
-5.56109
-5.57599
-5.5899
-5.59859
-5.60328
-5.60416
-5.60396
-5.60284
-5.60212
-5.60145
-5.60178
-5.60247
-5.60513
-5.60771
-5.61355
-5.62072
-5.62921
-5.63817
-5.64778
-5.65708
-5.66469
-5.66952
-5.67121
-5.66826
-5.66418
-5.66096
-5.65892
-5.65768
-5.6591
-5.66231
-5.66552
-5.66677
-5.66516
-5.66187
-5.65782
-5.65058
-5.64378
-5.63597
-5.62796
-5.62275
-5.61918
-5.61953
-5.6211
-5.62607
-5.6328
-5.63996
-5.64859
-5.65626
-5.66247
-5.66785
-5.67275
-5.67613
-5.67802
-5.67913
-5.67947
-5.67725
-5.67609
-5.67351
-5.6699
-5.66638
-5.66276
-5.65711
-5.65238
-5.64858
-5.64458
-5.64106
-5.63745
-5.63417
-5.62828
-5.62138
-5.61302
-5.60236
-5.58978
-5.57761
-5.5666
-5.5588
-5.55437
-5.55544
-5.5601
-5.56731
-5.57711
-5.58564
-5.59273
-5.59993
-5.60566
-5.60865
-5.61092
-5.61331
-5.61623
-5.6193
-5.62238
-5.62557
-5.62894
-5.63171
-5.63571
-5.63959
-5.64285
-5.64611
-5.6497
-5.65228
-5.65423
-5.65509
-5.65353
-5.64898
-5.64146
-5.63274
-5.62218
-5.60935
-5.59616
-5.58303
-5.56945
-5.55756
-5.54866
-5.54155
-5.53725
-5.53663
-5.54046
-5.5473
-5.55617
-5.5659
-5.57621
-5.58571
-5.59272
-5.59921
-5.60387
-5.60716
-5.60939
-5.61206
-5.61328
-5.61507
-5.61803
-5.61987
-5.62095
-5.62128
-5.62075
-5.61838
-5.61419
-5.6095
-5.60396
-5.59843
-5.59465
-5.5922
-5.59265
-5.59474
-5.5989
-5.60597
-5.61604
-5.62605
-5.63734
-5.64664
-5.65585
-5.66112
-5.66439
-5.66439
-5.6612
-5.65387
-5.64457
-5.63205
-5.61938
-5.60642
-5.59328
-5.58145
-5.57112
-5.56428
-5.55903
-5.55957
-5.56298
-5.56808
-5.57497
-5.58134
-5.58823
-5.5952
-5.6011
-5.60601
-5.61067
-5.61443
-5.61617
-5.61755
-5.61802
-5.61776
-5.61416
-5.6102
-5.60565
-5.59984
-5.59264
-5.58416
-5.57496
-5.56598
-5.55681
-5.54757
-5.53947
-5.5327
-5.5283
-5.52549
-5.52601
-5.5285
-5.53277
-5.53813
-5.5456
-5.55329
-5.56111
-5.56858
-5.57659
-5.58402
-5.59017
-5.59433
-5.59645
-5.597
-5.59607
-5.59366
-5.59152
-5.58876
-5.58656
-5.5858
-5.58552
-5.58736
-5.59004
-5.59241
-5.59489
-5.59762
-5.59905
-5.60021
-5.60081
-5.59966
-5.59841
-5.59787
-5.597
-5.59481
-5.5919
-5.58684
-5.58082
-5.57281
-5.56412
-5.55559
-5.54857
-5.54244
-5.53949
-5.53939
-5.54222
-5.54748
-5.55579
-5.56531
-5.57618
-5.58762
-5.59913
-5.61049
-5.61985
-5.62711
-5.63222
-5.63384
-5.63215
-5.62768
-5.61993
-5.60919
-5.5974
-5.58439
-5.57103
-5.55736
-5.54732
-5.53959
-5.53503
-5.53183
-5.53183
-5.53326
-5.53591
-5.54063
-5.54751
-5.55783
-5.57019
-5.58399
-5.59819
-5.61206
-5.62441
-5.63415
-5.64304
-5.64934
-5.65126
-5.65025
-5.646
-5.63963
-5.63141
-5.62184
-5.61224
-5.60194
-5.59254
-5.58371
-5.57708
-5.57231
-5.56851
-5.5663
-5.56401
-5.56351
-5.56308
-5.56353
-5.56406
-5.56404
-5.56454
-5.56511
-5.56383
-5.56363
-5.56253
-5.56028
-5.55873
-5.55695
-5.55531
-5.55529
-5.55555
-5.55924
-5.56388
-5.5718
-5.5823
-5.5942
-5.6075
-5.62135
-5.63516
-5.64779
-5.65811
-5.66623
-5.67071
-5.67296
-5.67308
-5.67144
-5.66855
-5.66403
-5.659
-5.65182
-5.64399
-5.63711
-5.62991
-5.62388
-5.61968
-5.6177
-5.61866
-5.61974
-5.62161
-5.62488
-5.62874
-5.63381
-5.63859
-5.64365
-5.64828
-5.65108
-5.65455
-5.65646
-5.65786
-5.6572
-5.65504
-5.65136
-5.64688
-5.64175
-5.63897
-5.63775
-5.63957
-5.64179
-5.6474
-5.65352
-5.66107
-5.66805
-5.67446
-5.6794
-5.68338
-5.68597
-5.68874
-5.68918
-5.69084
-5.69158
-5.69398
-5.69597
-5.69706
-5.69721
-5.69582
-5.69083
-5.6831
-5.67263
-5.65979
-5.64464
-5.62852
-5.614
-5.60023
-5.59032
-5.58353
-5.58084
-5.57976
-5.58183
-5.58418
-5.58808
-5.58942
-5.59118
-5.59199
-5.59143
-5.58894
-5.5852
-5.58101
-5.57605
-5.57111
-5.56772
-5.56451
-5.56338
-5.56323
-5.56571
-5.5705
-5.57588
-5.58278
-5.59011
-5.5975
-5.60428
-5.60824
-5.61059
-5.61133
-5.60911
-5.60517
-5.59952
-5.59262
-5.58612
-5.57974
-5.5729
-5.56639
-5.55966
-5.5554
-5.55095
-5.54739
-5.54468
-5.54311
-5.54065
-5.54028
-5.54131
-5.54393
-5.54937
-5.55629
-5.56712
-5.579
-5.59338
-5.60771
-5.62127
-5.63282
-5.64375
-5.65188
-5.65682
-5.65937
-5.65911
-5.65753
-5.65334
-5.64684
-5.63836
-5.6287
-5.61815
-5.60752
-5.597
-5.58766
-5.57928
-5.57512
-5.57237
-5.57251
-5.57595
-5.5801
-5.58562
-5.59036
-5.59462
-5.59834
-5.60144
-5.60205
-5.60249
-5.60106
-5.59904
-5.59566
-5.59303
-5.59014
-5.58832
-5.58608
-5.58518
-5.58498
-5.58449
-5.58403
-5.58429
-5.5843
-5.58466
-5.58529
-5.58645
-5.58687
-5.58624
-5.58639
-5.58558
-5.58523
-5.58524
-5.58565
-5.58657
-5.58834
-5.59007
-5.59087
-5.5914
-5.59069
-5.5891
-5.58584
-5.5824
-5.57746
-5.57295
-5.56956
-5.56738
-5.56851
-5.57172
-5.57837
-5.58832
-5.59957
-5.61287
-5.62621
-5.63844
-5.65017
-5.65976
-5.66508
-5.66807
-5.66861
-5.66711
-5.66397
-5.65966
-5.65455
-5.64701
-5.64004
-5.63356
-5.6274
-5.62097
-5.61557
-5.6109
-5.60694
-5.60323
-5.6014
-5.5987
-5.59667
-5.59393
-5.59264
-5.59149
-5.59033
-5.59038
-5.59357
-5.59839
-5.60434
-5.61156
-5.61929
-5.62465
-5.62974
-5.63251
-5.63446
-5.63414
-5.63195
-5.62823
-5.62396
-5.61896
-5.61459
-5.61053
-5.608
-5.60591
-5.60591
-5.60766
-5.61165
-5.61616
-5.62188
-5.62667
-5.63268
-5.63655
-5.63904
-5.64083
-5.64054
-5.63997
-5.6385
-5.63761
-5.63562
-5.63336
-5.63099
-5.62812
-5.62321
-5.61889
-5.61282
-5.60694
-5.60008
-5.59469
-5.58994
-5.5869
-5.58675
-5.58997
-5.59543
-5.60272
-5.61145
-5.62115
-5.63019
-5.64032
-5.6501
-5.65856
-5.66722
-5.6725
-5.67608
-5.67802
-5.68023
-5.67934
-5.67692
-5.6723
-5.66635
-5.65913
-5.65116
-5.64262
-5.63403
-5.62615
-5.62062
-5.61659
-5.61432
-5.61386
-5.61532
-5.61749
-5.6197
-5.62159
-5.6237
-5.62664
-5.629
-5.63284
-5.63757
-5.64109
-5.64419
-5.64809
-5.65034
-5.65166
-5.65217
-5.65286
-5.65267
-5.65173
-5.64976
-5.6482
-5.64546
-5.64073
-5.63379
-5.62615
-5.61805
-5.60879
-5.59914
-5.58921
-5.58026
-5.57269
-5.56616
-5.56129
-5.55922
-5.55913
-5.56029
-5.5628
-5.56681
-5.5708
-5.57627
-5.58302
-5.58949
-5.59578
-5.60304
-5.61006
-5.61662
-5.62081
-5.62289
-5.62393
-5.62276
-5.62077
-5.61774
-5.6134
-5.6096
-5.60537
-5.60019
-5.59493
-5.58738
-5.58087
-5.57512
-5.57037
-5.56716
-5.56388
-5.56236
-5.56236
-5.56458
-5.56918
-5.57495
-5.58305
-5.5896
-5.5965
-5.60288
-5.60813
-5.61309
-5.61654
-5.61866
-5.61921
-5.61794
-5.61571
-5.61125
-5.60561
-5.59887
-5.5909
-5.58138
-5.57039
-5.55898
-5.54891
-5.53934
-5.53036
-5.52397
-5.51946
-5.51741
-5.5159
-5.51518
-5.51466
-5.51511
-5.51509
-5.51419
-5.51565
-5.51893
-5.52528
-5.53499
-5.5476
-5.56197
-5.57554
-5.58768
-5.59816
-5.60694
-5.61277
-5.61501
-5.61655
-5.61623
-5.61291
-5.60761
-5.6001
-5.59255
-5.58214
-5.57167
-5.5621
-5.55399
-5.54769
-5.54483
-5.54506
-5.5471
-5.5517
-5.55849
-5.56381
-5.57015
-5.57529
-5.57836
-5.57802
-5.57486
-5.56959
-5.56191
-5.55475
-5.54685
-5.53865
-5.53253
-5.52754
-5.52509
-5.525
-5.52713
-5.53224
-5.53971
-5.54896
-5.56046
-5.57342
-5.58678
-5.59998
-5.61391
-5.62779
-5.63667
-5.64359
-5.6472
-5.64601
-5.64051
-5.63175
-5.62074
-5.60782
-5.59582
-5.58542
-5.57737
-5.57156
-5.56879
-5.56806
-5.56945
-5.57266
-5.57829
-5.58716
-5.59667
-5.60819
-5.61961
-5.63095
-5.6396
-5.64622
-5.64899
-5.64748
-5.64189
-5.63319
-5.62145
-5.60863
-5.59674
-5.58647
-5.58062
-5.57778
-5.57739
-5.58029
-5.58432
-5.58951
-5.59432
-5.59774
-5.59942
-5.60045
-5.5989
-5.59746
-5.59451
-5.59254
-5.59167
-5.59051
-5.59001
-5.58996
-5.58928
-5.58991
-5.59025
-5.59282
-5.59557
-5.59913
-5.60322
-5.60794
-5.61174
-5.61524
-5.61879
-5.62164
-5.6235
-5.62489
-5.62564
-5.6258
-5.62573
-5.62486
-5.62272
-5.61751
-5.61151
-5.6016
-5.58935
-5.57463
-5.55788
-5.54178
-5.52815
-5.51978
-5.51629
-5.51891
-5.52495
-5.53157
-5.53847
-5.54483
-5.54951
-5.55307
-5.55518
-5.55643
-5.55797
-5.55836
-5.56021
-5.56289
-5.56768
-5.57501
-5.58569
-5.59796
-5.61097
-5.62255
-5.6327
-5.64112
-5.64617
-5.64945
-5.65037
-5.65114
-5.64977
-5.64866
-5.6472
-5.64486
-5.64148
-5.6364
-5.62949
-5.62048
-5.61119
-5.60526
-5.60368
-5.60785
-5.61517
-5.62173
-5.62577
-5.62649
-5.62153
-5.61482
-5.60593
-5.59494
-5.58433
-5.5737
-5.56341
-5.5544
-5.54812
-5.5421
-5.53876
-5.53824
-5.5404
-5.54388
-5.54734
-5.55326
-5.56016
-5.56609
-5.57054
-5.57418
-5.57589
-5.57607
-5.57473
-5.57257
-5.56986
-5.56608
-5.56133
-5.5577
-5.5539
-5.55096
-5.54891
-5.5485
-5.54962
-5.54978
-5.55055
-5.55208
-5.55212
-5.55105
-5.54846
-5.54632
-5.54571
-5.54595
-5.54815
-5.55115
-5.55591
-5.55969
-5.56281
-5.56631
-5.56884
-5.57205
-5.57453
-5.57442
-5.57399
-5.57255
-5.56898
-5.56445
-5.55955
-5.55423
-5.55065
-5.54852
-5.54902
-5.55208
-5.55725
-5.56404
-5.57247
-5.5815
-5.58908
-5.59597
-5.60134
-5.60394
-5.60412
-5.60335
-5.5995
-5.5933
-5.5874
-5.58084
-5.57415
-5.56824
-5.56393
-5.56042
-5.55876
-5.55906
-5.5611
-5.56591
-5.57183
-5.57999
-5.58891
-5.59618
-5.60328
-5.60675
-5.60807
-5.60646
-5.60057
-5.59164
-5.58051
-5.56861
-5.55558
-5.54395
-5.53412
-5.52631
-5.52139
-5.51908
-5.51945
-5.52261
-5.52688
-5.53189
-5.53726
-5.54387
-5.55102
-5.55754
-5.56483
-5.57093
-5.57659
-5.57947
-5.58104
-5.58036
-5.57921
-5.57538
-5.57142
-5.56708
-5.56269
-5.558
-5.55454
-5.55171
-5.54983
-5.5471
-5.54506
-5.54414
-5.54443
-5.54297
-5.54359
-5.54456
-5.54477
-5.54593
-5.54795
-5.55202
-5.55735
-5.56177
-5.56514
-5.56552
-5.56336
-5.55911
-5.55332
-5.54589
-5.53908
-5.53168
-5.52353
-5.51718
-5.51079
-5.50472
-5.49924
-5.49313
-5.48722
-5.48071
-5.47542
-5.47001
-5.46622
-5.4644
-5.46512
-5.46809
-5.47458
-5.48231
-5.49228
-5.50229
-5.5107
-5.51649
-5.51818
-5.51535
-5.50704
-5.49425
-5.47812
-5.46094
-5.44388
-5.42899
-5.41775
-5.41056
-5.40977
-5.41576
-5.4266
-5.43925
-5.45201
-5.46445
-5.47492
-5.48113
-5.48465
-5.48528
-5.48241
-5.47983
-5.47824
-5.47723
-5.47866
-5.48181
-5.48634
-5.48992
-5.49408
-5.49689
-5.49733
-5.49579
-5.48992
-5.48186
-5.4697
-5.45467
-5.43864
-5.42485
-5.41647
-5.41375
-5.4167
-5.4245
-5.43442
-5.44519
-5.45598
-5.46558
-5.47391
-5.47978
-5.48411
-5.48591
-5.48486
-5.48268
-5.47878
-5.47356
-5.46872
-5.46312
-5.45803
-5.453
-5.44967
-5.44707
-5.44663
-5.44742
-5.45041
-5.45466
-5.45974
-5.46611
-5.47425
-5.48258
-5.49154
-5.50129
-5.51083
-5.51965
-5.5261
-5.5316
-5.53455
-5.53741
-5.53834
-5.53859
-5.53728
-5.53488
-5.53161
-5.5282
-5.52657
-5.52515
-5.52412
-5.52306
-5.52256
-5.52167
-5.51803
-5.51459
-5.50932
-5.50319
-5.4973
-5.49129
-5.48787
-5.4852
-5.48632
-5.48678
-5.4893
-5.49292
-5.49539
-5.4975
-5.49825
-5.49685
-5.49264
-5.48687
-5.47957
-5.47238
-5.46617
-5.46297
-5.46255
-5.46483
-5.46894
-5.47595
-5.48488
-5.49614
-5.50863
-5.52383
-5.5372
-5.55094
-5.56366
-5.57344
-5.57998
-5.58439
-5.58474
-5.5818
-5.57657
-5.56931
-5.5609
-5.55074
-5.53895
-5.52791
-5.51502
-5.50069
-5.48631
-5.47154
-5.45721
-5.44389
-5.43164
-5.4224
-5.41689
-5.4178
-5.42277
-5.43072
-5.44177
-5.45441
-5.46584
-5.47587
-5.48421
-5.48948
-5.49173
-5.4912
-5.48906
-5.48564
-5.48216
-5.48236
-5.48225
-5.48481
-5.48841
-5.49273
-5.49691
-5.49776
-5.49715
-5.49439
-5.48897
-5.48193
-5.47296
-5.46321
-5.45324
-5.44374
-5.4368
-5.43234
-5.43016
-5.43121
-5.43428
-5.44065
-5.44874
-5.45393
-5.46003
-5.46426
-5.46526
-5.46438
-5.45965
-5.4533
-5.44675
-5.43952
-5.43345
-5.42938
-5.42846
-5.42935
-5.43166
-5.43743
-5.44488
-5.45306
-5.46168
-5.46988
-5.4775
-5.48514
-5.49191
-5.4992
-5.50559
-5.51237
-5.52344
-5.53506
-5.54741
-5.56055
-5.57392
-5.58476
-5.59291
-5.59747
-5.59762
-5.59488
-5.58824
-5.57711
-5.56369
-5.54944
-5.53471
-5.52163
-5.50961
-5.50018
-5.49376
-5.4895
-5.48835
-5.48903
-5.49019
-5.49105
-5.49195
-5.49199
-5.49298
-5.49292
-5.49292
-5.49431
-5.49509
-5.49633
-5.49801
-5.4989
-5.49933
-5.50069
-5.50051
-5.49938
-5.49667
-5.49216
-5.48864
-5.4834
-5.47847
-5.47165
-5.46463
-5.45895
-5.45284
-5.44715
-5.44303
-5.43917
-5.43615
-5.43322
-5.4319
-5.43167
-5.43346
-5.43724
-5.44205
-5.44811
-5.45382
-5.45764
-5.45979
-5.46065
-5.46085
-5.4594
-5.45663
-5.45357
-5.44994
-5.44688
-5.44453
-5.44372
-5.44398
-5.44468
-5.44662
-5.45126
-5.45562
-5.46205
-5.47019
-5.47837
-5.48604
-5.49326
-5.49814
-5.5032
-5.5055
-5.50633
-5.50696
-5.50682
-5.50955
-5.51375
-5.51858
-5.5247
-5.52899
-5.53165
-5.53299
-5.53421
-5.53435
-5.53363
-5.53514
-5.53628
-5.53608
-5.53533
-5.53272
-5.52845
-5.522
-5.51358
-5.50501
-5.49561
-5.48736
-5.48134
-5.47708
-5.47569
-5.47702
-5.48244
-5.48803
-5.4933
-5.4982
-5.50204
-5.50455
-5.50569
-5.50541
-5.50433
-5.50227
-5.49953
-5.49676
-5.4943
-5.49235
-5.49153
-5.49159
-5.49251
-5.49404
-5.49615
-5.49781
-5.49907
-5.49786
-5.49595
-5.49252
-5.48795
-5.48298
-5.4772
-5.47163
-5.46657
-5.46239
-5.45951
-5.45607
-5.45363
-5.45015
-5.44706
-5.44489
-5.44428
-5.44556
-5.44977
-5.45711
-5.46609
-5.47733
-5.48894
-5.50029
-5.51063
-5.52099
-5.52876
-5.53488
-5.53975
-5.54269
-5.54414
-5.54452
-5.54211
-5.53835
-5.53227
-5.52415
-5.51443
-5.50444
-5.49354
-5.48365
-5.47497
-5.46843
-5.46367
-5.46007
-5.45737
-5.45662
-5.4555
-5.45489
-5.45657
-5.45994
-5.46525
-5.47238
-5.48065
-5.48972
-5.49576
-5.49867
-5.49921
-5.49654
-5.49105
-5.48288
-5.47241
-5.45888
-5.44657
-5.4362
-5.42902
-5.42651
-5.43056
-5.43852
-5.44861
-5.45925
-5.46998
-5.47839
-5.48578
-5.49226
-5.49988
-5.50634
-5.51342
-5.52131
-5.52895
-5.536
-5.54221
-5.54706
-5.5498
-5.55056
-5.54629
-5.5393
-5.53035
-5.51903
-5.50713
-5.49649
-5.48712
-5.47934
-5.4728
-5.46896
-5.46684
-5.46446
-5.46282
-5.46156
-5.46
-5.45815
-5.45655
-5.45587
-5.45401
-5.45334
-5.45265
-5.45108
-5.45016
-5.44777
-5.44776
-5.44944
-5.45289
-5.45865
-5.46555
-5.47448
-5.48418
-5.49441
-5.50344
-5.51209
-5.51847
-5.52429
-5.52685
-5.52899
-5.52903
-5.5284
-5.5265
-5.52291
-5.51884
-5.51369
-5.50948
-5.50496
-5.50097
-5.49763
-5.49539
-5.49276
-5.49035
-5.48877
-5.48889
-5.48869
-5.48985
-5.49414
-5.49779
-5.50003
-5.50113
-5.5027
-5.50234
-5.50274
-5.50323
-5.50513
-5.50879
-5.51105
-5.51145
-5.50871
-5.5034
-5.49613
-5.48744
-5.47734
-5.46564
-5.45507
-5.44656
-5.43989
-5.43609
-5.4359
-5.44
-5.44809
-5.45957
-5.47406
-5.4891
-5.50381
-5.51762
-5.52801
-5.5332
-5.53539
-5.53328
-5.52737
-5.5199
-5.51159
-5.50402
-5.49583
-5.48894
-5.4818
-5.47548
-5.46995
-5.4652
-5.46152
-5.45886
-5.45726
-5.45726
-5.45863
-5.46132
-5.46564
-5.47345
-5.48306
-5.4954
-5.50827
-5.52214
-5.53645
-5.5488
-5.55656
-5.56314
-5.56623
-5.56592
-5.56132
-5.55287
-5.53975
-5.52317
-5.5025
-5.47962
-5.45518
-5.4316
-5.4127
-5.40186
-5.39868
-5.40641
-5.42072
-5.43883
-5.45917
-5.47628
-5.4909
-5.50075
-5.50613
-5.50749
-5.50424
-5.49804
-5.49013
-5.48026
-5.4709
-5.46214
-5.45564
-5.45212
-5.4517
-5.45397
-5.46104
-5.47055
-5.48243
-5.49761
-5.51364
-5.53151
-5.54822
-5.56397
-5.5777
-5.58901
-5.59657
-5.60126
-5.60232
-5.5993
-5.59364
-5.58425
-5.57474
-5.5645
-5.55535
-5.54646
-5.53808
-5.53274
-5.52871
-5.52667
-5.52612
-5.52552
-5.52495
-5.52471
-5.52488
-5.52386
-5.52087
-5.51612
-5.50925
-5.50174
-5.49371
-5.4868
-5.48158
-5.4814
-5.48518
-5.49329
-5.50626
-5.52147
-5.53737
-5.55279
-5.56404
-5.57108
-5.572
-5.56849
-5.56006
-5.54584
-5.52897
-5.50914
-5.48853
-5.46872
-5.45187
-5.43776
-5.42787
-5.42274
-5.42157
-5.42162
-5.42383
-5.42638
-5.42895
-5.42906
-5.43074
-5.43108
-5.4324
-5.43475
-5.43788
-5.44309
-5.44932
-5.45707
-5.46868
-5.48016
-5.4928
-5.50634
-5.51873
-5.53154
-5.54491
-5.55557
-5.56438
-5.57012
-5.57234
-5.57098
-5.56772
-5.56271
-5.55565
-5.54637
-5.53697
-5.52564
-5.51272
-5.50095
-5.48853
-5.47563
-5.46341
-5.45213
-5.44072
-5.42984
-5.42018
-5.41278
-5.4072
-5.4049
-5.40521
-5.4093
-5.41606
-5.42395
-5.43572
-5.44978
-5.46553
-5.48117
-5.4987
-5.51557
-5.5305
-5.54346
-5.553
-5.55844
-5.55958
-5.55627
-5.54724
-5.53477
-5.51912
-5.50406
-5.48974
-5.47838
-5.4727
-5.47153
-5.47364
-5.4773
-5.48258
-5.4859
-5.48773
-5.48818
-5.48661
-5.48335
-5.47869
-5.47441
-5.46921
-5.46709
-5.467
-5.46942
-5.47711
-5.48769
-5.49931
-5.5109
-5.52212
-5.53083
-5.53731
-5.53964
-5.54007
-5.5392
-5.53704
-5.5353
-5.53327
-5.5329
-5.53415
-5.53679
-5.53969
-5.54251
-5.54624
-5.54951
-5.55204
-5.55366
-5.55462
-5.55534
-5.55416
-5.5528
-5.5525
-5.55062
-5.54917
-5.54753
-5.54592
-5.54438
-5.54159
-5.53827
-5.53476
-5.53139
-5.52825
-5.52784
-5.52714
-5.52688
-5.52701
-5.52715
-5.52695
-5.52494
-5.52126
-5.51489
-5.50732
-5.49919
-5.49185
-5.48589
-5.48107
-5.47848
-5.47538
-5.47347
-5.47049
-5.46759
-5.46399
-5.46064
-5.45787
-5.4544
-5.44939
-5.44344
-5.43761
-5.43173
-5.4261
-5.42191
-5.41933
-5.4177
-5.41961
-5.42356
-5.42876
-5.43358
-5.43775
-5.44098
-5.44324
-5.44455
-5.44661
-5.45109
-5.45708
-5.46629
-5.47589
-5.48663
-5.4973
-5.50522
-5.5113
-5.51328
-5.51342
-5.51062
-5.50687
-5.50264
-5.49874
-5.49581
-5.4946
-5.49433
-5.496
-5.49865
-5.50454
-5.51136
-5.51893
-5.52536
-5.53288
-5.53847
-5.542
-5.54543
-5.5464
-5.54572
-5.54477
-5.54188
-5.53795
-5.53455
-5.5308
-5.52691
-5.52298
-5.5209
-5.51951
-5.51959
-5.52277
-5.52771
-5.5355
-5.54282
-5.54956
-5.55494
-5.55988
-5.56286
-5.56337
-5.56126
-5.55788
-5.55153
-5.54295
-5.53274
-5.52327
-5.51482
-5.50722
-5.50273
-5.50011
-5.49969
-5.50019
-5.5003
-5.49987
-5.4969
-5.4902
-5.48179
-5.4708
-5.45874
-5.44801
-5.44157
-5.44036
-5.44632
-5.4587
-5.47548
-5.49733
-5.5212
-5.54382
-5.56307
-5.57916
-5.5901
-5.59631
-5.59816
-5.59495
-5.58662
-5.57508
-5.56157
-5.54708
-5.53176
-5.51558
-5.50158
-5.48764
-5.47655
-5.46968
-5.46687
-5.46653
-5.47056
-5.47633
-5.48317
-5.49096
-5.49832
-5.50513
-5.51016
-5.51382
-5.51499
-5.51493
-5.51375
-5.51156
-5.50918
-5.50586
-5.5031
-5.50086
-5.49807
-5.49567
-5.49361
-5.49177
-5.4907
-5.49027
-5.48884
-5.48675
-5.48448
-5.48186
-5.47924
-5.47794
-5.4774
-5.47738
-5.47925
-5.48073
-5.48112
-5.48139
-5.47969
-5.47619
-5.47022
-5.46187
-5.45289
-5.44407
-5.43429
-5.42482
-5.41592
-5.40765
-5.40258
-5.39945
-5.39994
-5.40337
-5.41051
-5.4203
-5.43206
-5.44378
-5.45572
-5.46822
-5.4793
-5.48989
-5.49897
-5.50611
-5.51048
-5.51195
-5.51129
-5.50969
-5.50623
-5.50476
-5.50301
-5.50259
-5.50321
-5.50667
-5.51183
-5.51613
-5.5212
-5.52655
-5.53273
-5.53712
-5.5401
-5.54066
-5.53911
-5.53408
-5.52533
-5.51456
-5.50046
-5.48613
-5.47211
-5.4585
-5.44718
-5.43897
-5.43462
-5.43217
-5.43343
-5.43481
-5.43657
-5.43717
-5.43811
-5.43728
-5.43703
-5.43652
-5.43838
-5.44252
-5.45032
-5.46058
-5.47242
-5.48602
-5.49898
-5.51077
-5.51986
-5.52615
-5.53007
-5.53015
-5.52924
-5.5265
-5.52382
-5.51978
-5.517
-5.51514
-5.51426
-5.514
-5.51475
-5.51486
-5.51576
-5.51448
-5.51353
-5.51212
-5.51068
-5.50932
-5.51083
-5.51302
-5.51669
-5.52091
-5.52578
-5.52964
-5.53242
-5.53276
-5.53349
-5.53306
-5.53156
-5.53021
-5.52939
-5.52958
-5.5332
-5.53755
-5.54224
-5.54609
-5.54785
-5.54672
-5.54199
-5.5351
-5.52452
-5.51214
-5.49755
-5.48197
-5.46657
-5.45341
-5.44217
-5.43472
-5.43042
-5.42847
-5.43016
-5.43485
-5.44172
-5.44956
-5.45802
-5.46691
-5.47481
-5.48226
-5.48986
-5.49719
-5.5041
-5.50886
-5.51254
-5.51531
-5.51638
-5.51369
-5.51092
-5.5059
-5.50058
-5.49635
-5.49264
-5.48804
-5.48455
-5.48065
-5.47474
-5.46794
-5.4602
-5.45151
-5.44209
-5.43124
-5.41966
-5.40941
-5.3994
-5.39046
-5.38514
-5.38275
-5.3847
-5.39042
-5.39991
-5.41269
-5.43007
-5.44894
-5.47091
-5.49392
-5.51812
-5.54043
-5.56134
-5.57781
-5.59072
-5.5993
-5.60317
-5.60345
-5.59975
-5.59378
-5.58621
-5.57816
-5.57105
-5.56626
-5.56306
-5.56409
-5.56647
-5.57035
-5.57464
-5.57747
-5.57914
-5.57861
-5.57472
-5.56874
-5.56053
-5.5507
-5.5401
-5.52844
-5.5169
-5.50574
-5.49707
-5.49009
-5.48556
-5.48542
-5.48824
-5.4947
-5.5041
-5.51556
-5.52885
-5.54256
-5.55561
-5.56662
-5.57479
-5.58043
-5.58346
-5.58493
-5.58495
-5.58478
-5.58454
-5.58451
-5.58466
-5.58618
-5.58659
-5.58778
-5.58758
-5.58542
-5.5819
-5.57754
-5.57077
-5.56209
-5.55265
-5.54257
-5.53113
-5.51923
-5.50789
-5.49818
-5.49067
-5.4845
-5.4813
-5.48024
-5.48127
-5.48441
-5.48978
-5.49682
-5.50448
-5.5153
-5.52577
-5.53654
-5.54791
-5.55792
-5.56752
-5.57401
-5.57971
-5.58206
-5.5812
-5.57765
-5.57281
-5.56852
-5.56432
-5.55974
-5.55665
-5.55303
-5.54928
-5.54477
-5.53721
-5.52848
-5.51723
-5.50395
-5.48968
-5.47422
-5.45906
-5.44563
-5.43504
-5.42691
-5.42217
-5.42069
-5.42097
-5.42353
-5.42792
-5.43295
-5.43999
-5.44731
-5.45568
-5.46328
-5.46957
-5.47382
-5.47607
-5.47527
-5.47378
-5.46971
-5.46649
-5.46285
-5.46183
-5.4617
-5.46288
-5.46577
-5.46976
-5.47469
-5.48094
-5.48822
-5.49683
-5.50542
-5.51504
-5.52386
-5.53219
-5.53741
-5.5405
-5.5438
-5.54498
-5.54561
-5.5457
-5.54478
-5.54428
-5.54432
-5.54324
-5.54251
-5.5429
-5.54216
-5.54251
-5.5434
-5.54436
-5.54313
-5.54007
-5.53691
-5.53134
-5.52351
-5.51347
-5.50202
-5.48874
-5.47605
-5.4631
-5.45194
-5.44382
-5.43869
-5.43868
-5.44329
-5.45222
-5.46529
-5.47857
-5.49243
-5.50482
-5.51472
-5.52282
-5.52906
-5.53582
-5.54053
-5.54652
-5.55373
-5.56095
-5.56797
-5.57508
-5.58242
-5.58874
-5.59296
-5.59495
-5.59525
-5.59353
-5.58973
-5.58487
-5.57891
-5.57195
-5.56457
-5.55749
-5.5498
-5.5428
-5.53671
-5.53086
-5.52387
-5.51589
-5.50844
-5.49898
-5.4896
-5.48124
-5.47342
-5.4701
-5.47113
-5.47638
-5.48548
-5.49676
-5.50721
-5.51592
-5.52493
-5.53073
-5.53682
-5.54155
-5.54553
-5.54869
-5.55201
-5.55257
-5.5531
-5.55189
-5.55107
-5.54872
-5.54682
-5.54569
-5.54581
-5.54774
-5.5511
-5.55691
-5.56259
-5.56778
-5.57179
-5.57416
-5.57387
-5.57099
-5.56737
-5.56093
-5.55428
-5.54709
-5.54045
-5.53572
-5.53264
-5.52912
-5.52486
-5.52008
-5.51222
-5.5024
-5.49184
-5.47789
-5.46324
-5.45025
-5.43792
-5.42927
-5.42418
-5.42328
-5.42644
-5.43365
-5.44375
-5.45282
-5.46252
-5.47194
-5.48011
-5.4869
-5.49238
-5.49824
-5.50543
-5.51148
-5.51693
-5.52185
-5.52624
-5.53015
-5.53399
-5.5379
-5.54198
-5.54568
-5.55153
-5.55715
-5.56391
-5.57232
-5.58101
-5.58794
-5.59658
-5.60396
-5.60993
-5.61536
-5.61967
-5.6204
-5.6209
-5.61726
-5.61114
-5.60346
-5.59296
-5.58303
-5.57301
-5.56262
-5.55526
-5.54968
-5.54758
-5.54809
-5.55117
-5.55457
-5.5583
-5.56145
-5.56345
-5.56332
-5.56231
-5.56068
-5.55703
-5.55312
-5.54894
-5.54492
-5.54166
-5.53606
-5.53106
-5.52357
-5.51406
-5.50253
-5.49064
-5.47906
-5.46981
-5.4623
-5.45774
-5.45815
-5.46316
-5.47306
-5.48552
-5.50053
-5.51558
-5.53054
-5.54352
-5.55444
-5.56161
-5.56488
-5.56421
-5.55982
-5.55411
-5.54571
-5.53774
-5.52916
-5.52225
-5.5168
-5.51192
-5.50904
-5.50874
-5.51032
-5.51515
-5.52169
-5.53015
-5.53777
-5.54731
-5.55507
-5.56223
-5.56563
-5.56694
-5.56486
-5.56011
-5.55357
-5.54444
-5.53515
-5.5258
-5.51794
-5.5115
-5.50648
-5.50265
-5.49978
-5.49788
-5.49783
-5.49724
-5.49695
-5.49751
-5.49727
-5.497
-5.49684
-5.49535
-5.49412
-5.49361
-5.49496
-5.49541
-5.4978
-5.50167
-5.50747
-5.51492
-5.52461
-5.53365
-5.54096
-5.54603
-5.54938
-5.54919
-5.54666
-5.54138
-5.53432
-5.52638
-5.51847
-5.51154
-5.50419
-5.49799
-5.49293
-5.49106
-5.49106
-5.4935
-5.49906
-5.50626
-5.51565
-5.52552
-5.53565
-5.5458
-5.5549
-5.56221
-5.56873
-5.57592
-5.58177
-5.58517
-5.58627
-5.58492
-5.58119
-5.57424
-5.56466
-5.55213
-5.53773
-5.52177
-5.50558
-5.49148
-5.47811
-5.46897
-5.46389
-5.46283
-5.46498
-5.47058
-5.47621
-5.48521
-5.49435
-5.50306
-5.51106
-5.51681
-5.51998
-5.51976
-5.51704
-5.51209
-5.50504
-5.49737
-5.49043
-5.48597
-5.48263
-5.48115
-5.48167
-5.48315
-5.48504
-5.48832
-5.492
-5.49603
-5.50064
-5.50466
-5.50925
-5.51239
-5.51498
-5.51853
-5.52213
-5.52708
-5.53297
-5.53985
-5.54725
-5.55433
-5.56142
-5.56748
-5.57085
-5.5729
-5.57256
-5.56931
-5.56349
-5.55547
-5.54674
-5.53883
-5.5328
-5.53023
-5.53198
-5.53832
-5.54626
-5.5543
-5.56111
-5.56482
-5.56617
-5.56246
-5.55479
-5.54396
-5.5299
-5.51332
-5.49649
-5.47789
-5.45934
-5.44118
-5.42479
-5.41044
-5.40021
-5.39637
-5.39887
-5.40653
-5.42025
-5.43603
-5.45297
-5.47113
-5.48805
-5.50435
-5.51939
-5.53276
-5.5443
-5.55257
-5.55877
-5.56274
-5.56407
-5.56444
-5.56338
-5.56032
-5.55702
-5.55283
-5.54699
-5.54066
-5.53204
-5.52178
-5.511
-5.49996
-5.48881
-5.47871
-5.47074
-5.46447
-5.46098
-5.45898
-5.45775
-5.45861
-5.45857
-5.45853
-5.45857
-5.45946
-5.46242
-5.46889
-5.4787
-5.49097
-5.50392
-5.51653
-5.52727
-5.534
-5.53787
-5.53671
-5.53299
-5.52754
-5.52207
-5.51608
-5.51317
-5.51213
-5.51262
-5.51446
-5.51726
-5.52064
-5.52456
-5.52762
-5.53004
-5.53297
-5.53567
-5.53737
-5.53947
-5.54153
-5.54362
-5.54682
-5.55066
-5.55596
-5.56145
-5.56624
-5.56971
-5.57266
-5.57392
-5.57297
-5.57186
-5.56974
-5.56659
-5.5627
-5.55934
-5.55393
-5.54696
-5.53812
-5.52857
-5.51786
-5.50605
-5.49325
-5.48155
-5.47135
-5.463
-5.45789
-5.45507
-5.4558
-5.45961
-5.46702
-5.47601
-5.48697
-5.49885
-5.51206
-5.52312
-5.53203
-5.53909
-5.54376
-5.54654
-5.5466
-5.54338
-5.53706
-5.52818
-5.51823
-5.50605
-5.49336
-5.47918
-5.46477
-5.45248
-5.44304
-5.43691
-5.43536
-5.43824
-5.44651
-5.45773
-5.4696
-5.48325
-5.49627
-5.50852
-5.51884
-5.52714
-5.5333
-5.53754
-5.53957
-5.54095
-5.54119
-5.53928
-5.53756
-5.53451
-5.5297
-5.52377
-5.51581
-5.50821
-5.50192
-5.49658
-5.4927
-5.49109
-5.49188
-5.49478
-5.4971
-5.50041
-5.50364
-5.50637
-5.50606
-5.50589
-5.50537
-5.50206
-5.4991
-5.49613
-5.49281
-5.48989
-5.48551
-5.4813
-5.47563
-5.47015
-5.46463
-5.46149
-5.4604
-5.46077
-5.46309
-5.4659
-5.46922
-5.47267
-5.47563
-5.47877
-5.48105
-5.48463
-5.48866
-5.49244
-5.49762
-5.50464
-5.51241
-5.52298
-5.53389
-5.54442
-5.55613
-5.56699
-5.57546
-5.58129
-5.58361
-5.58377
-5.58158
-5.57554
-5.56727
-5.55701
-5.54766
-5.53698
-5.52676
-5.51783
-5.50975
-5.50248
-5.49647
-5.49034
-5.485
-5.4783
-5.47334
-5.46818
-5.46565
-5.46578
-5.46839
-5.47281
-5.47869
-5.48408
-5.48977
-5.49357
-5.49443
-5.49441
-5.49212
-5.4887
-5.48572
-5.48285
-5.48124
-5.48113
-5.48257
-5.48412
-5.4875
-5.49148
-5.49664
-5.50293
-5.50919
-5.51731
-5.52414
-5.53058
-5.53651
-5.54164
-5.54646
-5.54933
-5.55371
-5.55587
-5.55816
-5.55901
-5.55876
-5.55672
-5.55202
-5.54716
-5.53948
-5.52975
-5.51953
-5.50941
-5.50161
-5.49601
-5.4941
-5.4947
-5.49799
-5.50298
-5.50968
-5.51555
-5.52377
-5.53531
-5.54794
-5.56119
-5.57687
-5.59158
-5.60267
-5.61252
-5.61886
-5.62106
-5.61961
-5.61623
-5.61079
-5.60555
-5.5983
-5.59121
-5.58302
-5.57458
-5.56619
-5.55855
-5.5507
-5.5421
-5.533
-5.52569
-5.51998
-5.51619
-5.5152
-5.51528
-5.51815
-5.52285
-5.52705
-5.52878
-5.52807
-5.52434
-5.51718
-5.50877
-5.49801
-5.49007
-5.48302
-5.48007
-5.48111
-5.48584
-5.4965
-5.5111
-5.52935
-5.5504
-5.57172
-5.59288
-5.61157
-5.62595
-5.63282
-5.63313
-5.62922
-5.61879
-5.60577
-5.58941
-5.57228
-5.55685
-5.5433
-5.53237
-5.52476
-5.52101
-5.52105
-5.52543
-5.53259
-5.54048
-5.55011
-5.55995
-5.57037
-5.58086
-5.59073
-5.60016
-5.60782
-5.61349
-5.61642
-5.61576
-5.61351
-5.60758
-5.59992
-5.58997
-5.57797
-5.56542
-5.55404
-5.54407
-5.53512
-5.52703
-5.51975
-5.51486
-5.51016
-5.50506
-5.50174
-5.49833
-5.49669
-5.49377
-5.49098
-5.48729
-5.48256
-5.47661
-5.46986
-5.46238
-5.45541
-5.45055
-5.44829
-5.44835
-5.45215
-5.45766
-5.46681
-5.47887
-5.49306
-5.50806
-5.52357
-5.53837
-5.5539
-5.56733
-5.58046
-5.592
-5.60124
-5.60838
-5.61318
-5.61467
-5.61436
-5.61081
-5.60475
-5.596
-5.58584
-5.57278
-5.55801
-5.54168
-5.52443
-5.50744
-5.49127
-5.47732
-5.46506
-5.45718
-5.45142
-5.44804
-5.44744
-5.44965
-5.45453
-5.46023
-5.467
-5.47404
-5.48033
-5.48527
-5.48881
-5.49068
-5.4922
-5.49325
-5.49447
-5.496
-5.49728
-5.49972
-5.50165
-5.50575
-5.50917
-5.51488
-5.52085
-5.52644
-5.53242
-5.53809
-5.54184
-5.5433
-5.54334
-5.54172
-5.53711
-5.53112
-5.52507
-5.51846
-5.51411
-5.51098
-5.51061
-5.5155
-5.52444
-5.53663
-5.55214
-5.56669
-5.58019
-5.59102
-5.59822
-5.60141
-5.60093
-5.59749
-5.59029
-5.58271
-5.57332
-5.56537
-5.5569
-5.55019
-5.54498
-5.53962
-5.53636
-5.53242
-5.53012
-5.5286
-5.52854
-5.52794
-5.52923
-5.52868
-5.52573
-5.52207
-5.51649
-5.51106
-5.5047
-5.49885
-5.49473
-5.49054
-5.48892
-5.48832
-5.4889
-5.49127
-5.49567
-5.50024
-5.50504
-5.51072
-5.51534
-5.51694
-5.51709
-5.51587
-5.51116
-5.50746
-5.50552
-5.50404
-5.50448
-5.5071
-5.51191
-5.518
-5.52619
-5.5347
-5.54355
-5.5537
-5.56067
-5.56548
-5.56796
-5.56836
-5.56596
-5.56078
-5.55461
-5.54816
-5.54237
-5.53735
-5.53392
-5.53481
-5.5356
-5.53941
-5.54445
-5.54966
-5.55468
-5.55848
-5.56069
-5.56139
-5.56027
-5.5578
-5.55443
-5.55099
-5.54787
-5.54363
-5.54059
-5.53685
-5.53223
-5.52813
-5.52392
-5.52046
-5.51804
-5.51803
-5.51921
-5.52366
-5.52862
-5.53658
-5.54479
-5.55207
-5.55894
-5.56539
-5.57131
-5.57647
-5.58202
-5.5886
-5.59404
-5.59994
-5.60577
-5.61169
-5.6169
-5.62184
-5.62542
-5.62717
-5.62632
-5.62216
-5.61683
-5.6087
-5.59793
-5.58407
-5.56978
-5.55547
-5.54026
-5.52592
-5.51371
-5.5046
-5.4987
-5.4969
-5.49789
-5.5004
-5.50447
-5.50828
-5.51225
-5.51356
-5.51491
-5.51489
-5.51461
-5.51328
-5.51308
-5.51424
-5.51676
-5.52046
-5.52649
-5.53364
-5.54057
-5.5456
-5.5482
-5.54729
-5.54374
-5.53828
-5.53057
-5.52195
-5.51293
-5.5039
-5.49617
-5.49009
-5.48572
-5.48422
-5.48381
-5.48429
-5.48751
-5.4929
-5.5
-5.50954
-5.52202
-5.53581
-5.55027
-5.56365
-5.57579
-5.58457
-5.59138
-5.59492
-5.59582
-5.59327
-5.58929
-5.58539
-5.58202
-5.57795
-5.57527
-5.57424
-5.57443
-5.57722
-5.58075
-5.58478
-5.5899
-5.59407
-5.59738
-5.59874
-5.59891
-5.59627
-5.59195
-5.58609
-5.57958
-5.57148
-5.56309
-5.55505
-5.54847
-5.5429
-5.54021
-5.5387
-5.54177
-5.5474
-5.55555
-5.56385
-5.57136
-5.57951
-5.58593
-5.59004
-5.59189
-5.59327
-5.59178
-5.58991
-5.58489
-5.57853
-5.5719
-5.56396
-5.55602
-5.54756
-5.53962
-5.53196
-5.5255
-5.52234
-5.52043
-5.52269
-5.52643
-5.53244
-5.53984
-5.54797
-5.55566
-5.56138
-5.56563
-5.56916
-5.56899
-5.56675
-5.56073
-5.55258
-5.54243
-5.53107
-5.51819
-5.50417
-5.49031
-5.47785
-5.46684
-5.45682
-5.4492
-5.44382
-5.44106
-5.44158
-5.44564
-5.45132
-5.46064
-5.47246
-5.48461
-5.49764
-5.51014
-5.52023
-5.52877
-5.53623
-5.53974
-5.5414
-5.54027
-5.53762
-5.53286
-5.52814
-5.5238
-5.52189
-5.52168
-5.52396
-5.52854
-5.53469
-5.54232
-5.55035
-5.55757
-5.56246
-5.56432
-5.56246
-5.55895
-5.55506
-5.55049
-5.54758
-5.54479
-5.54177
-5.53738
-5.53067
-5.52152
-5.50956
-5.49867
-5.48973
-5.48488
-5.48525
-5.49078
-5.49981
-5.51184
-5.525
-5.53835
-5.55149
-5.56202
-5.57139
-5.5783
-5.58191
-5.58358
-5.58211
-5.57878
-5.57452
-5.56966
-5.56498
-5.56034
-5.55561
-5.55188
-5.54862
-5.54784
-5.54677
-5.54705
-5.54842
-5.55381
-5.55755
-5.56181
-5.56665
-5.57133
-5.57489
-5.57694
-5.57647
-5.57374
-5.56947
-5.56295
-5.55501
-5.54701
-5.53999
-5.53623
-5.53498
-5.53881
-5.5476
-5.55946
-5.57298
-5.58671
-5.59751
-5.60441
-5.60474
-5.60255
-5.59692
-5.58793
-5.57837
-5.5691
-5.56255
-5.55762
-5.55426
-5.55259
-5.55178
-5.5529
-5.55401
-5.55569
-5.55795
-5.56037
-5.56227
-5.56413
-5.56313
-5.56017
-5.5545
-5.5483
-5.54012
-5.53264
-5.52405
-5.51799
-5.51436
-5.51332
-5.51469
-5.51749
-5.52235
-5.52761
-5.53176
-5.5359
-5.5403
-5.54424
-5.5469
-5.54961
-5.5513
-5.55214
-5.55108
-5.54868
-5.54683
-5.54481
-5.54136
-5.53563
-5.52841
-5.52021
-5.50976
-5.49817
-5.48434
-5.47287
-5.46293
-5.45752
-5.45855
-5.46339
-5.47094
-5.4813
-5.49141
-5.4999
-5.50503
-5.50497
-5.4997
-5.48892
-5.47403
-5.45762
-5.44171
-5.4291
-5.42156
-5.42034
-5.42755
-5.43909
-5.45398
-5.46943
-5.486
-5.50163
-5.51437
-5.52699
-5.5378
-5.54668
-5.55447
-5.56097
-5.56505
-5.56684
-5.5648
-5.56256
-5.55773
-5.55273
-5.54659
-5.53925
-5.53366
-5.52854
-5.52407
-5.52101
-5.51861
-5.51639
-5.51362
-5.50748
-5.50135
-5.49454
-5.48697
-5.48109
-5.4761
-5.47264
-5.47097
-5.47145
-5.47381
-5.47837
-5.48467
-5.49181
-5.5005
-5.50981
-5.51919
-5.52672
-5.53279
-5.53849
-5.54239
-5.5446
-5.54607
-5.54486
-5.54364
-5.54114
-5.53804
-5.53307
-5.52665
-5.51769
-5.5078
-5.49651
-5.48374
-5.4706
-5.45589
-5.44226
-5.42853
-5.41588
-5.40713
-5.40194
-5.39976
-5.40202
-5.40822
-5.41672
-5.42669
-5.43705
-5.44765
-5.45882
-5.46964
-5.47754
-5.48463
-5.49119
-5.49667
-5.50053
-5.50258
-5.50433
-5.50601
-5.50631
-5.50799
-5.50996
-5.51346
-5.51784
-5.52443
-5.53232
-5.53968
-5.54528
-5.54927
-5.55212
-5.55208
-5.55003
-5.54686
-5.5421
-5.53637
-5.53103
-5.52542
-5.52055
-5.51695
-5.51339
-5.50984
-5.50675
-5.50336
-5.49948
-5.49525
-5.49086
-5.4855
-5.48029
-5.47481
-5.47005
-5.46518
-5.46146
-5.46063
-5.46197
-5.46571
-5.47185
-5.48006
-5.48842
-5.49909
-5.50897
-5.51929
-5.52899
-5.53883
-5.54889
-5.55879
-5.56805
-5.57735
-5.58548
-5.59054
-5.59404
-5.59547
-5.59571
-5.59415
-5.59094
-5.58455
-5.57613
-5.5654
-5.55282
-5.5397
-5.52662
-5.51426
-5.50472
-5.4978
-5.49404
-5.49293
-5.49466
-5.49734
-5.50254
-5.50775
-5.51396
-5.51976
-5.5243
-5.5273
-5.52769
-5.52389
-5.51685
-5.50522
-5.49086
-5.47498
-5.46029
-5.44825
-5.44116
-5.44001
-5.44722
-5.45997
-5.47759
-5.49802
-5.52071
-5.54058
-5.55575
-5.56547
-5.57005
-5.56875
-5.56091
-5.54977
-5.53514
-5.5214
-5.51063
-5.50493
-5.50325
-5.50601
-5.5103
-5.51472
-5.51903
-5.52263
-5.52599
-5.52962
-5.53402
-5.53889
-5.54484
-5.55061
-5.55779
-5.56436
-5.57116
-5.57891
-5.58504
-5.58976
-5.59295
-5.59427
-5.59411
-5.59516
-5.59619
-5.59822
-5.60091
-5.60335
-5.60644
-5.60842
-5.60888
-5.60634
-5.5998
-5.59064
-5.57898
-5.56709
-5.55549
-5.54578
-5.53807
-5.53433
-5.53465
-5.53752
-5.54109
-5.54564
-5.54963
-5.55282
-5.55347
-5.55442
-5.55398
-5.55169
-5.54703
-5.54212
-5.5365
-5.53135
-5.52855
-5.5265
-5.52612
-5.52941
-5.53411
-5.5406
-5.54866
-5.55699
-5.56365
-5.56913
-5.57348
-5.57749
-5.58026
-5.58234
-5.58437
-5.58599
-5.58703
-5.58808
-5.58998
-5.59312
-5.59764
-5.60183
-5.60705
-5.6117
-5.61471
-5.61569
-5.61416
-5.61076
-5.60567
-5.60011
-5.59635
-5.59472
-5.59768
-5.60509
-5.61494
-5.62423
-5.63217
-5.63723
-5.63939
-5.63886
-5.63558
-5.62965
-5.62407
-5.61903
-5.61369
-5.60948
-5.60725
-5.60586
-5.60578
-5.60679
-5.60849
-5.60994
-5.61097
-5.61228
-5.61222
-5.61161
-5.60951
-5.60752
-5.60395
-5.59934
-5.59379
-5.58865
-5.58218
-5.576
-5.56847
-5.56008
-5.55268
-5.54616
-5.54101
-5.53548
-5.53057
-5.52629
-5.52232
-5.51972
-5.5166
-5.51711
-5.51905
-5.52452
-5.53091
-5.53921
-5.54759
-5.55705
-5.56621
-5.57413
-5.57993
-5.58499
-5.58957
-5.59323
-5.59659
-5.59896
-5.6001
-5.60099
-5.60064
-5.59975
-5.59859
-5.59638
-5.59413
-5.58945
-5.58541
-5.58006
-5.57627
-5.571
-5.56546
-5.56118
-5.5575
-5.555
-5.55355
-5.5535
-5.55498
-5.55915
-5.5638
-5.57231
-5.58262
-5.59376
-5.60397
-5.61398
-5.62355
-5.62991
-5.6336
-5.63439
-5.63228
-5.62833
-5.6226
-5.61486
-5.6067
-5.59643
-5.5874
-5.5788
-5.56961
-5.56199
-5.5559
-5.55226
-5.55128
-5.55291
-5.55581
-5.5608
-5.56655
-5.57352
-5.58183
-5.589
-5.59649
-5.60191
-5.60642
-5.60867
-5.60633
-5.59997
-5.59111
-5.57924
-5.56588
-5.55283
-5.53971
-5.52934
-5.52065
-5.51599
-5.51502
-5.51653
-5.52019
-5.52393
-5.52891
-5.53236
-5.5342
-5.53461
-5.53415
-5.53294
-5.53075
-5.52703
-5.52228
-5.51752
-5.51166
-5.50563
-5.5002
-5.49645
-5.4935
-5.4903
-5.48788
-5.48356
-5.47774
-5.47193
-5.46517
-5.45906
-5.45364
-5.4509
-5.44987
-5.45294
-5.45916
-5.46996
-5.48242
-5.49804
-5.51486
-5.53092
-5.5459
-5.55853
-5.56759
-5.57337
-5.57529
-5.57307
-5.56659
-5.557
-5.54442
-5.53062
-5.51645
-5.50219
-5.48785
-5.47589
-5.46593
-5.45868
-5.45274
-5.44807
-5.44484
-5.44421
-5.44205
-5.44054
-5.44044
-5.44126
-5.44488
-5.45221
-5.46078
-5.46941
-5.4777
-5.48358
-5.48686
-5.48849
-5.48942
-5.48809
-5.48646
-5.48536
-5.4837
-5.48187
-5.48
-5.47818
-5.4782
-5.47806
-5.47961
-5.48236
-5.48606
-5.49144
-5.49812
-5.50565
-5.51439
-5.52351
-5.53116
-5.53947
-5.54531
-5.5488
-5.55192
-5.55286
-5.55169
-5.54964
-5.54792
-5.54788
-5.54915
-5.5529
-5.55832
-5.56381
-5.56972
-5.57332
-5.57541
-5.57471
-5.57224
-5.56556
-5.55658
-5.54592
-5.53275
-5.52083
-5.51092
-5.50244
-5.49815
-5.49695
-5.49944
-5.50285
-5.50804
-5.51213
-5.51744
-5.52248
-5.52675
-5.53009
-5.53246
-5.53437
-5.53783
-5.54007
-5.5415
-5.54404
-5.54602
-5.54989
-5.55339
-5.55727
-5.56063
-5.56325
-5.56508
-5.56362
-5.56061
-5.55607
-5.54997
-5.54267
-5.53452
-5.52754
-5.51983
-5.51357
-5.50757
-5.50298
-5.49794
-5.49371
-5.4896
-5.48616
-5.48421
-5.48379
-5.48427
-5.48702
-5.49063
-5.49632
-5.50194
-5.5076
-5.51258
-5.51635
-5.51826
-5.51987
-5.52053
-5.52072
-5.52065
-5.52156
-5.52213
-5.52337
-5.52523
-5.52684
-5.5306
-5.53422
-5.53831
-5.54244
-5.54698
-5.55093
-5.55435
-5.55619
-5.55788
-5.55884
-5.56043
-5.56255
-5.56523
-5.57086
-5.57865
-5.58805
-5.59814
-5.61042
-5.62252
-5.63208
-5.63741
-5.63921
-5.63715
-5.63235
-5.62663
-5.62039
-5.6174
-5.61663
-5.6171
-5.61781
-5.61736
-5.61604
-5.61549
-5.61462
-5.6149
-5.6164
-5.62014
-5.62634
-5.63485
-5.64406
-5.65389
-5.66397
-5.67335
-5.68051
-5.68411
-5.68377
-5.68072
-5.67655
-5.66968
-5.66179
-5.6535
-5.64751
-5.64416
-5.64334
-5.64307
-5.64353
-5.64275
-5.64203
-5.64016
-5.63647
-5.63276
-5.62832
-5.62364
-5.6186
-5.61344
-5.60829
-5.60412
-5.59859
-5.59219
-5.58592
-5.58106
-5.57701
-5.57482
-5.57585
-5.58056
-5.58743
-5.59788
-5.61117
-5.62419
-5.63734
-5.64946
-5.66009
-5.66926
-5.67775
-5.68364
-5.68823
-5.69064
-5.69216
-5.69152
-5.69039
-5.68868
-5.68612
-5.68334
-5.67986
-5.67717
-5.67317
-5.66833
-5.66122
-5.65301
-5.64562
-5.63699
-5.62679
-5.61854
-5.61069
-5.60534
-5.60259
-5.6035
-5.60641
-5.61067
-5.61593
-5.62149
-5.62746
-5.63329
-5.63744
-5.6386
-5.63891
-5.63564
-5.62873
-5.61944
-5.60792
-5.59517
-5.58107
-5.56643
-5.55372
-5.54504
-5.53952
-5.53919
-5.54236
-5.54856
-5.55783
-5.56926
-5.58219
-5.59314
-5.60365
-5.61272
-5.61978
-5.62371
-5.62489
-5.62454
-5.62286
-5.61999
-5.6163
-5.61182
-5.60699
-5.60308
-5.59925
-5.59496
-5.58981
-5.58406
-5.5788
-5.57439
-5.57059
-5.56716
-5.56478
-5.56203
-5.56197
-5.56412
-5.56742
-5.57133
-5.57639
-5.58248
-5.58954
-5.5962
-5.60242
-5.60775
-5.61225
-5.61519
-5.61606
-5.61613
-5.61299
-5.60786
-5.60158
-5.59503
-5.58887
-5.58317
-5.57962
-5.57719
-5.57599
-5.57428
-5.57403
-5.5737
-5.57146
-5.56899
-5.56631
-5.56335
-5.56223
-5.56088
-5.56076
-5.56203
-5.56359
-5.56555
-5.56756
-5.57005
-5.57255
-5.57483
-5.57468
-5.57325
-5.57049
-5.56525
-5.55829
-5.5506
-5.54163
-5.53436
-5.52732
-5.52179
-5.51827
-5.51678
-5.51704
-5.51952
-5.5231
-5.52868
-5.53399
-5.54131
-5.54927
-5.55729
-5.56541
-5.5731
-5.58005
-5.58694
-5.59274
-5.59729
-5.59919
-5.6001
-5.59979
-5.59766
-5.5935
-5.58768
-5.5799
-5.57285
-5.56718
-5.56258
-5.56083
-5.56022
-5.56133
-5.56406
-5.56752
-5.57178
-5.57658
-5.58004
-5.58348
-5.58549
-5.58643
-5.58724
-5.58636
-5.5857
-5.5827
-5.57904
-5.57647
-5.57348
-5.57209
-5.57377
-5.57759
-5.58343
-5.58924
-5.59565
-5.60041
-5.60417
-5.60681
-5.60808
-5.60911
-5.60935
-5.61026
-5.61062
-5.61198
-5.61224
-5.61261
-5.61364
-5.61437
-5.61429
-5.61352
-5.61416
-5.61379
-5.61304
-5.61237
-5.61183
-5.61082
-5.61
-5.60917
-5.60956
-5.61278
-5.61815
-5.62461
-5.63328
-5.64327
-5.65291
-5.66224
-5.67062
-5.67775
-5.68349
-5.68522
-5.68463
-5.68047
-5.67436
-5.66664
-5.65817
-5.64724
-5.63552
-5.62333
-5.61039
-5.59779
-5.58549
-5.57352
-5.56421
-5.55607
-5.55109
-5.54799
-5.54761
-5.54771
-5.54948
-5.55005
-5.54934
-5.54762
-5.54473
-5.53935
-5.53247
-5.52477
-5.51764
-5.51087
-5.50719
-5.5057
-5.50747
-5.51142
-5.51672
-5.52304
-5.53029
-5.53657
-5.54262
-5.54787
-5.55311
-5.55774
-5.562
-5.56604
-5.57046
-5.57597
-5.58107
-5.58836
-5.59575
-5.6037
-5.6104
-5.61787
-5.62473
-5.62994
-5.63165
-5.63108
-5.62785
-5.62138
-5.61365
-5.60539
-5.59619
-5.58812
-5.58144
-5.57609
-5.5748
-5.57492
-5.57724
-5.58096
-5.58389
-5.58617
-5.58696
-5.58603
-5.58357
-5.58041
-5.57838
-5.57475
-5.5715
-5.57034
-5.5684
-5.56758
-5.5675
-5.56689
-5.56589
-5.56354
-5.55988
-5.55457
-5.54801
-5.54063
-5.53208
-5.52393
-5.51749
-5.51364
-5.51245
-5.51435
-5.51918
-5.52627
-5.53557
-5.54698
-5.55761
-5.56835
-5.57674
-5.58309
-5.58604
-5.58655
-5.5839
-5.57875
-5.57488
-5.57261
-5.57264
-5.57492
-5.57997
-5.58834
-5.59829
-5.60879
-5.6189
-5.62775
-5.63347
-5.63756
-5.63796
-5.63535
-5.6307
-5.62371
-5.61534
-5.60569
-5.59628
-5.58629
-5.57853
-5.57217
-5.56796
-5.56811
-5.57248
-5.57899
-5.58767
-5.59618
-5.60266
-5.60664
-5.60746
-5.60543
-5.6004
-5.59308
-5.58492
-5.57548
-5.56561
-5.55597
-5.54675
-5.53702
-5.52728
-5.51806
-5.51006
-5.50348
-5.49956
-5.49947
-5.50343
-5.51165
-5.52352
-5.53778
-5.55128
-5.5624
-5.57057
-5.57636
-5.57842
-5.57698
-5.57168
-5.56491
-5.55621
-5.54763
-5.53887
-5.52978
-5.52107
-5.51396
-5.50812
-5.50374
-5.50077
-5.50042
-5.50141
-5.50288
-5.50581
-5.50924
-5.51227
-5.51476
-5.51661
-5.52091
-5.5267
-5.5354
-5.54805
-5.56335
-5.57927
-5.59512
-5.60992
-5.62248
-5.63114
-5.6379
-5.64086
-5.64181
-5.64179
-5.64008
-5.63679
-5.63286
-5.62935
-5.62475
-5.6208
-5.61726
-5.61544
-5.61464
-5.61494
-5.6148
-5.61487
-5.61443
-5.61396
-5.61245
-5.61189
-5.61096
-5.60991
-5.6096
-5.61077
-5.61144
-5.61108
-5.61165
-5.61174
-5.61122
-5.60995
-5.60909
-5.60645
-5.60291
-5.59753
-5.59239
-5.58695
-5.5816
-5.57739
-5.57457
-5.57315
-5.57279
-5.57449
-5.57671
-5.57895
-5.58125
-5.58145
-5.58075
-5.57843
-5.57579
-5.57182
-5.56753
-5.56249
-5.55689
-5.55175
-5.54891
-5.54768
-5.54643
-5.54609
-5.54621
-5.5474
-5.54814
-5.55014
-5.55102
-5.55101
-5.54956
-5.5482
-5.54769
-5.54618
-5.54726
-5.54775
-5.54946
-5.55169
-5.55428
-5.55653
-5.55917
-5.56075
-5.56239
-5.56429
-5.56449
-5.56616
-5.56918
-5.57335
-5.58124
-5.59105
-5.60138
-5.61053
-5.6171
-5.6218
-5.62321
-5.62252
-5.61903
-5.61468
-5.60915
-5.60373
-5.59936
-5.59711
-5.59549
-5.59743
-5.6013
-5.60587
-5.6099
-5.61376
-5.61732
-5.6191
-5.62021
-5.61945
-5.6182
-5.61622
-5.61382
-5.61046
-5.6077
-5.6066
-5.60611
-5.60717
-5.61045
-5.61506
-5.62062
-5.62628
-5.63062
-5.63317
-5.63311
-5.63062
-5.62507
-5.61656
-5.60569
-5.59282
-5.57842
-5.56408
-5.54983
-5.53912
-5.53157
-5.52952
-5.53144
-5.53728
-5.54683
-5.55832
-5.57081
-5.58164
-5.5908
-5.59763
-5.60353
-5.60597
-5.60665
-5.60516
-5.60165
-5.59632
-5.59034
-5.58354
-5.57711
-5.56971
-5.56452
-5.55879
-5.55551
-5.55417
-5.55357
-5.55352
-5.55451
-5.55601
-5.55687
-5.55698
-5.55763
-5.55747
-5.55763
-5.55682
-5.55655
-5.55431
-5.55279
-5.5506
-5.54928
-5.54676
-5.54559
-5.54533
-5.54673
-5.54989
-5.55393
-5.56036
-5.56676
-5.57267
-5.57729
-5.58169
-5.58489
-5.58732
-5.58899
-5.58834
-5.58773
-5.58583
-5.58301
-5.58015
-5.57747
-5.57661
-5.57607
-5.57671
-5.5787
-5.5805
-5.58434
-5.58654
-5.58851
-5.58855
-5.58925
-5.5885
-5.58708
-5.58529
-5.58364
-5.5804
-5.57689
-5.5714
-5.56498
-5.55915
-5.55207
-5.54512
-5.53979
-5.53618
-5.53252
-5.53115
-5.53161
-5.53415
-5.53762
-5.54344
-5.55124
-5.55838
-5.56647
-5.57268
-5.57932
-5.58519
-5.59007
-5.59494
-5.59943
-5.6026
-5.60345
-5.60131
-5.59687
-5.59105
-5.58217
-5.57173
-5.56203
-5.55232
-5.54323
-5.53608
-5.53242
-5.53155
-5.5322
-5.53381
-5.53699
-5.53862
-5.53957
-5.54049
-5.53892
-5.53803
-5.53787
-5.54113
-5.54746
-5.55641
-5.56803
-5.58084
-5.5948
-5.60799
-5.61854
-5.62944
-5.63963
-5.64622
-5.6511
-5.65334
-5.65319
-5.65214
-5.64769
-5.64161
-5.6335
-5.62396
-5.61265
-5.59981
-5.58724
-5.57563
-5.56456
-5.55524
-5.5493
-5.54522
-5.54317
-5.54395
-5.54625
-5.55071
-5.55506
-5.55767
-5.55964
-5.55927
-5.55848
-5.55756
-5.55735
-5.55878
-5.56077
-5.56397
-5.56712
-5.56996
-5.57081
-5.5712
-5.57217
-5.57169
-5.57222
-5.57332
-5.57459
-5.5759
-5.57715
-5.57697
-5.57614
-5.57464
-5.57195
-5.57101
-5.5709
-5.57162
-5.57486
-5.58067
-5.58907
-5.60105
-5.61721
-5.6345
-5.65061
-5.6635
-5.67276
-5.67696
-5.67634
-5.66973
-5.65987
-5.64519
-5.62604
-5.60728
-5.5883
-5.56911
-5.55326
-5.54287
-5.53668
-5.53506
-5.53733
-5.54355
-5.551
-5.56024
-5.56986
-5.57806
-5.58528
-5.5922
-5.59783
-5.60055
-5.60238
-5.60284
-5.60257
-5.60273
-5.60359
-5.6043
-5.60573
-5.60647
-5.60589
-5.60443
-5.60027
-5.59341
-5.58542
-5.57696
-5.56702
-5.55791
-5.55049
-5.54468
-5.54
-5.53675
-5.53495
-5.534
-5.53264
-5.53023
-5.52842
-5.52721
-5.52652
-5.52832
-5.53263
-5.53892
-5.5467
-5.55734
-5.56814
-5.57661
-5.58434
-5.5896
-5.59276
-5.59599
-5.59753
-5.59796
-5.59727
-5.59619
-5.59473
-5.59315
-5.59225
-5.59318
-5.59729
-5.60542
-5.61613
-5.62835
-5.64003
-5.65166
-5.66117
-5.66748
-5.66955
-5.66878
-5.66603
-5.66087
-5.65483
-5.64882
-5.64345
-5.63966
-5.63759
-5.636
-5.63578
-5.63602
-5.63461
-5.63221
-5.62983
-5.62597
-5.61983
-5.61349
-5.60585
-5.5984
-5.59214
-5.58822
-5.58675
-5.5869
-5.58953
-5.59385
-5.59729
-5.60108
-5.6017
-5.60176
-5.6003
-5.59837
-5.59668
-5.5945
-5.5929
-5.59281
-5.59417
-5.59406
-5.59533
-5.5955
-5.59553
-5.594
-5.59075
-5.58763
-5.58259
-5.57622
-5.56834
-5.56074
-5.55362
-5.54735
-5.54336
-5.54287
-5.54524
-5.54985
-5.55733
-5.56619
-5.57488
-5.58312
-5.59079
-5.59772
-5.60347
-5.60784
-5.60948
-5.60954
-5.6078
-5.60354
-5.59729
-5.59038
-5.58204
-5.57342
-5.56561
-5.55926
-5.55402
-5.55144
-5.55231
-5.55611
-5.56011
-5.5641
-5.56753
-5.56896
-5.56937
-5.56907
-5.56798
-5.56749
-5.56752
-5.57049
-5.57448
-5.57842
-5.58301
-5.5882
-5.59304
-5.59666
-5.5992
-5.59918
-5.59592
-5.59006
-5.58023
-5.56754
-5.55284
-5.53802
-5.52606
-5.51837
-5.51383
-5.51398
-5.51921
-5.52768
-5.53846
-5.54959
-5.56216
-5.57487
-5.5867
-5.59685
-5.60744
-5.61646
-5.62336
-5.62949
-5.63447
-5.63842
-5.64131
-5.64329
-5.64328
-5.64424
-5.64367
-5.64204
-5.64069
-5.63802
-5.63439
-5.63031
-5.62604
-5.61906
-5.61145
-5.60414
-5.59656
-5.5883
