   0.0115332           0           0
   0.0345996           0           0
   0.0576661           0           0
   0.0807325           0           0
    0.103799           0           0
    0.126865           0           0
    0.149932           0           0
    0.172998           0           0
    0.196065           0           0
    0.219131           0           0
    0.242198           0           0
    0.265264           0           0
     0.28833           0           0
    0.311397           0           0
    0.334463           0           0
     0.35753           0           0
    0.380596           0           0
    0.403663           0           0
    0.426729           0           0
    0.449795           0           0
    0.472862           0           0
    0.495928           0           0
    0.518995           0           0
    0.542061           0           0
    0.565128           0           0
    0.588194           0           0
     0.61126           0           0
    0.634327           0           0
    0.657393           0           0
     0.68046           0           0
    0.703526           0           0
    0.726593           0           0
    0.749659           0           0
    0.772725           0           0
    0.795792           0           0
    0.818858           0           0
    0.841925           0           0
    0.864991           0           0
    0.888058 4.41843e-05 4.41843e-05
    0.911124 0.000895479 0.000212517
     0.93419   0.0211754  0.00117218
    0.957257    0.191493  0.00309461
    0.980323    0.812867  0.00646584
     1.00339     2.03675  0.00801091
     1.02646      3.5737    0.011232
     1.04952     4.78734   0.0107178
     1.07259     5.18702   0.0157053
     1.09566     4.78324   0.0144109
     1.11872     3.83454   0.0129457
     1.14179     2.74177   0.0101617
     1.16485      1.7784  0.00807813
     1.18792     1.04449  0.00714414
     1.21099    0.568402  0.00507534
     1.23405    0.282303  0.00350997
     1.25712    0.126288  0.00284538
     1.28019   0.0552969  0.00193727
     1.30325    0.025933  0.00140262
     1.32632   0.0237777  0.00137241
     1.34939   0.0374718  0.00141875
     1.37245      0.0749  0.00169703
     1.39552    0.148313  0.00271414
     1.41859    0.268858  0.00384738
     1.44165    0.429761  0.00388641
     1.46472    0.629301  0.00394541
     1.48778    0.829973   0.0051943
     1.51085    0.982723  0.00636071
     1.53392      1.0441   0.0064336
     1.55698    0.996333  0.00600565
     1.58005    0.848743  0.00461508
     1.60312    0.653273  0.00377735
     1.62618    0.452014  0.00312565
     1.64925     0.28264  0.00320178
     1.67232    0.169478  0.00303081
     1.69538    0.131408  0.00301582
     1.71845    0.183558  0.00364704
     1.74152    0.346506  0.00421023
     1.76458    0.658708  0.00426275
     1.78765     1.13403  0.00514702
     1.81071     1.71227  0.00636679
     1.83378     2.30107  0.00571113
     1.85685     2.74003  0.00825982
     1.87991     2.89629  0.00884123
     1.90298     2.71165   0.0112326
     1.92605     2.27856  0.00751139
     1.94911     1.70607  0.00485092
     1.97218     1.15879  0.00481668
     1.99525     0.71817  0.00507054
     2.01831    0.447946  0.00501253
     2.04138    0.350941  0.00383591
     2.06445    0.397777  0.00369713
     2.08751    0.550383  0.00373269
     2.11058    0.756581  0.00340895
     2.13364    0.945767  0.00333975
     2.15671     1.05391   0.0040834
     2.17978     1.05446  0.00490359
     2.20284    0.959235  0.00431426
     2.22591    0.799192  0.00312639
     2.24898     0.62968  0.00248365
     2.27204    0.513967  0.00411382
     2.29511      0.4967  0.00543763
