   0.0323165           0           0
   0.0969496           0           0
    0.161583           0           0
    0.226216           0           0
    0.290849           0           0
    0.355482           0           0
    0.420115           0           0
    0.484748           0           0
    0.549381           0           0
    0.614014           0           0
    0.678647           0           0
     0.74328           0           0
    0.807913           0           0
    0.872546  0.00155657 0.000798834
    0.937179    0.175832   0.0111188
     1.00181     1.12179    0.038411
     1.06645     1.96864   0.0565368
     1.13108     2.00243   0.0564799
     1.19571     1.82024   0.0443075
     1.26034     1.78125   0.0489463
     1.32498     1.62613   0.0453638
     1.38961     1.55089   0.0404387
     1.45424     1.34062   0.0331172
     1.51888     1.22877   0.0298687
     1.58351     1.17783   0.0293508
     1.64814     1.10222   0.0241449
     1.71278     1.09273   0.0244437
     1.77741     1.08162    0.023699
     1.84204      1.0317   0.0202933
     1.90667      1.0523   0.0211832
     1.97131     1.04197   0.0217778
     2.03594     1.06094    0.024406
     2.10057     1.01947   0.0192241
     2.16521     1.02261   0.0231928
     2.22984     1.03896   0.0206067
     2.29447     1.04275   0.0181276
     2.35911     1.06362   0.0173699
     2.42374     1.02396   0.0187301
     2.48837    0.999405   0.0182635
     2.55301     1.00527   0.0170556
     2.61764     1.01747   0.0163685
     2.68227     1.00566   0.0138854
      2.7469    0.980782   0.0141608
     2.81154    0.984503   0.0174228
     2.87617     1.00136   0.0144067
      2.9408    0.991401   0.0140236
     3.00544    0.990253   0.0146111
     3.07007    0.972065   0.0119029
      3.1347    0.961936   0.0133439
     3.19934    0.975996   0.0125759
     3.26397    0.981804   0.0125405
      3.3286    0.964296   0.0116435
     3.39323    0.981907   0.0109077
     3.45787    0.994703   0.0127624
      3.5225    0.975536   0.0114149
     3.58713    0.977696   0.0127155
     3.65177    0.982698    0.011491
      3.7164    0.980853  0.00928582
     3.78103    0.971057   0.0125479
     3.84567    0.970826   0.0100311
      3.9103    0.984281  0.00988071
     3.97493    0.971713  0.00939257
     4.03957    0.965207  0.00950606
      4.1042    0.964257   0.0109737
     4.16883    0.980559   0.0101905
     4.23346    0.976586   0.0105141
      4.2981    0.976716   0.0109951
     4.36273    0.963037   0.0103651
     4.42736    0.981093  0.00915815
       4.492    0.986809  0.00974965
     4.55663    0.990129  0.00915964
     4.62126    0.977676  0.00862193
      4.6859    0.986998  0.00711823
     4.75053    0.998946  0.00883513
     4.81516    0.988004  0.00997013
     4.87979    0.993254    0.010247
     4.94443    0.992898  0.00950724
     5.00906    0.988432  0.00737394
     5.07369    0.992843  0.00694447
     5.13833    0.985395  0.00725197
     5.20296     1.00203  0.00906183
     5.26759     1.00001  0.00899069
     5.33223     1.00856  0.00916004
     5.39686     1.00677  0.00744638
     5.46149     1.00897  0.00708962
     5.52612    0.981443  0.00693523
     5.59076    0.988098  0.00716633
     5.65539    0.995717  0.00688379
     5.72002     0.99909   0.0070868
     5.78466    0.993476  0.00796789
     5.84929    0.981825  0.00588316
     5.91392      0.9949  0.00542663
     5.97856     1.00097  0.00627217
     6.04319    0.996128  0.00646851
     6.10782    0.995874  0.00686423
     6.17246    0.999951  0.00758863
     6.23709     1.00342  0.00642094
     6.30172     1.00248  0.00682193
     6.36635     1.00044  0.00805506
     6.43099    0.998948   0.0068693
