-7.84036
-7.80385
-7.72844
-7.63797
-7.53569
-7.42333
-7.3053
-7.1903
-7.08594
-6.99745
-6.93104
-6.88975
-6.87263
-6.8782
-6.90194
-6.93607
-6.97503
-7.01458
-7.04871
-7.07687
-7.09655
-7.10867
-7.11183
-7.10695
-7.0968
-7.08477
-7.07178
-7.06103
-7.05067
-7.04604
-7.04756
-7.05905
-7.07687
-7.10285
-7.13414
-7.17073
-7.20798
-7.24226
-7.2753
-7.30335
-7.32235
-7.33207
-7.33634
-7.33247
-7.32453
-7.30859
-7.29188
-7.2706
-7.24986
-7.23011
-7.21108
-7.19665
-7.18298
-7.17543
-7.16835
-7.16235
-7.15969
-7.15829
-7.15766
-7.16212
-7.16575
-7.17506
-7.18494
-7.19561
-7.20646
-7.21699
-7.22658
-7.23228
-7.23851
-7.24147
-7.24235
-7.242
-7.24035
-7.23471
-7.22921
-7.22471
-7.2199
-7.21442
-7.20884
-7.20444
-7.19891
-7.19534
-7.19327
-7.19283
-7.19343
-7.19553
-7.19774
-7.19958
-7.20144
-7.20265
-7.1995
-7.1922
-7.18344
-7.1719
-7.15865
-7.14838
-7.13602
-7.12632
-7.12037
-7.11738
-7.11802
-7.12132
-7.12827
-7.13299
-7.13997
-7.14539
-7.14916
-7.14914
-7.14747
-7.1412
-7.13657
-7.13143
-7.1259
-7.12175
-7.12228
-7.12717
-7.13779
-7.15364
-7.17491
-7.201
-7.22588
-7.24954
-7.27273
-7.29211
-7.30663
-7.31427
-7.32169
-7.32046
-7.31187
-7.29943
-7.28441
-7.26762
-7.24882
-7.23236
-7.21448
-7.20034
-7.19317
-7.1892
-7.18814
-7.18854
-7.19439
-7.2015
-7.20517
-7.20436
-7.20306
-7.19848
-7.19344
-7.18791
-7.18157
-7.1738
-7.16506
-7.15749
-7.14909
-7.14176
-7.1393
-7.13734
-7.14146
-7.14578
-7.15354
-7.16398
-7.17547
-7.18815
-7.19774
-7.20791
-7.21152
-7.21153
-7.20743
-7.20091
-7.19261
-7.18241
-7.17375
-7.16415
-7.15963
-7.15776
-7.15563
-7.15413
-7.1584
-7.16271
-7.17316
-7.18483
-7.19956
-7.21541
-7.23333
-7.24809
-7.2561
-7.26532
-7.27148
-7.27316
-7.27019
-7.26498
-7.2554
-7.24547
-7.23201
-7.21974
-7.20827
-7.19912
-7.19028
-7.18748
-7.18558
-7.1878
-7.19145
-7.19588
-7.20205
-7.20754
-7.21266
-7.21799
-7.22044
-7.21907
-7.21794
-7.21794
-7.21655
-7.21376
-7.21103
-7.20451
-7.20154
-7.19456
-7.18942
-7.18521
-7.17796
-7.17249
-7.17001
-7.16716
-7.16443
-7.16163
-7.15882
-7.15869
-7.15911
-7.16177
-7.16092
-7.164
-7.1708
-7.17895
-7.18593
-7.19094
-7.19611
-7.19918
-7.19881
-7.19692
-7.191
-7.18525
-7.17855
-7.1722
-7.16771
-7.16441
-7.16071
-7.15583
-7.15294
-7.15011
-7.15034
-7.15059
-7.14942
-7.15141
-7.1539
-7.15921
-7.16253
-7.16649
-7.17126
-7.17621
-7.18384
-7.18946
-7.1961
-7.20248
-7.21273
-7.22222
-7.23124
-7.24327
-7.25165
-7.26187
-7.27246
-7.27987
-7.28998
-7.2935
-7.29816
-7.29449
-7.28708
-7.28008
-7.26998
-7.25945
-7.24429
-7.23196
-7.21772
-7.20396
-7.18829
-7.1765
-7.1625
-7.15384
-7.1473
-7.14529
-7.1482
-7.15239
-7.16081
-7.16787
-7.17462
-7.1786
-7.179
-7.17854
-7.17256
-7.1649
-7.15772
-7.15064
-7.14456
-7.14101
-7.14575
-7.15342
-7.16769
-7.18545
-7.20707
-7.22529
-7.24228
-7.25492
-7.26429
-7.26867
-7.26863
-7.26259
-7.25246
-7.23791
-7.21699
-7.19458
-7.17355
-7.15147
-7.13623
-7.12414
-7.11464
-7.11161
-7.11598
-7.12434
-7.13586
-7.15285
-7.16795
-7.18395
-7.19663
-7.21087
-7.22104
-7.22762
-7.23212
-7.23221
-7.2301
-7.22395
-7.21975
-7.21275
-7.20651
-7.20247
-7.20154
-7.19899
-7.19869
-7.2015
-7.20245
-7.20431
-7.2082
-7.21358
-7.21658
-7.22037
-7.22414
-7.22383
-7.22461
-7.22146
-7.21835
-7.21516
-7.20951
-7.20083
-7.19265
-7.18234
-7.17188
-7.16352
-7.15362
-7.14372
-7.13295
-7.12852
-7.12445
-7.12696
-7.13461
-7.14426
-7.15503
-7.16786
-7.18148
-7.19307
-7.20807
-7.21811
-7.22624
-7.23341
-7.23419
-7.23433
-7.22907
-7.22349
-7.21648
-7.2065
-7.19799
-7.19009
-7.18232
-7.17919
-7.17745
-7.18014
-7.1858
-7.19152
-7.19641
-7.20512
-7.21095
-7.21527
-7.21932
-7.21944
-7.21994
-7.21937
-7.21685
-7.21392
-7.21239
-7.20924
-7.20776
-7.20467
-7.20281
-7.19888
-7.19237
-7.18282
-7.17641
-7.16808
-7.16061
-7.155
-7.15733
-7.16357
-7.17654
-7.19457
-7.21094
-7.2263
-7.24232
-7.25205
-7.26072
-7.26559
-7.26676
-7.26258
-7.25571
-7.2456
-7.23329
-7.22085
-7.20737
-7.19172
-7.17642
-7.16282
-7.1476
-7.13466
-7.12441
-7.12205
-7.12406
-7.1319
-7.1415
-7.15591
-7.1711
-7.18832
-7.20281
-7.21308
-7.21957
-7.22379
-7.22204
-7.2144
-7.20589
-7.19855
-7.19162
-7.18869
-7.18681
-7.18566
-7.18844
-7.19183
-7.19946
-7.20772
-7.21241
-7.21774
-7.22001
-7.21608
-7.20616
-7.19316
-7.17972
-7.16306
-7.14965
-7.14003
-7.1335
-7.13453
-7.13947
-7.14929
-7.16137
-7.1729
-7.18793
-7.20011
-7.21399
-7.22455
-7.23165
-7.23804
-7.24227
-7.24248
-7.24091
-7.24071
-7.23978
-7.2391
-7.23603
-7.2349
-7.23441
-7.23348
-7.23578
-7.23481
-7.23322
-7.23205
-7.22897
-7.2218
-7.21652
-7.21235
-7.20669
-7.20314
-7.1999
-7.19647
-7.19231
-7.19053
-7.19156
-7.19259
-7.19506
-7.1975
-7.19703
-7.19554
-7.19195
-7.18378
-7.17865
-7.17067
-7.16122
-7.1517
-7.14234
-7.13543
-7.12746
-7.12267
-7.11989
-7.12028
-7.1263
-7.13358
-7.14274
-7.15267
-7.1629
-7.17183
-7.17568
-7.17968
-7.18347
-7.18594
-7.18784
-7.18769
-7.18726
-7.18969
-7.1936
-7.19423
-7.19516
-7.1958
-7.19447
-7.19316
-7.19332
-7.19446
-7.19327
-7.19234
-7.19405
-7.19565
-7.19912
-7.20234
-7.20735
-7.21286
-7.2193
-7.22392
-7.22664
-7.23079
-7.23277
-7.23522
-7.23888
-7.24412
-7.24797
-7.25144
-7.25381
-7.25216
-7.25149
-7.24529
-7.23879
-7.2279
-7.21881
-7.20841
-7.20148
-7.19914
-7.19528
-7.19756
-7.20235
-7.20634
-7.21144
-7.21019
-7.20912
-7.20451
-7.19686
-7.18696
-7.17722
-7.1676
-7.15986
-7.15375
-7.14918
-7.14819
-7.15228
-7.15724
-7.16186
-7.1685
-7.17668
-7.18293
-7.18788
-7.19111
-7.19564
-7.19846
-7.20117
-7.20439
-7.20497
-7.20706
-7.20913
-7.21133
-7.21214
-7.21313
-7.21212
-7.21018
-7.20743
-7.20418
-7.20041
-7.19712
-7.19217
-7.18755
-7.18373
-7.18158
-7.18095
-7.18256
-7.1851
-7.18967
-7.19543
-7.20311
-7.21051
-7.21455
-7.21871
-7.22227
-7.22624
-7.22674
-7.22588
-7.22362
-7.2176
-7.21119
-7.20284
-7.19528
-7.18701
-7.18208
-7.17938
-7.17855
-7.17864
-7.17797
-7.17947
-7.1801
-7.18028
-7.18318
-7.18783
-7.19178
-7.19948
-7.20696
-7.21535
-7.22196
-7.22777
-7.23156
-7.23671
-7.23978
-7.24348
-7.24337
-7.2444
-7.23948
-7.23412
-7.22452
-7.21381
-7.20082
-7.18539
-7.16835
-7.15027
-7.13347
-7.12128
-7.11253
-7.10844
-7.10887
-7.11083
-7.11776
-7.12521
-7.13157
-7.13788
-7.14392
-7.14838
-7.15243
-7.1551
-7.15664
-7.15423
-7.15522
-7.15292
-7.15202
-7.15354
-7.15797
-7.16506
-7.17501
-7.18838
-7.20469
-7.22312
-7.24309
-7.26086
-7.27702
-7.29272
-7.30118
-7.3078
-7.31163
-7.30825
-7.30144
-7.28873
-7.27345
-7.25377
-7.23471
-7.21095
-7.1913
-7.1732
-7.161
-7.15168
-7.15034
-7.15316
-7.16286
-7.17338
-7.1869
-7.19994
-7.21038
-7.21952
-7.22357
-7.2241
-7.22093
-7.21372
-7.20498
-7.19477
-7.18664
-7.17828
-7.1705
-7.16534
-7.16368
-7.16475
-7.1699
-7.17663
-7.18458
-7.1917
-7.19466
-7.19838
-7.19876
-7.19482
-7.19199
-7.187
-7.18534
-7.18212
-7.18075
-7.18075
-7.17991
-7.17813
-7.17695
-7.17605
-7.17516
-7.17313
-7.17427
-7.17773
-7.18214
-7.18859
-7.1964
-7.20368
-7.20986
-7.21363
-7.21281
-7.2109
-7.20648
-7.19694
-7.18861
-7.17846
-7.1707
-7.16563
-7.16453
-7.16461
-7.16684
-7.17118
-7.17798
-7.18938
-7.20054
-7.21179
-7.22597
-7.2377
-7.24996
-7.25622
-7.26194
-7.26158
-7.25649
-7.24768
-7.23609
-7.22166
-7.20878
-7.19258
-7.17932
-7.1683
-7.16207
-7.16129
-7.16148
-7.1666
-7.17024
-7.17706
-7.18306
-7.18511
-7.18605
-7.18156
-7.17692
-7.17046
-7.16109
-7.15526
-7.14859
-7.14459
-7.14416
-7.14889
-7.15612
-7.16731
-7.17816
-7.19058
-7.20317
-7.21676
-7.22847
-7.23916
-7.2461
-7.24852
-7.24947
-7.24675
-7.24103
-7.23529
-7.22502
-7.21684
-7.21063
-7.20086
-7.19378
-7.18495
-7.17699
-7.16916
-7.15938
-7.15094
-7.1433
-7.14039
-7.14042
-7.14323
-7.14635
-7.15454
-7.16579
-7.17674
-7.18806
-7.20192
-7.2123
-7.22111
-7.23095
-7.24165
-7.24909
-7.25666
-7.25955
-7.26218
-7.26131
-7.25513
-7.24361
-7.2308
-7.21671
-7.20132
-7.18718
-7.17396
-7.16376
-7.15594
-7.14942
-7.14554
-7.14368
-7.14468
-7.14738
-7.15311
-7.15886
-7.16633
-7.17389
-7.18018
-7.1859
-7.18955
-7.19094
-7.19063
-7.18991
-7.18801
-7.18497
-7.18656
-7.19024
-7.19797
-7.20638
-7.2174
-7.22905
-7.24122
-7.25128
-7.2592
-7.26555
-7.26856
-7.2691
-7.26813
-7.26496
-7.25866
-7.24935
-7.23962
-7.22772
-7.21502
-7.20264
-7.19212
-7.18
-7.16828
-7.15847
-7.14866
-7.13893
-7.13273
-7.12403
-7.11537
-7.11102
-7.10815
-7.10685
-7.10547
-7.10897
-7.11513
-7.12222
-7.13171
-7.14203
-7.1535
-7.16982
-7.18523
-7.19747
-7.21039
-7.22054
-7.22952
-7.23655
-7.24355
-7.24803
-7.25111
-7.25266
-7.25066
-7.24722
-7.24477
-7.24197
-7.24366
-7.24584
-7.25166
-7.25678
-7.26472
-7.26939
-7.27301
-7.27199
-7.26829
-7.25935
-7.24998
-7.23787
-7.22374
-7.21239
-7.20213
-7.19395
-7.18986
-7.18617
-7.18248
-7.17803
-7.17301
-7.16535
-7.16018
-7.15385
-7.14747
-7.14651
-7.1474
-7.1491
-7.15642
-7.1651
-7.17478
-7.18552
-7.19124
-7.20033
-7.20325
-7.20835
-7.2104
-7.21054
-7.20958
-7.2078
-7.20436
-7.19942
-7.19427
-7.18871
-7.18124
-7.17528
-7.17363
-7.17126
-7.17198
-7.17629
-7.17863
-7.18366
-7.18499
-7.18732
-7.1909
-7.19398
-7.19915
-7.20394
-7.21121
-7.2163
-7.222
-7.22573
-7.22921
-7.22985
-7.23027
-7.22995
-7.22524
-7.22263
-7.21994
-7.2216
-7.2271
-7.23296
-7.23952
-7.25018
-7.25772
-7.26869
-7.27719
-7.28143
-7.28222
-7.28252
-7.27875
-7.26845
-7.25771
-7.24574
-7.23012
-7.21262
-7.198
-7.18344
-7.17604
-7.17101
-7.17274
-7.18053
-7.19106
-7.20293
-7.21637
-7.22611
-7.23406
-7.23938
-7.24094
-7.23872
-7.2365
-7.23257
-7.22743
-7.2258
-7.22287
-7.21943
-7.22065
-7.22172
-7.22419
-7.22782
-7.23289
-7.23958
-7.2451
-7.25027
-7.25571
-7.26053
-7.26427
-7.26904
-7.2702
-7.26863
-7.26526
-7.26025
-7.25647
-7.25111
-7.24657
-7.24098
-7.23624
-7.23326
-7.23189
-7.22934
-7.22891
-7.22857
-7.22966
-7.23109
-7.23295
-7.23601
-7.23663
-7.23429
-7.23217
-7.2279
-7.22259
-7.21842
-7.21339
-7.20762
-7.20488
-7.20297
-7.20467
-7.20393
-7.20479
-7.20695
-7.20787
-7.21086
-7.21509
-7.22055
-7.22646
-7.23001
-7.23576
-7.24304
-7.25031
-7.25574
-7.25854
-7.26285
-7.26753
-7.26982
-7.26954
-7.26941
-7.26643
-7.26229
-7.25786
-7.25358
-7.24767
-7.24054
-7.23744
-7.23126
-7.22611
-7.22149
-7.22037
-7.22069
-7.22086
-7.22181
-7.22213
-7.22147
-7.22034
-7.22246
-7.22296
-7.22383
-7.22517
-7.2276
-7.23028
-7.23538
-7.23936
-7.24201
-7.24657
-7.2516
-7.25307
-7.25258
-7.24842
-7.24257
-7.23459
-7.22188
-7.21508
-7.208
-7.20038
-7.1936
-7.19047
-7.19211
-7.19461
-7.20004
-7.20854
-7.21641
-7.22471
-7.23412
-7.24067
-7.24555
-7.24776
-7.24749
-7.24525
-7.24066
-7.23317
-7.22417
-7.21747
-7.21002
-7.2064
-7.20763
-7.21135
-7.21741
-7.22592
-7.23696
-7.24978
-7.26199
-7.27455
-7.2818
-7.28636
-7.2894
-7.2891
-7.28414
-7.27799
-7.26724
-7.25519
-7.24207
-7.22754
-7.21348
-7.20297
-7.19219
-7.18856
-7.18865
-7.19175
-7.19404
-7.20336
-7.21643
-7.2297
-7.24384
-7.25584
-7.26564
-7.27378
-7.27794
-7.27658
-7.27053
-7.26356
-7.252
-7.23843
-7.22647
-7.21415
-7.2017
-7.19192
-7.18717
-7.18287
-7.18295
-7.1867
-7.19289
-7.20243
-7.20984
-7.21822
-7.22772
-7.23475
-7.23934
-7.24566
-7.2505
-7.25517
-7.25818
-7.25852
-7.25886
-7.25694
-7.25531
-7.25241
-7.24761
-7.24091
-7.23259
-7.22611
-7.22384
-7.22065
-7.22288
-7.23097
-7.2387
-7.25054
-7.26371
-7.27683
-7.28621
-7.29601
-7.30228
-7.30234
-7.29844
-7.29188
-7.27949
-7.26435
-7.24533
-7.22544
-7.20389
-7.18881
-7.17739
-7.16778
-7.16131
-7.15867
-7.16129
-7.16741
-7.17578
-7.18686
-7.20006
-7.21415
-7.22892
-7.24071
-7.25086
-7.25703
-7.25862
-7.26072
-7.25816
-7.25407
-7.24687
-7.23945
-7.2306
-7.22313
-7.21471
-7.20846
-7.20574
-7.20791
-7.21092
-7.2195
-7.22737
-7.23888
-7.24974
-7.25936
-7.26847
-7.27608
-7.27796
-7.27618
-7.2694
-7.26118
-7.24944
-7.23837
-7.22729
-7.21901
-7.21231
-7.20674
-7.20198
-7.20212
-7.20291
-7.20743
-7.21339
-7.22153
-7.23174
-7.23984
-7.24616
-7.25088
-7.2541
-7.25436
-7.25446
-7.25133
-7.24816
-7.24237
-7.23613
-7.22911
-7.22177
-7.21605
-7.21062
-7.20782
-7.20185
-7.1986
-7.19909
-7.20177
-7.21283
-7.2242
-7.23824
-7.25538
-7.27407
-7.28687
-7.29931
-7.30587
-7.30672
-7.30173
-7.29484
-7.28479
-7.27249
-7.25701
-7.24316
-7.23074
-7.22245
-7.21869
-7.2151
-7.21406
-7.21599
-7.21666
-7.21817
-7.21836
-7.21715
-7.21478
-7.21432
-7.21148
-7.20936
-7.20767
-7.20861
-7.21032
-7.21296
-7.21751
-7.22389
-7.22965
-7.23656
-7.2397
-7.24373
-7.24331
-7.24366
-7.24069
-7.23944
-7.23855
-7.23806
-7.23436
-7.23494
-7.23197
-7.23144
-7.23113
-7.23182
-7.23184
-7.23428
-7.23507
-7.23381
-7.22997
-7.2272
-7.22237
-7.21872
-7.21474
-7.21342
-7.21424
-7.2174
-7.22046
-7.22554
-7.23036
-7.23444
-7.23963
-7.24271
-7.24203
-7.24396
-7.24296
-7.23986
-7.23761
-7.23324
-7.23039
-7.23113
-7.22784
-7.22606
-7.22426
-7.22337
-7.22135
-7.22289
-7.22205
-7.22316
-7.22768
-7.23389
-7.23986
-7.24802
-7.25643
-7.26465
-7.27175
-7.2766
-7.27633
-7.27372
-7.27068
-7.26402
-7.25399
-7.24727
-7.241
-7.23373
-7.22661
-7.22061
-7.21634
-7.21342
-7.21214
-7.21283
-7.21453
-7.21567
-7.21855
-7.22184
-7.22775
-7.23481
-7.2399
-7.24823
-7.25089
-7.25169
-7.25301
-7.25169
-7.24653
-7.2396
-7.23001
-7.22285
-7.2146
-7.20592
-7.20024
-7.19985
-7.20147
-7.20622
-7.21227
-7.22125
-7.23098
-7.23996
-7.24823
-7.25418
-7.25793
-7.25899
-7.25814
-7.25463
-7.2513
-7.24602
-7.24093
-7.23568
-7.23134
-7.22659
-7.21634
-7.20931
-7.20196
-7.19463
-7.18734
-7.1818
-7.17956
-7.18152
-7.18718
-7.19692
-7.2085
-7.22099
-7.23382
-7.24635
-7.25913
-7.26875
-7.27375
-7.27329
-7.26962
-7.26232
-7.25296
-7.24422
-7.23548
-7.22717
-7.22064
-7.22188
-7.2255
-7.23069
-7.23897
-7.24634
-7.25203
-7.2573
-7.26141
-7.26405
-7.26483
-7.26451
-7.26171
-7.25906
-7.25827
-7.25667
-7.25577
-7.2536
-7.25066
-7.24382
-7.24085
-7.23818
-7.23077
-7.22401
-7.21598
-7.20622
-7.19672
-7.18732
-7.17765
-7.17257
-7.16567
-7.16069
-7.15966
-7.16194
-7.17023
-7.1827
-7.20025
-7.21987
-7.24033
-7.26199
-7.28477
-7.30466
-7.32015
-7.32575
-7.32707
-7.32151
-7.30902
-7.28929
-7.26557
-7.24111
-7.21741
-7.19544
-7.17605
-7.16216
-7.15389
-7.15188
-7.15425
-7.15918
-7.1672
-7.17897
-7.19249
-7.20531
-7.21808
-7.22951
-7.23894
-7.24616
-7.25284
-7.25947
-7.26518
-7.26792
-7.27313
-7.27944
-7.28568
-7.28765
-7.28897
-7.28569
-7.28095
-7.27188
-7.26252
-7.25174
-7.24093
-7.23435
-7.23049
-7.23093
-7.23378
-7.24272
-7.25186
-7.26216
-7.27509
-7.28444
-7.29034
-7.29159
-7.28918
-7.28152
-7.27164
-7.25747
-7.23823
-7.22049
-7.19925
-7.17792
-7.15892
-7.14358
-7.13183
-7.12388
-7.12069
-7.12266
-7.13017
-7.14002
-7.15374
-7.17004
-7.19288
-7.21536
-7.2361
-7.25508
-7.27025
-7.28314
-7.28873
-7.29016
-7.28863
-7.28431
-7.27819
-7.26749
-7.2537
-7.23935
-7.22544
-7.21552
-7.20444
-7.1988
-7.19708
-7.19903
-7.20529
-7.2155
-7.22553
-7.23667
-7.24639
-7.25451
-7.26107
-7.266
-7.26749
-7.26973
-7.26702
-7.26478
-7.26095
-7.2545
-7.25093
-7.24339
-7.23479
-7.22748
-7.22138
-7.21609
-7.21325
-7.21177
-7.21351
-7.21607
-7.21932
-7.22413
-7.22941
-7.23601
-7.24084
-7.24591
-7.25025
-7.25177
-7.25261
-7.25421
-7.25621
-7.25579
-7.25647
-7.25689
-7.25215
-7.24395
-7.23587
-7.22362
-7.21294
-7.19772
-7.18428
-7.17307
-7.16185
-7.15215
-7.14796
-7.14931
-7.15129
-7.15536
-7.16351
-7.17493
-7.18914
-7.20566
-7.22341
-7.23927
-7.25331
-7.2641
-7.27363
-7.27889
-7.28121
-7.27762
-7.26746
-7.25599
-7.24331
-7.22878
-7.2119
-7.19703
-7.18643
-7.17819
-7.1753
-7.17681
-7.18368
-7.19615
-7.21153
-7.23048
-7.25279
-7.2762
-7.29688
-7.31644
-7.3344
-7.34596
-7.35241
-7.35288
-7.34764
-7.3406
-7.32857
-7.31397
-7.29941
-7.28303
-7.27073
-7.25828
-7.24127
-7.2263
-7.21174
-7.1963
-7.18226
-7.17144
-7.16178
-7.1565
-7.1536
-7.1529
-7.15646
-7.16158
-7.16806
-7.17518
-7.18268
-7.18691
-7.19188
-7.19563
-7.19762
-7.1996
-7.20268
-7.20334
-7.20454
-7.20568
-7.20564
-7.20831
-7.20963
-7.2134
-7.21785
-7.22599
-7.23249
-7.24105
-7.25266
-7.26633
-7.27537
-7.28467
-7.29193
-7.29418
-7.29394
-7.28868
-7.27783
-7.26733
-7.25171
-7.23671
-7.22359
-7.21129
-7.20118
-7.19462
-7.19421
-7.19567
-7.20054
-7.20748
-7.2172
-7.22543
-7.23535
-7.24698
-7.25567
-7.26094
-7.26394
-7.26426
-7.26079
-7.25645
-7.25292
-7.24698
-7.24371
-7.24273
-7.24352
-7.24345
-7.2452
-7.24749
-7.24734
-7.25182
-7.25259
-7.25173
-7.24823
-7.24702
-7.24461
-7.24206
-7.2394
-7.23487
-7.23319
-7.22842
-7.22301
-7.21669
-7.20701
-7.19938
-7.19217
-7.18635
-7.17932
-7.17334
-7.16746
-7.16139
-7.15771
-7.15638
-7.15946
-7.16245
-7.1705
-7.17772
-7.18793
-7.20056
-7.21575
-7.23016
-7.24607
-7.25597
-7.26485
-7.27113
-7.27527
-7.27552
-7.27344
-7.27288
-7.26993
-7.26702
-7.26492
-7.26396
-7.26288
-7.26204
-7.26181
-7.25805
-7.25276
-7.24436
-7.23617
-7.22887
-7.22195
-7.21517
-7.20779
-7.20633
-7.20672
-7.2093
-7.21362
-7.21961
-7.22577
-7.23231
-7.2371
-7.24445
-7.24905
-7.24808
-7.24575
-7.24107
-7.23402
-7.2252
-7.21483
-7.20231
-7.19231
-7.18263
-7.17534
-7.17095
-7.1719
-7.17713
-7.1863
-7.1964
-7.20538
-7.21899
-7.23324
-7.24957
-7.26402
-7.28022
-7.2919
-7.30252
-7.30893
-7.31031
-7.30847
-7.29909
-7.28633
-7.27173
-7.2569
-7.24057
-7.22263
-7.20807
-7.19298
-7.18148
-7.17075
-7.16408
-7.15818
-7.15717
-7.16187
-7.16809
-7.17725
-7.18972
-7.20339
-7.2166
-7.22956
-7.24427
-7.25546
-7.26398
-7.26969
-7.27629
-7.27997
-7.28251
-7.28212
-7.28154
-7.28144
-7.27845
-7.27621
-7.27411
-7.27381
-7.27396
-7.27382
-7.27289
-7.2703
-7.26898
-7.26451
-7.26134
-7.25651
-7.24916
-7.24306
-7.23616
-7.23004
-7.22578
-7.21928
-7.21379
-7.20985
-7.20678
-7.20533
-7.20229
-7.20346
-7.20373
-7.20301
-7.20227
-7.2003
-7.20177
-7.20282
-7.20465
-7.20521
-7.20625
-7.20221
-7.20103
-7.19896
-7.20181
-7.20444
-7.20818
-7.21624
-7.2249
-7.23573
-7.24636
-7.25821
-7.26773
-7.27378
-7.28306
-7.28764
-7.29105
-7.29382
-7.29317
-7.29197
-7.28658
-7.27955
-7.26895
-7.25696
-7.24465
-7.23401
-7.22389
-7.21672
-7.21138
-7.2088
-7.20915
-7.21118
-7.21494
-7.22232
-7.22826
-7.23443
-7.24177
-7.24596
-7.249
-7.24925
-7.24887
-7.24538
-7.23979
-7.23224
-7.22419
-7.21912
-7.21181
-7.20547
-7.20172
-7.19951
-7.20149
-7.20224
-7.20936
-7.21911
-7.22684
-7.23522
-7.24393
-7.25109
-7.25296
-7.25615
-7.25493
-7.24938
-7.24178
-7.23078
-7.21974
-7.20722
-7.19564
-7.186
-7.17758
-7.17209
-7.16797
-7.1671
-7.16762
-7.17136
-7.17239
-7.17121
-7.16558
-7.16169
-7.15708
-7.15242
-7.15085
-7.15126
-7.15501
-7.16536
-7.17403
-7.18515
-7.19483
-7.20269
-7.20694
-7.20718
-7.20586
-7.20248
-7.19315
-7.18093
-7.16453
-7.14718
-7.13039
-7.11434
-7.09988
-7.08451
-7.07375
-7.06537
-7.06013
-7.06119
-7.06338
-7.06926
-7.07625
-7.08666
-7.0993
-7.11156
-7.12523
-7.1392
-7.14999
-7.16087
-7.16553
-7.16734
-7.16849
-7.16706
-7.16026
-7.15782
-7.15327
-7.14952
-7.14739
-7.14782
-7.14918
-7.15096
-7.15849
-7.16606
-7.17421
-7.18364
-7.19495
-7.20418
-7.2088
-7.20945
-7.20681
-7.20292
-7.1918
-7.18161
-7.17087
-7.1566
-7.14261
-7.13207
-7.12109
-7.11381
-7.11121
-7.1126
-7.11572
-7.12469
-7.13324
-7.14573
-7.15398
-7.16395
-7.17082
-7.17517
-7.17961
-7.17871
-7.17546
-7.16967
-7.16108
-7.14941
-7.136
-7.12071
-7.10458
-7.09063
-7.08028
-7.07349
-7.07099
-7.07267
-7.07483
-7.07824
-7.08411
-7.09109
-7.09448
-7.09935
-7.10717
-7.11477
-7.11923
-7.12519
-7.13002
-7.13283
-7.13622
-7.14111
-7.14959
-7.1576
-7.16955
-7.18318
-7.19903
-7.21192
-7.22421
-7.23228
-7.23538
-7.23475
-7.23353
-7.22483
-7.21405
-7.20015
-7.18442
-7.17013
-7.15789
-7.14728
-7.13832
-7.1328
-7.12727
-7.12533
-7.12438
-7.12165
-7.12229
-7.12332
-7.1223
-7.11992
-7.11954
-7.11831
-7.12065
-7.12491
-7.12554
-7.12723
-7.13061
-7.13339
-7.13446
-7.13324
-7.1301
-7.12664
-7.12368
-7.11923
-7.11225
-7.1113
-7.1102
-7.10987
-7.10985
-7.11571
-7.11996
-7.12458
-7.13248
-7.1391
-7.14688
-7.15464
-7.16141
-7.16678
-7.1678
-7.16852
-7.16518
-7.16065
-7.1537
-7.14498
-7.13467
-7.12321
-7.11532
-7.11146
-7.11009
-7.10969
-7.11373
-7.11587
-7.12133
-7.12659
-7.13272
-7.13893
-7.14045
-7.14193
-7.13993
-7.13988
-7.14219
-7.14344
-7.14417
-7.14581
-7.14685
-7.15072
-7.15409
-7.15457
-7.15652
-7.15809
-7.15856
-7.15831
-7.15638
-7.1539
-7.15271
-7.15491
-7.15562
-7.1597
-7.16468
-7.17176
-7.17888
-7.18339
-7.18914
-7.19212
-7.19495
-7.19565
-7.19286
-7.19038
-7.18194
-7.1685
-7.15395
-7.13978
-7.12227
-7.10769
-7.08862
-7.07376
-7.06281
-7.05136
-7.0443
-7.04145
-7.0423
-7.05016
-7.06027
-7.07196
-7.08211
-7.09638
-7.11002
-7.1235
-7.13617
-7.14558
-7.15405
-7.15954
-7.16415
-7.16582
-7.16737
-7.16444
-7.15941
-7.15467
-7.14891
-7.14082
-7.1332
-7.12939
-7.12819
-7.13069
-7.13492
-7.14292
-7.1558
-7.16811
-7.17883
-7.1937
-7.20204
-7.20678
-7.20739
-7.20472
-7.19684
-7.18739
-7.17347
-7.16079
-7.14856
-7.13659
-7.12743
-7.12019
-7.11539
-7.11574
-7.11845
-7.12332
-7.13065
-7.14262
-7.15216
-7.16081
-7.16811
-7.17274
-7.17343
-7.17065
-7.16538
-7.15776
-7.14846
-7.13862
-7.1306
-7.12335
-7.12016
-7.11968
-7.12352
-7.13039
-7.1412
-7.15061
-7.16092
-7.17271
-7.18263
-7.18951
-7.1919
-7.19471
-7.18766
-7.17977
-7.16704
-7.15373
-7.13795
-7.12355
-7.11146
-7.09919
-7.08885
-7.08185
-7.07799
-7.07484
-7.07435
-7.07502
-7.07489
-7.07684
-7.08034
-7.0832
-7.08921
-7.09832
-7.10739
-7.11921
-7.13046
-7.14289
-7.15559
-7.16675
-7.17887
-7.18892
-7.19842
-7.20404
-7.20571
-7.20713
-7.20444
-7.19938
-7.19459
-7.18679
-7.17692
-7.16903
-7.16243
-7.15807
-7.15694
-7.15526
-7.1546
-7.15572
-7.1557
-7.15775
-7.1599
-7.16093
-7.15779
-7.15158
-7.146
-7.13676
-7.12628
-7.11701
-7.10984
-7.10559
-7.10636
-7.1093
-7.1161
-7.12612
-7.13439
-7.14456
-7.15166
-7.15577
-7.15952
-7.16259
-7.16404
-7.16522
-7.16646
-7.16812
-7.16694
-7.16482
-7.15733
-7.14627
-7.13391
-7.11829
-7.10711
-7.09691
-7.09158
-7.09368
-7.09979
-7.11028
-7.12588
-7.14244
-7.15661
-7.171
-7.18087
-7.18793
-7.19125
-7.18897
-7.18409
-7.17546
-7.16704
-7.15986
-7.1527
-7.14669
-7.14016
-7.13557
-7.13124
-7.13095
-7.13129
-7.13104
-7.13286
-7.13893
-7.14547
-7.14962
-7.15663
-7.16507
-7.16722
-7.16795
-7.17421
-7.17299
-7.17052
-7.16739
-7.16238
-7.15584
-7.15092
-7.14311
-7.13796
-7.1333
-7.12679
-7.12084
-7.11874
-7.1158
-7.11731
-7.12115
-7.1289
-7.13802
-7.15083
-7.16286
-7.1764
-7.18298
-7.18496
-7.18264
-7.17586
-7.16625
-7.15351
-7.14108
-7.12464
-7.11326
-7.10412
-7.09301
-7.0861
-7.08033
-7.07615
-7.07383
-7.07478
-7.07472
-7.07882
-7.08469
-7.09428
-7.10701
-7.12016
-7.13504
-7.14902
-7.16236
-7.17453
-7.18737
-7.19777
-7.2047
-7.21107
-7.21709
-7.22116
-7.22291
-7.22162
-7.21845
-7.21103
-7.20195
-7.1931
-7.17992
-7.1716
-7.16236
-7.15365
-7.14783
-7.14123
-7.13679
-7.1362
-7.13765
-7.14029
-7.14596
-7.1511
-7.15489
-7.1579
-7.15425
-7.14775
-7.1386
-7.12501
-7.10889
-7.09176
-7.07457
-7.06335
-7.057
-7.05267
-7.05434
-7.05897
-7.06885
-7.07947
-7.09077
-7.10207
-7.11293
-7.12032
-7.1222
-7.12533
-7.12326
-7.11985
-7.11481
-7.11104
-7.10933
-7.11
-7.11323
-7.12168
-7.13171
-7.14315
-7.1558
-7.16874
-7.17752
-7.18078
-7.17768
-7.17243
-7.16653
-7.15689
-7.15151
-7.14772
-7.15041
-7.15662
-7.16669
-7.17932
-7.18885
-7.19685
-7.2028
-7.20641
-7.20488
-7.20127
-7.19305
-7.18399
-7.17376
-7.1629
-7.14863
-7.13845
-7.12738
-7.12332
-7.12282
-7.12655
-7.13041
-7.13637
-7.14179
-7.14847
-7.15413
-7.16075
-7.16605
-7.16927
-7.16928
-7.16832
-7.16467
-7.15881
-7.1502
-7.14018
-7.12957
-7.12078
-7.11287
-7.10736
-7.10139
-7.10069
-7.10274
-7.10589
-7.11087
-7.11835
-7.12774
-7.13828
-7.14784
-7.15623
-7.16344
-7.1668
-7.16717
-7.16507
-7.16378
-7.15757
-7.15166
-7.14756
-7.14055
-7.13617
-7.12646
-7.12146
-7.11765
-7.11532
-7.11358
-7.11695
-7.12331
-7.13019
-7.13757
-7.1438
-7.14948
-7.15037
-7.14944
-7.149
-7.14706
-7.14393
-7.14115
-7.14213
-7.14366
-7.14594
-7.14714
-7.15074
-7.15696
-7.16459
-7.17
-7.18041
-7.18604
-7.19278
-7.19682
-7.19693
-7.19446
-7.18745
-7.17508
-7.15994
-7.13985
-7.11864
-7.10156
-7.08781
-7.0769
-7.06897
-7.06464
-7.06193
-7.06351
-7.06839
-7.07683
-7.08221
-7.08865
-7.09634
-7.10103
-7.10831
-7.11718
-7.12472
-7.13454
-7.14924
-7.16129
-7.17597
-7.19265
-7.20722
-7.22272
-7.23282
-7.24043
-7.24606
-7.24847
-7.24511
-7.23821
-7.22495
-7.20506
-7.17844
-7.15132
-7.12354
-7.10027
-7.0812
-7.07164
-7.06846
-7.07003
-7.07597
-7.08946
-7.10433
-7.11552
-7.12539
-7.13721
-7.14331
-7.1493
-7.15192
-7.15156
-7.1515
-7.15092
-7.15284
-7.15728
-7.16485
-7.17388
-7.1848
-7.19613
-7.20531
-7.21113
-7.21345
-7.21221
-7.20813
-7.19853
-7.18916
-7.18059
-7.16969
-7.16043
-7.15
-7.14031
-7.12911
-7.1198
-7.10949
-7.10087
-7.09594
-7.09325
-7.08686
-7.08502
-7.08382
-7.08126
-7.07808
-7.07272
-7.06818
-7.06133
-7.0555
-7.04967
-7.04517
-7.04354
-7.04738
-7.05342
-7.06254
-7.07714
-7.09441
-7.11178
-7.13121
-7.14973
-7.16505
-7.18186
-7.20134
-7.21975
-7.23119
-7.24498
-7.25286
-7.25733
-7.26156
-7.26021
-7.25566
-7.24796
-7.23748
-7.22751
-7.21742
-7.20707
-7.19825
-7.19161
-7.18537
-7.17858
-7.17184
-7.16272
-7.15435
-7.14434
-7.13286
-7.1218
-7.11336
-7.10432
-7.0954
-7.08716
-7.08006
-7.07642
-7.0729
-7.06894
-7.07011
-7.07314
-7.07585
-7.08333
-7.09016
-7.10051
-7.11205
-7.12347
-7.13502
-7.1463
-7.15869
-7.16834
-7.17883
-7.18668
-7.19049
-7.18979
-7.18761
-7.18447
-7.17683
-7.16765
-7.15697
-7.14739
-7.13586
-7.12279
-7.11384
-7.10691
-7.10172
-7.10243
-7.10976
-7.11969
-7.13375
-7.14738
-7.16186
-7.17241
-7.18108
-7.18662
-7.18615
-7.1797
-7.17012
-7.15708
-7.14223
-7.12526
-7.11166
-7.10245
-7.10239
-7.10964
-7.1187
-7.13677
-7.15772
-7.18031
-7.20034
-7.21916
-7.23688
-7.24843
-7.25504
-7.25907
-7.26125
-7.25591
-7.24714
-7.23406
-7.21744
-7.19904
-7.17607
-7.15331
-7.13008
-7.11027
-7.09168
-7.07603
-7.06478
-7.05379
-7.0472
-7.04257
-7.03898
-7.03859
-7.04054
-7.04173
-7.04424
-7.047
-7.0488
-7.05061
-7.05178
-7.05468
-7.05825
-7.06304
-7.07253
-7.08228
-7.09426
-7.10897
-7.12799
-7.15037
-7.17425
-7.19848
-7.22419
-7.24575
-7.26704
-7.28228
-7.28936
-7.2898
-7.28316
-7.26788
-7.24427
-7.21706
-7.18511
-7.15077
-7.12067
-7.0907
-7.07145
-7.05436
-7.04763
-7.04905
-7.05695
-7.07224
-7.09168
-7.11548
-7.13758
-7.16136
-7.18313
-7.20315
-7.21771
-7.22651
-7.22956
-7.2301
-7.22357
-7.21401
-7.19744
-7.17617
-7.15416
-7.13516
-7.11575
-7.10088
-7.09207
-7.08719
-7.08655
-7.08983
-7.09744
-7.1093
-7.12441
-7.13674
-7.1518
-7.16707
-7.17881
-7.18482
-7.18621
-7.18616
-7.18175
-7.17588
-7.16682
-7.15543
-7.14278
-7.13037
-7.11924
-7.10686
-7.09655
-7.08937
-7.08245
-7.08037
-7.07948
-7.08065
-7.08468
-7.09055
-7.10175
-7.11304
-7.12342
-7.13522
-7.14392
-7.15135
-7.15192
-7.15193
-7.14997
-7.14331
-7.13658
-7.13107
-7.12881
-7.12971
-7.13773
-7.15405
-7.16907
-7.18555
-7.20115
-7.2126
-7.22349
-7.22803
-7.22507
-7.22099
-7.21146
-7.20052
-7.18779
-7.1779
-7.16811
-7.16204
-7.15962
-7.15988
-7.16066
-7.16162
-7.16199
-7.16219
-7.15562
-7.14897
-7.13835
-7.12782
-7.11651
-7.10818
-7.10054
-7.09685
-7.09336
-7.09193
-7.08516
-7.08248
-7.08017
-7.07792
-7.07803
-7.08021
-7.08676
-7.09941
-7.11173
-7.1265
-7.14108
-7.15385
-7.16592
-7.17577
-7.18181
-7.18207
-7.18081
-7.17549
-7.1662
-7.1543
-7.14191
-7.13141
-7.12138
-7.11366
-7.10919
-7.10867
-7.10969
-7.1126
-7.11602
-7.1211
-7.12704
-7.13418
-7.13936
-7.14632
-7.15067
-7.15668
-7.16145
-7.16372
-7.16397
-7.16436
-7.16337
-7.15733
-7.15303
-7.15022
-7.14553
-7.14043
-7.13999
-7.14035
-7.13951
-7.14018
-7.14672
-7.1573
-7.17059
-7.1852
-7.19571
-7.20542
-7.21445
-7.22068
-7.22356
-7.2257
-7.2273
-7.22563
-7.22351
-7.22158
-7.21712
-7.21497
-7.212
-7.20819
-7.2039
-7.19955
-7.19327
-7.18544
-7.18135
-7.17718
-7.17524
-7.17633
-7.17978
-7.18559
-7.1929
-7.2034
-7.21345
-7.22127
-7.2266
-7.22995
-7.22876
-7.22806
-7.22157
-7.21499
-7.21351
-7.21377
-7.21564
-7.22005
-7.22698
-7.23709
-7.24673
-7.25566
-7.25859
-7.2597
-7.25851
-7.25205
-7.24246
-7.23328
-7.2246
-7.21671
-7.20851
-7.20235
-7.20069
-7.19754
-7.19861
-7.20116
-7.20262
-7.20388
-7.20391
-7.20256
-7.19817
-7.19385
-7.189
-7.18576
-7.18138
-7.17844
-7.17296
-7.16889
-7.16545
-7.16342
-7.16214
-7.16167
-7.16446
-7.16656
-7.17049
-7.17384
-7.17439
-7.17721
-7.17997
-7.18206
-7.18412
-7.1854
-7.18936
-7.18853
-7.18881
-7.18823
-7.18696
-7.18658
-7.18867
-7.19047
-7.19508
-7.20104
-7.21003
-7.2213
-7.23045
-7.2403
-7.24735
-7.25346
-7.25619
-7.25976
-7.2589
-7.25944
-7.25499
-7.25216
-7.24844
-7.24603
-7.24277
-7.2367
-7.23154
-7.22512
-7.21907
-7.21279
-7.2054
-7.19674
-7.18748
-7.17896
-7.16908
-7.16072
-7.15221
-7.1498
-7.15029
-7.15119
-7.1549
-7.15873
-7.16538
-7.17448
-7.18472
-7.19362
-7.20167
-7.2101
-7.21678
-7.2226
-7.22729
-7.23196
-7.23585
-7.23882
-7.24194
-7.24423
-7.24546
-7.24406
-7.24226
-7.23847
-7.23255
-7.22649
-7.21793
-7.20747
-7.19664
-7.18561
-7.17222
-7.15969
-7.14728
-7.13419
-7.127
-7.11963
-7.1146
-7.11611
-7.12336
-7.13479
-7.1513
-7.16928
-7.18655
-7.2068
-7.22753
-7.24389
-7.25925
-7.27238
-7.28553
-7.29291
-7.29897
-7.29848
-7.29371
-7.2862
-7.2753
-7.26425
-7.25203
-7.23832
-7.22369
-7.21161
-7.2013
-7.19009
-7.18162
-7.17718
-7.17225
-7.16971
-7.16631
-7.16619
-7.16626
-7.16665
-7.16745
-7.171
-7.17119
-7.17326
-7.17692
-7.17842
-7.18023
-7.17953
-7.1792
-7.18107
-7.18236
-7.18439
-7.18854
-7.19291
-7.19692
-7.19806
-7.20225
-7.20448
-7.2049
-7.20586
-7.20663
-7.2099
-7.21406
-7.21665
-7.22207
-7.22946
-7.2354
-7.24123
-7.24835
-7.25233
-7.25741
-7.25997
-7.26276
-7.26268
-7.26119
-7.25496
-7.24956
-7.23941
-7.22632
-7.21007
-7.19405
-7.17571
-7.15654
-7.14011
-7.12662
-7.11706
-7.11373
-7.11269
-7.11635
-7.12552
-7.1378
-7.15385
-7.17079
-7.18967
-7.20825
-7.22573
-7.24351
-7.25882
-7.27109
-7.2852
-7.29646
-7.30428
-7.30963
-7.30947
-7.30608
-7.29836
-7.29003
-7.27599
-7.25975
-7.23988
-7.22055
-7.19953
-7.18139
-7.1632
-7.14971
-7.13994
-7.13403
-7.13019
-7.13047
-7.13459
-7.14174
-7.15126
-7.16123
-7.16786
-7.17573
-7.18098
-7.18612
-7.18807
-7.1911
-7.19498
-7.19686
-7.19864
-7.20258
-7.20527
-7.20935
-7.21162
-7.21091
-7.21267
-7.21222
-7.21246
-7.21079
-7.2094
-7.20967
-7.20988
-7.21201
-7.21189
-7.21079
-7.20886
-7.20801
-7.20552
-7.20045
-7.19689
-7.19516
-7.19474
-7.19443
-7.1931
-7.19208
-7.19321
-7.19168
-7.18652
-7.18141
-7.17435
-7.16852
-7.16661
-7.17122
-7.17844
-7.19111
-7.20573
-7.22285
-7.23802
-7.24966
-7.25694
-7.25945
-7.25979
-7.25672
-7.25278
-7.24629
-7.23843
-7.23084
-7.22403
-7.21835
-7.21498
-7.21344
-7.21245
-7.21373
-7.21387
-7.21422
-7.21376
-7.21416
-7.21213
-7.20692
-7.20385
-7.19909
-7.19375
-7.186
-7.17957
-7.17423
-7.17166
-7.17045
-7.16914
-7.16743
-7.16914
-7.17249
-7.17577
-7.18173
-7.1869
-7.19307
-7.1983
-7.20017
-7.20194
-7.20073
-7.19891
-7.19657
-7.19482
-7.19166
-7.18805
-7.18474
-7.18122
-7.18018
-7.17961
-7.17988
-7.18284
-7.18959
-7.19534
-7.20082
-7.20948
-7.21703
-7.22564
-7.23366
-7.24185
-7.24755
-7.25259
-7.25535
-7.25323
-7.24911
-7.24158
-7.23016
-7.21848
-7.20639
-7.19417
-7.18452
-7.17618
-7.17175
-7.17308
-7.17643
-7.1813
-7.18931
-7.19918
-7.20901
-7.21907
-7.22867
-7.23492
-7.23818
-7.23677
-7.23631
-7.23631
-7.23532
-7.23478
-7.23565
-7.23478
-7.2339
-7.23318
-7.234
-7.23195
-7.22856
-7.22186
-7.21564
-7.20879
-7.1997
-7.19157
-7.18356
-7.17657
-7.17473
-7.17091
-7.1702
-7.16473
-7.15882
-7.15373
-7.14808
-7.14095
-7.13609
-7.1321
-7.13007
-7.13103
-7.13202
-7.13837
-7.14592
-7.15684
-7.17049
-7.18438
-7.20071
-7.2161
-7.23175
-7.24247
-7.25418
-7.26354
-7.26868
-7.27077
-7.26867
-7.26734
-7.26312
-7.25863
-7.25522
-7.25221
-7.24939
-7.24433
-7.24262
-7.24116
-7.23995
-7.23659
-7.23071
-7.22478
-7.21486
-7.20417
-7.18925
-7.17575
-7.1644
-7.1537
-7.14688
-7.14727
-7.1514
-7.15991
-7.17029
-7.182
-7.19491
-7.20425
-7.21399
-7.21988
-7.22424
-7.22573
-7.22578
-7.22187
-7.21918
-7.21529
-7.21202
-7.20704
-7.20204
-7.19755
-7.19591
-7.1952
-7.19563
-7.19875
-7.20246
-7.21066
-7.21973
-7.2275
-7.23601
-7.24138
-7.24008
-7.2374
-7.23192
-7.22485
-7.21774
-7.20672
-7.19795
-7.18562
-7.17661
-7.16551
-7.15764
-7.15429
-7.15313
-7.15565
-7.1611
-7.16697
-7.17364
-7.18357
-7.19309
-7.20243
-7.21178
-7.21898
-7.22903
-7.23374
-7.23927
-7.24073
-7.23841
-7.23596
-7.23467
-7.23353
-7.23407
-7.23327
-7.23153
-7.2329
-7.22973
-7.22928
-7.22588
-7.22274
-7.22351
-7.22315
-7.2253
-7.22706
-7.22605
-7.22755
-7.22997
-7.23007
-7.2273
-7.22518
-7.22195
-7.21689
-7.21096
-7.20878
-7.20548
-7.20155
-7.19608
-7.18916
-7.18358
-7.17544
-7.16497
-7.15346
-7.14602
-7.13723
-7.1309
-7.12817
-7.12681
-7.13
-7.13694
-7.14833
-7.15676
-7.1679
-7.18113
-7.19067
-7.19774
-7.20119
-7.20127
-7.19722
-7.19097
-7.18389
-7.17809
-7.17707
-7.18024
-7.18617
-7.19777
-7.21302
-7.23182
-7.25094
-7.26767
-7.27951
-7.28429
-7.28567
-7.283
-7.27511
-7.26264
-7.25472
-7.24138
-7.22744
-7.21341
-7.19971
-7.19251
-7.18617
-7.18281
-7.18426
-7.18868
-7.19233
-7.19747
-7.20158
-7.20496
-7.20669
-7.20792
-7.20716
-7.20825
-7.20884
-7.21099
-7.21294
-7.21622
-7.21921
-7.22434
-7.22751
-7.2316
-7.23212
-7.23179
-7.23053
-7.22238
-7.21457
-7.20363
-7.19093
-7.17843
-7.16727
-7.15567
-7.14975
-7.14578
-7.14482
-7.14932
-7.15232
-7.15501
-7.15961
-7.16462
-7.16788
-7.17025
-7.1687
-7.16655
-7.16644
-7.16582
-7.16434
-7.16767
-7.17309
-7.1806
-7.18957
-7.19861
-7.2082
-7.21747
-7.22669
-7.2349
-7.2426
-7.248
-7.24874
-7.2525
-7.25603
-7.25705
-7.25667
-7.25599
-7.25391
-7.25194
-7.25056
-7.24694
-7.24312
-7.24002
-7.23566
-7.23183
-7.22486
-7.22021
-7.21467
-7.20644
-7.19928
-7.19186
-7.18453
-7.17925
-7.17571
-7.17189
-7.16997
-7.17103
-7.17451
-7.17935
-7.18662
-7.19294
-7.19927
-7.20383
-7.208
-7.20917
-7.20655
-7.20195
-7.19783
-7.19203
-7.18356
-7.17609
-7.16845
-7.16146
-7.15653
-7.1527
-7.15241
-7.15291
-7.15817
-7.16527
-7.17403
-7.1829
-7.1927
-7.20216
-7.20816
-7.21333
-7.2174
-7.21828
-7.21518
-7.21261
-7.20889
-7.2037
-7.19805
-7.19415
-7.19138
-7.1915
-7.1883
-7.18905
-7.19293
-7.19303
-7.19355
-7.1979
-7.20151
-7.20683
-7.21384
-7.22274
-7.23118
-7.23721
-7.24504
-7.24798
-7.25263
-7.24886
-7.24465
-7.23613
-7.22684
-7.2159
-7.20626
-7.19867
-7.19617
-7.19207
-7.19101
-7.18994
-7.18862
-7.18747
-7.18669
-7.18535
-7.18245
-7.18077
-7.17747
-7.17367
-7.17395
-7.17625
-7.17928
-7.18182
-7.18264
-7.18546
-7.19022
-7.19351
-7.19921
-7.20276
-7.20848
-7.21716
-7.22636
-7.23372
-7.24097
-7.24876
-7.25443
-7.25546
-7.25518
-7.2486
-7.24445
-7.23904
-7.23068
-7.22119
-7.21077
-7.19914
-7.18649
-7.1771
-7.16616
-7.1622
-7.15992
-7.15833
-7.15962
-7.16152
-7.16663
-7.17291
-7.1805
-7.19124
-7.20098
-7.20647
-7.21186
-7.21536
-7.21725
-7.21796
-7.21767
-7.21845
-7.21997
-7.22403
-7.22826
-7.23522
-7.23856
-7.24114
-7.24267
-7.24363
-7.24279
-7.23849
-7.23159
-7.22416
-7.21476
-7.20596
-7.19646
-7.188
-7.18285
-7.18001
-7.17726
-7.18017
-7.18576
-7.19141
-7.1987
-7.20364
-7.20946
-7.21152
-7.21092
-7.20948
-7.20523
-7.19677
-7.18716
-7.17927
-7.17032
-7.1636
-7.15794
-7.15448
-7.1555
-7.15664
-7.15792
-7.16355
-7.16672
-7.17006
-7.17528
-7.17837
-7.1819
-7.18534
-7.19089
-7.19793
-7.20649
-7.21482
-7.22609
-7.24019
-7.25146
-7.26148
-7.26852
-7.27513
-7.27578
-7.27303
-7.26716
-7.25619
-7.24248
-7.22481
-7.20537
-7.1853
-7.16825
-7.15246
-7.14152
-7.13303
-7.13213
-7.13138
-7.13641
-7.14307
-7.15082
-7.15991
-7.17351
-7.18592
-7.20001
-7.20982
-7.22223
-7.23229
-7.2435
-7.2539
-7.26333
-7.27077
-7.27619
-7.28268
-7.28475
-7.28511
-7.28264
-7.27444
-7.26211
-7.24988
-7.23602
-7.21801
-7.20131
-7.18495
-7.16849
-7.15537
-7.14795
-7.14271
-7.14264
-7.14724
-7.15488
-7.16409
-7.17477
-7.18539
-7.1973
-7.20619
-7.21042
-7.21659
-7.21999
-7.22216
-7.22324
-7.22294
-7.21826
-7.21523
-7.21431
-7.2112
-7.20854
-7.20875
-7.20843
-7.2081
-7.20748
-7.20859
-7.20663
-7.2049
-7.20412
-7.20501
-7.20696
-7.2077
-7.20969
-7.20928
-7.21013
-7.20882
-7.2079
-7.20247
-7.19927
-7.19201
-7.18455
-7.18008
-7.1754
-7.17206
-7.1715
-7.17298
-7.17667
-7.18246
-7.18707
-7.19686
-7.20233
-7.20947
-7.2158
-7.21947
-7.22179
-7.22481
-7.22776
-7.22934
-7.23375
-7.23375
-7.23315
-7.23205
-7.22979
-7.22442
-7.22171
-7.21942
-7.22233
-7.22593
-7.23114
-7.23604
-7.24192
-7.24756
-7.25199
-7.25522
-7.2535
-7.24917
-7.24207
-7.23572
-7.22893
-7.22037
-7.20816
-7.19833
-7.18938
-7.17781
-7.16742
-7.15937
-7.15533
-7.15312
-7.15559
-7.16104
-7.16768
-7.17554
-7.18139
-7.18699
-7.19066
-7.19252
-7.19219
-7.19048
-7.18489
-7.17708
-7.16713
-7.15699
-7.14661
-7.13836
-7.13204
-7.1274
-7.1248
-7.12392
-7.12888
-7.13792
-7.14676
-7.16026
-7.17147
-7.18144
-7.19064
-7.19755
-7.19937
-7.19913
-7.19539
-7.187
-7.17881
-7.16682
-7.15676
-7.14528
-7.13445
-7.12401
-7.11655
-7.11363
-7.11057
-7.11251
-7.12046
-7.13259
-7.14718
-7.16164
-7.18035
-7.20017
-7.22078
-7.23825
-7.25055
-7.26378
-7.2728
-7.27425
-7.27178
-7.26169
-7.24714
-7.22734
-7.20778
-7.18559
-7.16232
-7.14018
-7.1231
-7.10719
-7.09865
-7.09919
-7.10117
-7.10797
-7.11762
-7.12794
-7.13773
-7.14458
-7.14889
-7.14918
-7.14787
-7.14389
-7.13797
-7.13328
-7.12564
-7.12078
-7.11743
-7.11237
-7.11169
-7.11298
-7.11664
-7.12225
-7.12955
-7.13652
-7.14433
-7.15212
-7.16306
-7.17367
-7.18326
-7.19154
-7.19916
-7.20568
-7.21432
-7.22151
-7.22625
-7.22757
-7.22669
-7.2238
-7.22094
-7.21803
-7.21339
-7.21104
-7.20735
-7.20462
-7.20295
-7.20235
-7.20145
-7.19914
-7.1937
-7.18577
-7.17922
-7.17081
-7.16183
-7.15509
-7.14847
-7.1403
-7.13853
-7.13681
-7.13562
-7.13561
-7.13426
-7.13151
-7.13153
-7.13007
-7.12854
-7.12846
-7.12762
-7.12913
-7.13301
-7.13773
-7.14385
-7.14927
-7.15347
-7.16214
-7.16438
-7.16658
-7.16715
-7.16609
-7.16193
-7.15621
-7.14908
-7.14371
-7.13961
-7.13735
-7.13844
-7.14342
-7.14682
-7.15111
-7.15734
-7.16141
-7.16774
-7.1707
-7.17451
-7.17631
-7.17728
-7.17581
-7.17394
-7.17065
-7.16437
-7.16077
-7.15826
-7.15687
-7.1566
-7.16054
-7.16462
-7.16999
-7.17804
-7.18734
-7.1963
-7.20364
-7.20913
-7.21182
-7.21294
-7.20946
-7.20362
-7.19725
-7.18946
-7.18069
-7.17035
-7.16163
-7.15367
-7.15131
-7.14571
-7.14233
-7.14158
-7.14218
-7.14368
-7.14847
-7.15526
-7.16199
-7.16786
-7.17494
-7.18179
-7.18708
-7.19345
-7.1974
-7.19739
-7.19735
-7.1946
-7.18986
-7.17955
-7.16915
-7.15877
-7.14584
-7.13328
-7.12226
-7.11057
-7.10355
-7.09864
-7.09861
-7.10065
-7.10602
-7.11507
-7.12533
-7.13646
-7.14807
-7.1613
-7.17411
-7.18545
-7.19207
-7.19693
-7.19892
-7.19826
-7.19414
-7.1855
-7.17942
-7.17092
-7.16263
-7.15441
-7.15293
-7.15201
-7.15469
-7.15942
-7.16481
-7.17107
-7.17717
-7.18451
-7.19232
-7.19835
-7.20236
-7.20486
-7.20611
-7.20648
-7.20355
-7.20274
-7.19813
-7.19309
-7.18831
-7.18212
-7.17512
-7.16641
-7.15825
-7.14927
-7.14285
-7.13506
-7.13159
-7.13215
-7.1357
-7.14412
-7.15345
-7.16148
-7.16786
-7.17387
-7.17597
-7.17814
-7.17365
-7.17266
-7.16918
-7.16553
-7.16111
-7.15877
-7.15801
-7.157
-7.1568
-7.15822
-7.15946
-7.1633
-7.16785
-7.17455
-7.17976
-7.18861
-7.19439
-7.20005
-7.20329
-7.20209
-7.19716
-7.19122
-7.18531
-7.17831
-7.17029
-7.15882
-7.14833
-7.14136
-7.13555
-7.12825
-7.12469
-7.12181
-7.1176
-7.11532
-7.11627
-7.11616
-7.11886
-7.12182
-7.12764
-7.13516
-7.13942
-7.1431
-7.14541
-7.14828
-7.14777
-7.14934
-7.15175
-7.15918
-7.16879
-7.18081
-7.19673
-7.21385
-7.23019
-7.24528
-7.25694
-7.26563
-7.26778
-7.26252
-7.25744
-7.24565
-7.22929
-7.21082
-7.19317
-7.17546
-7.15503
-7.13969
-7.12853
-7.12015
-7.11564
-7.11344
-7.11662
-7.11598
-7.11509
-7.11558
-7.1175
-7.11858
-7.1209
-7.12636
-7.13217
-7.13851
-7.14612
-7.15448
-7.16213
-7.17297
-7.18306
-7.19059
-7.20164
-7.21074
-7.21916
-7.22459
-7.23013
-7.23006
-7.22739
-7.22387
-7.21627
-7.2086
-7.20248
-7.19672
-7.19049
-7.18466
-7.1802
-7.17435
-7.16895
-7.16074
-7.15348
-7.14452
-7.13569
-7.12629
-7.1174
-7.10792
-7.1006
-7.09435
-7.08998
-7.0861
-7.08492
-7.08621
-7.09205
-7.10118
-7.1123
-7.12482
-7.13735
-7.15046
-7.16107
-7.17121
-7.17907
-7.18307
-7.18388
-7.18465
-7.18456
-7.18551
-7.18697
-7.19124
-7.19666
-7.20276
-7.20962
-7.21407
-7.22076
-7.22562
-7.2294
-7.23105
-7.22806
-7.22402
-7.21531
-7.21033
-7.19927
-7.19305
-7.18502
-7.17961
-7.17464
-7.17373
-7.17059
-7.16889
-7.16774
-7.16569
-7.16174
-7.15787
-7.15457
-7.14895
-7.14052
-7.13262
-7.1239
-7.11574
-7.10861
-7.10191
-7.09991
-7.09787
-7.10215
-7.10799
-7.11586
-7.12559
-7.13755
-7.15071
-7.16356
-7.17468
-7.18913
-7.20362
-7.21517
-7.22393
-7.23031
-7.23239
-7.23387
-7.23111
-7.22477
-7.21609
-7.20309
-7.19181
-7.17564
-7.16187
-7.14772
-7.1342
-7.12332
-7.11482
-7.10938
-7.10819
-7.11315
-7.12057
-7.13175
-7.14637
-7.16158
-7.1761
-7.19304
-7.20536
-7.2127
-7.21822
-7.21819
-7.21623
-7.21317
-7.2054
-7.19503
-7.18417
-7.17152
-7.16037
-7.14925
-7.13702
-7.12522
-7.1179
-7.11778
-7.12023
-7.12752
-7.13823
-7.15317
-7.17188
-7.19299
-7.21044
-7.22647
-7.23933
-7.24917
-7.25454
-7.25147
-7.24539
-7.23407
-7.2147
-7.19417
-7.17201
-7.14989
-7.12767
-7.11161
-7.09853
-7.08952
-7.0863
-7.08957
-7.09633
-7.10519
-7.117
-7.12782
-7.13653
-7.1436
-7.1455
-7.14199
-7.1403
-7.13563
-7.12773
-7.11982
-7.11125
-7.10315
-7.10121
-7.10307
-7.10934
-7.12015
-7.13422
-7.15331
-7.17375
-7.19317
-7.20759
-7.21826
-7.22588
-7.22934
-7.22721
-7.22688
-7.21909
-7.20899
-7.19948
-7.1914
-7.18251
-7.17459
-7.16716
-7.1647
-7.16142
-7.16072
-7.15784
-7.15553
-7.15454
-7.15051
-7.14714
-7.14323
-7.14149
-7.14245
-7.14372
-7.1476
-7.15439
-7.16191
-7.16666
-7.17212
-7.17494
-7.17631
-7.1754
-7.17413
-7.17223
-7.16939
-7.16713
-7.1643
-7.15978
-7.15605
-7.15117
-7.14851
-7.14887
-7.15015
-7.15253
-7.15961
-7.17014
-7.18099
-7.19331
-7.20549
-7.21415
-7.22224
-7.22218
-7.21872
-7.20822
-7.19508
-7.17805
-7.15883
-7.14144
-7.12583
-7.1114
-7.10262
-7.0996
-7.10269
-7.10855
-7.11852
-7.12996
-7.14188
-7.15452
-7.16308
-7.16735
-7.167
-7.1653
-7.1579
-7.14564
-7.13904
-7.13196
-7.12748
-7.12741
-7.13486
-7.14804
-7.16496
-7.1843
-7.20231
-7.22056
-7.23548
-7.24787
-7.25673
-7.25626
-7.25143
-7.24239
-7.22805
-7.21029
-7.19164
-7.17547
-7.15866
-7.14576
-7.13874
-7.13826
-7.1376
-7.13916
-7.14233
-7.15076
-7.15642
-7.16328
-7.1663
-7.17054
-7.17074
-7.16838
-7.164
-7.15779
-7.15449
-7.15271
-7.15081
-7.15218
-7.15377
-7.15281
-7.15552
-7.15589
-7.15772
-7.15981
-7.16429
-7.17082
-7.17907
-7.19057
-7.19891
-7.20627
-7.21205
-7.21398
-7.20906
-7.19911
-7.18779
-7.17172
-7.15519
-7.13599
-7.12028
-7.1092
-7.10015
-7.09798
-7.09883
-7.10423
-7.11107
-7.12379
-7.13574
-7.14632
-7.16119
-7.17781
-7.1921
-7.20678
-7.21816
-7.22532
-7.23103
-7.23232
-7.22801
-7.22099
-7.20806
-7.19192
-7.17507
-7.15662
-7.14126
-7.12775
-7.11724
-7.11189
-7.10993
-7.11629
-7.12553
-7.13699
-7.15294
-7.1731
-7.19148
-7.20875
-7.22339
-7.23447
-7.23925
-7.2417
-7.23897
-7.22969
-7.2193
-7.20916
-7.19911
-7.18872
-7.18453
-7.17717
-7.17229
-7.17152
-7.16747
-7.16476
-7.1613
-7.15968
-7.15696
-7.15211
-7.14945
-7.14514
-7.14018
-7.13506
-7.12886
-7.12256
-7.11735
-7.11297
-7.10979
-7.10921
-7.10879
-7.11131
-7.1158
-7.12058
-7.1266
-7.13453
-7.14286
-7.15037
-7.15774
-7.16732
-7.17261
-7.17921
-7.1839
-7.18691
-7.18815
-7.18563
-7.18134
-7.17403
-7.16478
-7.1546
-7.14393
-7.13409
-7.12463
-7.12415
-7.12921
-7.13649
-7.14567
-7.15827
-7.17058
-7.18545
-7.20097
-7.21417
-7.22318
-7.2297
-7.23241
-7.2279
-7.22129
-7.20969
-7.197
-7.18166
-7.16961
-7.16038
-7.15565
-7.15489
-7.15462
-7.15395
-7.15879
-7.16051
-7.15906
-7.15387
-7.14751
-7.14079
-7.13492
-7.13264
-7.13345
-7.13789
-7.14629
-7.15866
-7.16997
-7.18339
-7.19422
-7.20219
-7.20553
-7.20939
-7.20988
-7.20771
-7.20399
-7.2007
-7.1956
-7.1892
-7.18604
-7.1778
-7.17351
-7.16758
-7.166
-7.16287
-7.15825
-7.15621
-7.15174
-7.14699
-7.14206
-7.13898
-7.13198
-7.12532
-7.11984
-7.1158
-7.11365
-7.11582
-7.12129
-7.13062
-7.14153
-7.15611
-7.17169
-7.18927
-7.20711
-7.22196
-7.23154
-7.23778
-7.23802
-7.23391
-7.22244
-7.20647
-7.18525
-7.16168
-7.13613
-7.11566
-7.09946
-7.08983
-7.08623
-7.08853
-7.09773
-7.10985
-7.12264
-7.13987
-7.15837
-7.17593
-7.19336
-7.21322
-7.23183
-7.24357
-7.25498
-7.25996
-7.26218
-7.25822
-7.25152
-7.23796
-7.22148
-7.20378
-7.18462
-7.16535
-7.14777
-7.13184
-7.1172
-7.10602
-7.09884
-7.09714
-7.09618
-7.10029
-7.1046
-7.10901
-7.1158
-7.12251
-7.13104
-7.14132
-7.14813
-7.1562
-7.16736
-7.17746
-7.18433
-7.19087
-7.19094
-7.18988
-7.18506
-7.18032
-7.17456
-7.16825
-7.16525
-7.16413
-7.16617
-7.17408
-7.18274
-7.18721
-7.19196
-7.19548
-7.19495
-7.19496
-7.19077
-7.18417
-7.17426
-7.16776
-7.15759
-7.15158
-7.14845
-7.14671
-7.15175
-7.15531
-7.16296
-7.17087
-7.1767
-7.18115
-7.18595
-7.18919
-7.19035
-7.1919
-7.1933
-7.19654
-7.198
-7.19973
-7.20092
-7.19839
-7.19782
-7.19325
-7.18395
-7.17315
-7.15952
-7.14494
-7.13205
-7.12151
-7.1126
-7.10411
-7.10025
-7.09817
-7.09897
-7.10294
-7.11032
-7.11751
-7.12711
-7.13775
-7.14825
-7.16022
-7.17164
-7.18072
-7.18619
-7.19053
-7.18904
-7.18571
-7.18115
-7.17419
-7.16507
-7.15701
-7.14891
-7.14001
-7.13212
-7.12539
-7.11676
-7.11332
-7.11382
-7.1186
-7.12427
-7.13497
-7.15014
-7.16894
-7.19087
-7.21108
-7.23056
-7.24596
-7.25746
-7.26236
-7.25956
-7.25338
-7.24482
-7.23296
-7.22094
-7.20923
-7.19589
-7.18319
-7.1744
-7.16369
-7.15837
-7.15639
-7.15464
-7.15377
-7.15569
-7.15863
-7.1571
-7.15349
-7.14808
-7.1422
-7.1372
-7.13095
-7.12579
-7.12224
-7.11894
-7.11913
-7.11933
-7.1214
-7.12486
-7.12737
-7.13261
-7.13451
-7.13597
-7.14178
-7.14339
-7.1496
-7.15623
-7.16457
-7.17658
-7.18431
-7.19498
-7.2011
-7.20679
-7.21215
-7.2186
-7.22403
-7.23246
-7.2429
-7.25179
-7.26009
-7.26723
-7.27147
-7.27224
-7.27105
-7.26961
-7.26724
-7.26241
-7.25632
-7.25035
-7.24432
-7.23979
-7.23825
-7.2378
-7.24295
-7.24936
-7.26063
-7.27128
-7.28375
-7.29407
-7.30037
-7.30909
-7.31439
-7.31507
-7.31253
-7.30575
-7.29425
-7.27825
-7.25969
-7.23866
-7.21563
-7.1929
-7.17393
-7.15984
-7.15124
-7.15149
-7.15843
-7.17208
-7.19004
-7.21124
-7.23653
-7.26085
-7.28197
-7.30094
-7.31805
-7.32758
-7.33162
-7.33048
-7.32923
-7.31994
-7.31039
-7.29779
-7.28327
-7.26961
-7.25949
-7.25119
-7.24199
-7.23396
-7.22363
-7.21408
-7.20141
-7.19201
-7.18606
-7.18164
-7.18099
-7.18251
-7.18793
-7.19489
-7.20679
-7.21947
-7.23125
-7.24351
-7.25341
-7.26429
-7.27184
-7.2782
-7.27843
-7.2764
-7.27083
-7.2634
-7.25691
-7.25387
-7.25102
-7.2503
-7.25272
-7.25903
-7.26532
-7.2719
-7.27715
-7.27872
-7.27766
-7.27524
-7.2675
-7.25689
-7.24763
-7.23896
-7.23347
-7.23058
-7.22523
-7.22325
-7.22261
-7.22253
-7.22354
-7.22355
-7.2259
-7.22967
-7.23296
-7.23527
-7.24015
-7.24356
-7.24572
-7.2507
-7.25368
-7.26002
-7.26547
-7.26893
-7.27375
-7.27813
-7.27881
-7.27753
-7.27428
-7.26926
-7.26434
-7.25857
-7.24934
-7.23994
-7.2327
-7.22643
-7.21702
-7.2084
-7.20246
-7.19701
-7.19529
-7.19138
-7.19427
-7.19682
-7.19941
-7.20275
-7.20909
-7.2162
-7.22394
-7.22942
-7.23625
-7.24235
-7.24913
-7.25369
-7.25652
-7.25663
-7.25716
-7.25703
-7.25929
-7.26142
-7.26218
-7.26124
-7.26215
-7.26486
-7.26292
-7.26186
-7.26048
-7.25896
-7.26036
-7.26121
-7.26149
-7.2627
-7.26346
-7.26527
-7.26906
-7.27294
-7.27472
-7.2764
-7.2795
-7.27819
-7.2787
-7.27868
-7.27587
-7.27241
-7.26411
-7.25416
-7.24392
-7.23225
-7.22166
-7.21724
-7.21706
-7.22146
-7.22594
-7.23563
-7.24379
-7.25305
-7.25972
-7.26646
-7.27036
-7.26885
-7.26736
-7.26064
-7.25371
-7.24304
-7.23103
-7.2199
-7.208
-7.1971
-7.1917
-7.18685
-7.1864
-7.18781
-7.19003
-7.19295
-7.19903
-7.20435
-7.20926
-7.21674
-7.22201
-7.22547
-7.22852
-7.23069
-7.23259
-7.23469
-7.23507
-7.2361
-7.23786
-7.24064
-7.24461
-7.24817
-7.25253
-7.25728
-7.26272
-7.2688
-7.27584
-7.28285
-7.29049
-7.30019
-7.30789
-7.31307
-7.31397
-7.31333
-7.30794
-7.30123
-7.29188
-7.28169
-7.27434
-7.2673
-7.26251
-7.25861
-7.2552
-7.25178
-7.24712
-7.24494
-7.24201
-7.23735
-7.23386
-7.22852
-7.22664
-7.22627
-7.22394
-7.22583
-7.22964
-7.23345
-7.23783
-7.24105
-7.24469
-7.24533
-7.24598
-7.24505
-7.24121
-7.23587
-7.2293
-7.22222
-7.21624
-7.21284
-7.21073
-7.2119
-7.2123
-7.21413
-7.21656
-7.22009
-7.22077
-7.22252
-7.22458
-7.22572
-7.2277
-7.22783
-7.22853
-7.22731
-7.2283
-7.22782
-7.22804
-7.22794
-7.22769
-7.22501
-7.22461
-7.22506
-7.22968
-7.23436
-7.23994
-7.24609
-7.25294
-7.2636
-7.26893
-7.27704
-7.28316
-7.29163
-7.29639
-7.30035
-7.30179
-7.30261
-7.30001
-7.29349
-7.28937
-7.27744
-7.27124
-7.26117
-7.25486
-7.24924
-7.24483
-7.24264
-7.23612
-7.23561
-7.23204
-7.22872
-7.22167
-7.21871
-7.21519
-7.21011
-7.20604
-7.20147
-7.19803
-7.1952
-7.19175
-7.19045
-7.1902
-7.18838
-7.18781
-7.19114
-7.19633
-7.20611
-7.22128
-7.24002
-7.25833
-7.27844
-7.2932
-7.30634
-7.31354
-7.31707
-7.31648
-7.31157
-7.30029
-7.28801
-7.27507
-7.26315
-7.25215
-7.24106
-7.23333
-7.22749
-7.22668
-7.22534
-7.22565
-7.22746
-7.23128
-7.23851
-7.2416
-7.24666
-7.24957
-7.25439
-7.25497
-7.25911
-7.26145
-7.26462
-7.26685
-7.26692
-7.26747
-7.27013
-7.26849
-7.26941
-7.27165
-7.27327
-7.27458
-7.27553
-7.27499
-7.27404
-7.27186
-7.26868
-7.26842
-7.26433
-7.26062
-7.25655
-7.25288
-7.24845
-7.24232
-7.23405
-7.22452
-7.2193
-7.21144
-7.20592
-7.20581
-7.2059
-7.20965
-7.21566
-7.22357
-7.23511
-7.24373
-7.24974
-7.25231
-7.25581
-7.25563
-7.25303
-7.24571
-7.23963
-7.23362
-7.22569
-7.22107
-7.21828
-7.21503
-7.21085
-7.20957
-7.20672
-7.20448
-7.20489
-7.20779
-7.21388
-7.22033
-7.23042
-7.24114
-7.25279
-7.26332
-7.27346
-7.27937
-7.28383
-7.28313
-7.28228
-7.28069
-7.27965
-7.27997
-7.27708
-7.27849
-7.27633
-7.27362
-7.27307
-7.2722
-7.26862
-7.26829
-7.26553
-7.26089
-7.25539
-7.24851
-7.24255
-7.23598
-7.23131
-7.22576
-7.22288
-7.21727
-7.21752
-7.21747
-7.21999
-7.22324
-7.2245
-7.22762
-7.23129
-7.2338
-7.23559
-7.23767
-7.24069
-7.24377
-7.24583
-7.24487
-7.24077
-7.23742
-7.23555
-7.23051
-7.23156
-7.23142
-7.23402
-7.2349
-7.23932
-7.2451
-7.25082
-7.25756
-7.26297
-7.26758
-7.26905
-7.26792
-7.26459
-7.2622
-7.25761
-7.25667
-7.25238
-7.25075
-7.24541
-7.24256
-7.24007
-7.23737
-7.23319
-7.22833
-7.22554
-7.21909
-7.21901
-7.2219
-7.22362
-7.22698
-7.23381
-7.24188
-7.25081
-7.2588
-7.2675
-7.27517
-7.28039
-7.2841
-7.28351
-7.27962
-7.27372
-7.26139
-7.2493
-7.23678
-7.22636
-7.21904
-7.21434
-7.21536
-7.21735
-7.22615
-7.23773
-7.251
-7.26325
-7.27643
-7.28273
-7.28953
-7.29376
-7.29426
-7.29084
-7.28712
-7.27978
-7.26991
-7.26051
-7.25192
-7.24275
-7.2352
-7.22747
-7.22041
-7.21495
-7.21196
-7.21077
-7.21147
-7.21659
-7.22042
-7.22755
-7.23724
-7.24428
-7.24949
-7.25396
-7.26005
-7.26131
-7.25799
-7.25247
-7.24758
-7.24009
-7.23446
-7.22964
-7.22605
-7.22398
-7.22424
-7.22429
-7.22994
-7.23379
-7.23965
-7.24735
-7.25438
-7.26047
-7.26419
-7.26649
-7.26917
-7.26937
-7.2699
-7.26914
-7.26448
-7.26095
-7.25606
-7.2531
-7.24929
-7.24581
-7.24214
-7.23956
-7.23668
-7.23616
-7.23895
-7.24572
-7.25001
-7.25556
-7.26188
-7.26498
-7.26785
-7.26789
-7.26474
-7.26119
-7.25442
-7.24855
-7.24131
-7.23494
-7.22941
-7.22581
-7.22378
-7.22052
-7.22171
-7.22214
-7.2243
-7.22694
-7.22961
-7.2298
-7.23178
-7.23261
-7.23353
-7.23644
-7.2425
-7.24776
-7.25496
-7.26263
-7.27128
-7.28041
-7.28634
-7.29067
-7.29423
-7.29384
-7.29105
-7.28788
-7.27874
-7.26994
-7.25839
-7.24513
-7.23585
-7.22738
-7.22116
-7.21881
-7.22135
-7.22536
-7.22941
-7.234
-7.2369
-7.24046
-7.24093
-7.23886
-7.23536
-7.231
-7.23021
-7.22623
-7.2228
-7.22028
-7.21928
-7.21753
-7.21762
-7.21899
-7.21709
-7.21921
-7.21987
-7.2203
-7.22038
-7.21933
-7.21689
-7.21442
-7.21148
-7.20726
-7.20512
-7.20394
-7.20788
-7.21744
-7.22733
-7.23975
-7.25619
-7.27133
-7.28467
-7.29717
-7.30613
-7.30995
-7.30714
-7.30359
-7.29852
-7.28606
-7.27431
-7.2634
-7.25199
-7.24504
-7.2382
-7.23101
-7.22613
-7.22251
-7.22233
-7.22133
-7.22244
-7.22712
-7.23141
-7.23904
-7.24595
-7.25202
-7.25861
-7.26166
-7.26909
-7.27228
-7.27567
-7.27541
-7.27147
-7.26983
-7.26803
-7.26823
-7.26581
-7.26569
-7.26752
-7.26599
-7.26441
-7.26422
-7.26437
-7.26402
-7.26287
-7.26108
-7.25899
-7.25785
-7.25342
-7.24697
-7.24023
-7.23262
-7.22451
-7.21472
-7.2078
-7.20059
-7.19826
-7.20007
-7.20151
-7.20564
-7.21154
-7.2181
-7.22127
-7.22779
-7.23266
-7.23185
-7.23022
-7.22691
-7.22145
-7.2178
-7.21107
-7.20722
-7.20526
-7.20767
-7.21454
-7.22552
-7.23918
-7.24926
-7.26206
-7.27321
-7.2834
-7.28968
-7.29556
-7.29708
-7.29735
-7.29235
-7.28918
-7.28216
-7.27436
-7.26912
-7.26056
-7.25667
-7.25481
-7.25332
-7.25267
-7.25142
-7.24987
-7.24852
-7.24503
-7.24424
-7.24092
-7.23884
-7.23468
-7.22906
-7.22369
-7.21886
-7.21345
-7.20682
-7.20076
-7.20031
-7.20072
-7.20639
-7.21726
-7.22769
-7.24352
-7.26429
-7.2834
-7.30111
-7.31611
-7.3251
-7.33323
-7.33296
-7.328
-7.31678
-7.30501
-7.28801
-7.27184
-7.25625
-7.24181
-7.23086
-7.22042
-7.21366
-7.20721
-7.20224
-7.19402
-7.19001
-7.18678
-7.18488
-7.18333
-7.18563
-7.18739
-7.19292
-7.20051
-7.20769
-7.21839
-7.22973
-7.24068
-7.25282
-7.26185
-7.2718
-7.27987
-7.28754
-7.29379
-7.2965
-7.29592
-7.29407
-7.2902
-7.2865
-7.28008
-7.27338
-7.26406
-7.25313
-7.24779
-7.24185
-7.23831
-7.23763
-7.23838
-7.24244
-7.24671
-7.25018
-7.25481
-7.25911
-7.26223
-7.2654
-7.26079
-7.25783
-7.2512
-7.24099
-7.22951
-7.2191
-7.20793
-7.19921
-7.19126
-7.18771
-7.18776
-7.18973
-7.19656
-7.2066
-7.21808
-7.22803
-7.23783
-7.24461
-7.25085
-7.25601
-7.25874
-7.25952
-7.25681
-7.25544
-7.25031
-7.24823
-7.24862
-7.24828
-7.24786
-7.2463
-7.24745
-7.24891
-7.2507
-7.25129
-7.24983
-7.25033
-7.2502
-7.24816
-7.24428
-7.24362
-7.24352
-7.24499
-7.24927
-7.25332
-7.25941
-7.26634
-7.27505
-7.2815
-7.2889
-7.29477
-7.29926
-7.30151
-7.29638
-7.29146
-7.28189
-7.26878
-7.25663
-7.24206
-7.22792
-7.2204
-7.21363
-7.21484
-7.21936
-7.22614
-7.23661
-7.24611
-7.25681
-7.26652
-7.27262
-7.27562
-7.27482
-7.27249
-7.2666
-7.26042
-7.2533
-7.24452
-7.23742
-7.22961
-7.22287
-7.21565
-7.20924
-7.20373
-7.19964
-7.1973
-7.19623
-7.1962
-7.19853
-7.20494
-7.21198
-7.22149
-7.2309
-7.23764
-7.24784
-7.25803
-7.26965
-7.27936
-7.28583
-7.28753
-7.28504
-7.28495
-7.28175
-7.27922
-7.27417
-7.26923
-7.26412
-7.26086
-7.25971
-7.2591
-7.26422
-7.2754
-7.2844
-7.2924
-7.29883
-7.30508
-7.30694
-7.30574
-7.30226
-7.29118
-7.27882
-7.26245
-7.24637
-7.22721
-7.21225
-7.19695
-7.18206
-7.17646
-7.17166
-7.16923
-7.17192
-7.1787
-7.1862
-7.19653
-7.20757
-7.21819
-7.23089
-7.24324
-7.25573
-7.26492
-7.27582
-7.28567
-7.29103
-7.2931
-7.2917
-7.28795
-7.281
-7.2709
-7.25924
-7.25001
-7.241
-7.23338
-7.22844
-7.22738
-7.22882
-7.23313
-7.23918
-7.24632
-7.25611
-7.23338
-7.27303
-7.27819
-7.27824
-7.27442
-7.26579
-7.25496
-7.24131
-7.22553
-7.20821
-7.192
-7.18081
-7.17182
-7.1657
-7.16527
-7.16571
-7.17109
-7.17677
-7.18253
-7.19059
-7.19576
-7.20047
-7.20564
-7.21202
-7.21779
-7.22321
-7.22901
-7.23418
-7.24022
-7.24494
-7.25
-7.25678
-7.26122
-7.26503
-7.26603
-7.26272
-7.26107
-7.2593
-7.25516
-7.24529
-7.23741
-7.22893
-7.21992
-7.21284
-7.20413
-7.19676
-7.19272
-7.19212
-7.19179
-7.19393
-7.19627
-7.20057
-7.20386
-7.20693
-7.20985
-7.21292
-7.21395
-7.21534
-7.21497
-7.21467
-7.21598
-7.21592
-7.21741
-7.22063
-7.22276
-7.22761
-7.23075
-7.23436
-7.23803
-7.23978
-7.24362
-7.24563
-7.24558
-7.24468
-7.245
-7.24342
-7.24424
-7.24336
-7.24018
-7.24156
-7.23904
-7.23997
-7.24042
-7.2371
-7.23301
-7.23413
-7.22965
-7.22741
-7.2258
-7.22633
-7.22431
-7.22481
-7.22613
-7.22363
-7.22203
-7.21999
-7.2183
-7.22187
-7.21983
-7.21884
-7.2186
-7.22289
-7.22674
-7.23285
-7.24012
-7.24544
-7.25239
-7.2561
-7.25924
-7.25984
-7.26095
-7.25806
-7.25463
-7.25015
-7.24607
-7.23831
-7.23173
-7.22357
-7.21739
-7.20822
-7.20121
-7.1942
-7.18808
-7.18134
-7.17643
-7.17216
-7.1701
-7.16845
-7.17042
-7.17424
-7.18108
-7.18919
-7.19882
-7.20981
-7.22443
-7.23498
-7.24734
-7.25715
-7.26522
-7.26831
-7.27013
-7.26491
-7.25597
-7.24644
-7.23529
-7.22445
-7.21681
-7.21132
-7.20985
-7.21417
-7.2205
-7.22644
-7.234
-7.24132
-7.25117
-7.25551
-7.26166
-7.26393
-7.26267
-7.25742
-7.25387
-7.24964
-7.24302
-7.23654
-7.22928
-7.22239
-7.21641
-7.21216
-7.21072
-7.20967
-7.20866
-7.21041
-7.21255
-7.21596
-7.22024
-7.22215
-7.225
-7.22671
-7.22782
-7.22691
-7.22778
-7.22578
-7.22184
-7.22021
-7.21528
-7.21228
-7.20752
-7.20581
-7.20471
-7.20357
-7.20577
-7.2073
-7.21242
-7.21903
-7.22436
-7.22968
-7.23341
-7.23738
-7.23809
-7.23878
-7.23421
-7.23167
-7.22856
-7.22509
-7.22462
-7.22469
-7.22652
-7.22467
-7.2239
-7.22472
-7.22122
-7.21965
-7.21897
-7.21574
-7.21377
-7.21012
-7.20536
-7.20213
-7.1993
-7.19678
-7.19643
-7.19688
-7.20107
-7.20619
-7.21655
-7.2296
-7.24411
-7.25567
-7.26764
-7.27856
-7.28296
-7.28528
-7.28327
-7.2786
-7.26722
-7.25423
-7.23926
-7.2224
-7.20931
-7.19941
-7.19027
-7.18967
-7.19059
-7.19575
-7.20116
-7.21093
-7.22035
-7.22908
-7.23467
-7.23633
-7.23709
-7.23517
-7.23288
-7.22899
-7.22735
-7.2261
-7.22459
-7.22479
-7.22536
-7.22682
-7.22977
-7.23357
-7.23896
-7.24079
-7.24674
-7.2504
-7.25001
-7.24918
-7.2456
-7.24164
-7.2363
-7.22745
-7.219
-7.20881
-7.20371
-7.19798
-7.19908
-7.20281
-7.21028
-7.22033
-7.23238
-7.24568
-7.25538
-7.26407
-7.26805
-7.26792
-7.26143
-7.25493
-7.24407
-7.23649
-7.22671
-7.21705
-7.20959
-7.20175
-7.19644
-7.19498
-7.19515
-7.1998
-7.20473
-7.21251
-7.22306
-7.23209
-7.24345
-7.25254
-7.25886
-7.26224
-7.25853
-7.25132
-7.23958
-7.22886
-7.21681
-7.20805
-7.20172
-7.19621
-7.19391
-7.19528
-7.20147
-7.2096
-7.21509
-7.22461
-7.23145
-7.23928
-7.24151
-7.24206
-7.24245
-7.23875
-7.23025
-7.22175
-7.21089
-7.19873
-7.19194
-7.18149
-7.17568
-7.17343
-7.17239
-7.17825
-7.18523
-7.1934
-7.20297
-7.21308
-7.22009
-7.22492
-7.2263
-7.22788
-7.22751
-7.22317
-7.221
-7.21579
-7.21313
-7.20945
-7.20557
-7.20482
-7.20461
-7.20676
-7.20915
-7.21186
-7.21368
-7.21637
-7.21703
-7.21677
-7.21999
-7.22297
-7.22635
-7.22965
-7.23
-7.23387
-7.23713
-7.2376
-7.23831
-7.23398
-7.23174
-7.22852
-7.22275
-7.21826
-7.21597
-7.2142
-7.21431
-7.21676
-7.21695
-7.22005
-7.22605
-7.23013
-7.23531
-7.2405
-7.24814
-7.25277
-7.25782
-7.26319
-7.26585
-7.26601
-7.2631
-7.25435
-7.24397
-7.23085
-7.2179
-7.20319
-7.19137
-7.18467
-7.18267
-7.18597
-7.19599
-7.20916
-7.22412
-7.24278
-7.25792
-7.2695
-7.278
-7.28049
-7.28046
-7.27527
-7.26882
-7.26436
-7.25745
-7.25301
-7.25099
-7.2481
-7.2482
-7.24784
-7.24779
-7.24716
-7.2439
-7.24193
-7.2376
-7.23102
-7.22504
-7.21716
-7.21006
-7.20129
-7.19545
-7.18976
-7.18551
-7.18021
-7.17672
-7.17261
-7.16757
-7.1612
-7.15437
-7.1467
-7.14167
-7.14032
-7.14077
-7.14647
-7.15474
-7.16753
-7.18631
-7.20793
-7.22894
-7.25245
-7.27407
-7.29383
-7.30937
-7.31926
-7.32705
-7.32773
-7.32349
-7.31255
-7.29704
-7.27896
-7.25972
-7.24135
-7.22411
-7.21023
-7.19774
-7.19322
-7.18951
-7.18973
-7.19122
-7.19004
-7.18968
-7.18762
-7.18679
-7.18505
-7.18735
-7.18969
-7.19454
-7.20472
-7.21701
-7.22969
-7.24091
-7.25177
-7.26097
-7.26625
-7.27159
-7.26871
-7.26626
-7.26094
-7.25695
-7.25398
-7.25214
-7.25116
-7.25396
-7.25984
-7.26699
-7.27363
-7.27549
-7.27865
-7.27772
-7.27238
-7.26203
-7.25047
-7.23709
-7.21995
-7.20199
-7.18615
-7.17094
-7.15839
-7.14649
-7.14184
-7.1399
-7.14259
-7.14921
-7.15829
-7.17284
-7.18842
-7.20655
-7.22165
-7.23609
-7.24767
-7.25205
-7.25217
-7.25152
-7.24715
-7.24322
-7.23936
-7.23982
-7.24067
-7.24199
-7.24407
-7.24858
-7.25239
-7.25473
-7.25926
-7.26392
-7.26922
-7.27296
-7.27584
-7.27548
-7.27233
-7.26738
-7.25938
-7.24691
-7.23137
-7.21427
-7.19625
-7.17891
-7.16676
-7.15892
-7.1574
-7.16236
-7.17064
-7.18145
-7.18983
-7.19805
-7.20699
-7.21429
-7.21974
-7.22356
-7.22856
-7.23136
-7.23432
-7.23461
-7.23837
-7.24134
-7.24278
-7.24203
-7.23856
-7.2387
-7.23883
-7.23723
-7.236
-7.23622
-7.23663
-7.23564
-7.23829
-7.24211
-7.24356
-7.24611
-7.24717
-7.24587
-7.24407
-7.23899
-7.23549
-7.23172
-7.22902
-7.22486
-7.22269
-7.21839
-7.21736
-7.21715
-7.21777
-7.21665
-7.21772
-7.21763
-7.21709
-7.21609
-7.21262
-7.2126
-7.21671
-7.21931
-7.22669
-7.23527
-7.24456
-7.25476
-7.26228
-7.26676
-7.26863
-7.26805
-7.26236
-7.25208
-7.23863
-7.2228
-7.20443
-7.18612
-7.17261
-7.16604
-7.16251
-7.16533
-7.17679
-7.19234
-7.20899
-7.22594
-7.24259
-7.25712
-7.26603
-7.26949
-7.27086
-7.2666
-7.25872
-7.25121
-7.2425
-7.23736
-7.23267
-7.23298
-7.23505
-7.23925
-7.24277
-7.24414
-7.24708
-7.24529
-7.24293
-7.24224
-7.23659
-7.23188
-7.22745
-7.22139
-7.21907
-7.21889
-7.22067
-7.22627
-7.23021
-7.23846
-7.24585
-7.25323
-7.25759
-7.26082
-7.26307
-7.26146
-7.25495
-7.24825
-7.23979
-7.22975
-7.21754
-7.20683
-7.19653
-7.1878
-7.18117
-7.17863
-7.18118
-7.18559
-7.19109
-7.19948
-7.20781
-7.21764
-7.22839
-7.23669
-7.24165
-7.24547
-7.24611
-7.24606
-7.24481
-7.24039
-7.23663
-7.23163
-7.22718
-7.22004
-7.2153
-7.21036
-7.20602
-7.19975
-7.19345
-7.18977
-7.18876
-7.19148
-7.19724
-7.20455
-7.21536
-7.22207
-7.23051
-7.23623
-7.24077
-7.24345
-7.24614
-7.24925
-7.25301
-7.24797
-7.2472
-7.24332
-7.24338
-7.24389
-7.24218
-7.24176
-7.24324
-7.24445
-7.24605
-7.24454
-7.24024
-7.23522
-7.23014
-7.22517
-7.21842
-7.21387
-7.21397
-7.21592
-7.22289
-7.2291
-7.23564
-7.24188
-7.24574
-7.25074
-7.25431
-7.25839
-7.25564
-7.25181
-7.24895
-7.24282
-7.23555
-7.22706
-7.21992
-7.21181
-7.2051
-7.20031
-7.19578
-7.19128
-7.18971
-7.18696
-7.18587
-7.1873
-7.18648
-7.18802
-7.19288
-7.19925
-7.20932
-7.21921
-7.23166
-7.24115
-7.25102
-7.25907
-7.26411
-7.26513
-7.26184
-7.25833
-7.25081
-7.24302
-7.23715
-7.23101
-7.22664
-7.22275
-7.2203
-7.219
-7.22035
-7.22457
-7.23002
-7.23521
-7.23837
-7.24325
-7.24703
-7.25195
-7.25375
-7.25816
-7.25933
-7.25449
-7.25047
-7.24514
-7.23715
-7.22708
-7.21774
-7.20837
-7.20301
-7.19187
-7.18186
-7.17249
-7.16652
-7.16436
-7.16734
-7.17574
-7.19092
-7.21132
-7.23254
-7.25492
-7.27489
-7.29341
-7.30459
-7.30965
-7.30961
-7.3057
-7.29539
-7.2829
-7.2707
-7.25194
-7.23172
-7.21607
-7.20283
-7.19167
-7.18463
-7.18319
-7.18615
-7.1915
-7.20066
-7.21039
-7.22139
-7.23174
-7.23856
-7.24201
-7.24144
-7.23838
-7.23077
-7.22322
-7.21444
-7.20301
-7.19077
-7.17862
-7.17068
-7.16155
-7.1576
-7.15696
-7.15986
-7.16777
-7.17907
-7.19567
-7.21384
-7.23085
-7.24882
-7.26375
-7.27816
-7.28922
-7.29953
-7.3007
-7.29775
-7.29431
-7.28332
-7.27177
-7.26182
-7.24904
-7.23449
-7.22191
-7.21142
-7.20268
-7.19429
-7.18895
-7.18281
-7.17985
-7.18176
-7.1851
-7.18988
-7.196
-7.20444
-7.21689
-7.22584
-7.23412
-7.24004
-7.24695
-7.25456
-7.25798
-7.25841
-7.25723
-7.25544
-7.25386
-7.24888
-7.24373
-7.23967
-7.23284
-7.2238
-7.21086
-7.19809
-7.1856
-7.17479
-7.16456
-7.15987
-7.15666
-7.15705
-7.16117
-7.17104
-7.1848
-7.20071
-7.21837
-7.23628
-7.2565
-7.2713
-7.28541
-7.29383
-7.29641
-7.29785
-7.29583
-7.28799
-7.27702
-7.26626
-7.25102
-7.23567
-7.22393
-7.21078
-7.20255
-7.19672
-7.19065
-7.1922
-7.19656
-7.20161
-7.21036
-7.22099
-7.23465
-7.24685
-7.25829
-7.26597
-7.27259
-7.2741
-7.27256
-7.26417
-7.25701
-7.24513
-7.23027
-7.21273
-7.197
-7.18219
-7.17007
-7.16153
-7.15837
-7.16002
-7.16735
-7.17787
-7.19162
-7.20802
-7.2282
-7.24456
-7.2596
-7.27227
-7.28094
-7.28538
-7.28606
-7.28444
-7.28029
-7.27315
-7.26514
-7.25592
-7.24823
-7.23964
-7.23107
-7.22613
-7.21836
-7.21003
-7.2007
-7.19248
-7.18369
-7.17596
-7.17123
-7.17107
-7.17399
-7.17976
-7.19124
-7.20481
-7.21809
-7.23126
-7.24139
-7.24789
-7.2507
-7.2478
-7.2381
-7.22735
-7.21569
-7.20315
-7.19423
-7.1907
-7.19236
-7.19991
-7.20861
-7.2211
-7.23748
-7.25396
-7.27031
-7.2866
-7.29933
-7.30899
-7.31264
-7.31061
-7.30595
-7.29281
-7.27427
-7.25424
-7.23166
-7.20982
-7.19014
-7.17507
-7.16183
-7.15059
-7.13977
-7.12926
-7.11652
-7.10892
-7.10103
-7.09786
-7.09663
-7.09895
-7.0991
-7.10313
-7.10791
-7.11616
-7.12455
-7.13512
-7.14726
-7.15817
-7.16563
-7.17289
-7.17494
-7.17049
-7.1663
-7.15821
-7.14941
-7.14184
-7.13495
-7.13169
-7.12823
-7.12868
-7.13038
-7.13286
-7.13758
-7.14018
-7.14185
-7.14238
-7.14798
-7.15289
-7.15901
-7.16474
-7.16925
-7.17113
-7.17169
-7.1673
-7.16167
-7.15262
-7.14277
-7.1328
-7.11917
-7.10855
-7.09683
-7.08996
-7.08613
-7.08691
-7.09303
-7.10319
-7.11632
-7.12958
-7.1433
-7.15337
-7.16389
-7.16993
-7.1745
-7.18002
-7.18304
-7.18549
-7.18514
-7.18347
-7.17944
-7.17682
-7.17493
-7.17209
-7.17028
-7.16992
-7.16892
-7.16974
-7.17016
-7.17054
-7.16903
-7.16741
-7.1631
-7.15631
-7.14679
-7.13677
-7.12448
-7.11096
-7.0989
-7.0868
-7.07545
-7.06834
-7.06232
-7.06102
-7.06532
-7.0743
-7.0876
-7.10118
-7.11555
-7.13006
-7.14182
-7.15007
-7.15322
-7.15717
-7.15394
-7.15063
-7.14388
-7.13792
-7.13083
-7.12543
-7.12373
-7.12402
-7.126
-7.13143
-7.14089
-7.15105
-7.16409
-7.17914
-7.19326
-7.20579
-7.20986
-7.20863
-7.20059
-7.18426
-7.16401
-7.14039
-7.11474
-7.09498
-7.07655
-7.06986
-7.07023
-7.0794
-7.0913
-7.10434
-7.11627
-7.12507
-7.13497
-7.13849
-7.13644
-7.1344
-7.12958
-7.13036
-7.12981
-7.13554
-7.14315
-7.15392
-7.16569
-7.17682
-7.18757
-7.19416
-7.19451
-7.1941
-7.19099
-7.18595
-7.17924
-7.17082
-7.15954
-7.1491
-7.13696
-7.12676
-7.11737
-7.11035
-7.10496
-7.10195
-7.09946
-7.0991
-7.09869
-7.10225
-7.10551
-7.11119
-7.11346
-7.11852
-7.12534
-7.13113
-7.13774
-7.14244
-7.14782
-7.15245
-7.15223
-7.15378
-7.15334
-7.15249
-7.15014
-7.14895
-7.14775
-7.14395
-7.13655
-7.13322
-7.1289
-7.12506
-7.12319
-7.12126
-7.12507
-7.13296
-7.14194
-7.15123
-7.15956
-7.16854
-7.17761
-7.18391
-7.18866
-7.19001
-7.1911
-7.187
-7.18132
-7.1746
-7.1639
-7.15291
-7.13947
-7.12982
-7.11941
-7.11279
-7.10683
-7.10653
-7.11429
-7.12433
-7.13238
-7.14321
-7.15198
-7.1596
-7.16661
-7.16889
-7.16616
-7.16211
-7.15597
-7.14693
-7.1378
-7.12937
-7.12329
-7.12386
-7.12768
-7.13849
-7.14974
-7.16035
-7.17197
-7.17675
-7.17822
-7.1752
-7.16843
-7.16285
-7.15653
-7.14694
-7.13858
-7.13012
-7.1253
-7.11662
-7.10683
-7.09648
-7.08734
-7.08191
-7.08098
-7.08181
-7.08509
-7.08883
-7.1005
-7.11188
-7.12347
-7.13468
-7.14763
-7.15846
-7.16795
-7.17793
-7.18542
-7.19382
-7.20093
-7.20731
-7.21112
-7.2111
-7.2106
-7.20048
-7.18892
-7.17154
-7.15372
-7.13228
-7.10947
-7.08973
-7.07359
-7.06595
-7.06265
-7.07079
-7.08558
-7.10568
-7.13106
-7.15879
-7.18342
-7.20364
-7.22224
-7.23193
-7.23648
-7.23456
-7.22413
-7.20995
-7.19522
-7.17986
-7.16793
-7.15582
-7.14612
-7.14091
-7.13468
-7.12798
-7.12147
-7.11552
-7.11034
-7.10685
-7.10226
-7.09946
-7.09839
-7.09484
-7.09237
-7.09138
-7.09056
-7.08946
-7.08873
-7.08843
-7.08823
-7.08831
-7.08959
-7.09095
-7.09765
-7.10671
-7.12134
-7.13787
-7.15759
-7.17812
-7.19544
-7.21377
-7.22507
-7.22801
-7.2267
-7.22386
-7.21457
-7.20224
-7.18767
-7.17245
-7.15827
-7.14527
-7.13287
-7.11953
-7.1105
-7.10333
-7.09772
-7.09486
-7.09669
-7.09798
-7.10863
-7.11879
-7.13023
-7.14366
-7.15653
-7.1708
-7.18529
-7.19469
-7.20516
-7.21168
-7.21416
-7.21142
-7.2076
-7.20033
-7.19007
-7.1806
-7.16875
-7.15095
-7.13547
-7.11939
-7.10539
-7.0902
-7.08353
-7.08016
-7.07772
-7.07846
-7.07864
-7.08493
-7.09009
-7.09764
-7.10747
-7.11717
-7.12391
-7.13363
-7.13946
-7.14705
-7.14787
-7.1495
-7.15051
-7.1546
-7.15554
-7.15904
-7.1625
-7.1664
-7.16471
-7.16178
-7.15861
-7.15413
-7.14778
-7.1399
-7.13133
-7.12252
-7.11328
-7.10375
-7.09408
-7.08719
-7.08449
-7.0838
-7.08432
-7.09002
-7.10123
-7.11288
-7.12528
-7.14334
-7.16087
-7.17646
-7.1899
-7.20406
-7.21593
-7.22413
-7.22572
-7.2221
-7.21171
-7.1967
-7.17873
-7.15945
-7.14158
-7.12971
-7.12181
-7.11965
-7.12157
-7.12661
-7.13325
-7.14274
-7.14848
-7.15093
-7.15508
-7.15581
-7.15244
-7.14625
-7.13895
-7.13288
-7.12675
-7.12336
-7.12259
-7.12772
-7.13107
-7.13775
-7.1446
-7.14964
-7.15205
-7.15432
-7.15712
-7.15832
-7.15907
-7.15994
-7.15863
-7.16
-7.15974
-7.15833
-7.15587
-7.14854
-7.14474
-7.13957
-7.13565
-7.13108
-7.12786
-7.12717
-7.13001
-7.13603
-7.14228
-7.15009
-7.15678
-7.16191
-7.15936
-7.15645
-7.14697
-7.13402
-7.12322
-7.1121
-7.10227
-7.09937
-7.10074
-7.10453
-7.11013
-7.11688
-7.12136
-7.12563
-7.12928
-7.13025
-7.1291
-7.125
-7.1203
-7.11877
-7.11549
-7.11602
-7.11665
-7.12135
-7.12953
-7.13625
-7.14716
-7.15736
-7.16953
-7.17898
-7.18975
-7.20146
-7.21519
-7.22626
-7.23529
-7.24317
-7.24154
-7.23758
-7.22461
-7.2075
-7.18879
-7.16591
-7.14414
-7.12243
-7.10284
-7.08789
-7.07812
-7.07194
-7.06869
-7.06864
-7.0698
-7.0702
-7.07039
-7.06766
-7.06696
-7.06615
-7.06803
-7.07321
-7.08178
-7.09512
-7.11075
-7.12576
-7.14417
-7.15846
-7.17214
-7.18014
-7.18596
-7.18791
-7.18846
-7.18712
-7.18405
-7.18084
-7.17779
-7.1735
-7.16775
-7.16185
-7.15366
-7.1461
-7.13731
-7.12911
-7.12199
-7.11582
-7.11142
-7.10649
-7.10257
-7.10036
-7.09794
-7.09926
-7.10266
-7.10701
-7.1139
-7.12402
-7.13709
-7.14965
-7.16194
-7.17583
-7.18361
-7.19012
-7.19214
-7.1909
-7.18791
-7.18129
-7.17481
-7.16389
-7.15314
-7.14499
-7.13481
-7.12857
-7.12201
-7.1164
-7.11684
-7.1207
-7.12816
-7.13315
-7.13728
-7.14687
-7.15465
-7.16051
-7.17044
-7.17595
-7.17989
-7.176
-7.16885
-7.1577
-7.14668
-7.13623
-7.12337
-7.11556
-7.11579
-7.11534
-7.1202
-7.12673
-7.13658
-7.14198
-7.14799
-7.15153
-7.15405
-7.15373
-7.15168
-7.14946
-7.14707
-7.14572
-7.14805
-7.1451
-7.1445
-7.14283
-7.14197
-7.142
-7.14193
-7.14378
-7.1432
-7.1425
-7.1393
-7.13682
-7.13405
-7.12922
-7.12731
-7.12582
-7.12652
-7.1245
-7.12618
-7.12684
-7.12845
-7.1343
-7.13804
-7.14231
-7.14427
-7.14935
-7.15106
-7.15322
-7.15314
-7.15489
-7.15568
-7.15705
-7.16069
-7.16555
-7.17062
-7.17545
-7.18017
-7.1837
-7.1855
-7.18559
-7.18669
-7.18565
-7.18268
-7.1798
-7.17761
-7.17295
-7.16501
-7.15851
-7.14652
-7.13228
-7.11208
-7.09555
-7.07751
-7.05904
-7.04111
-7.02763
-7.02022
-7.02292
-7.03136
-7.04434
-7.06163
-7.08071
-7.10103
-7.1224
-7.14257
-7.1567
-7.16847
-7.17625
-7.18084
-7.17869
-7.17376
-7.16515
-7.15867
-7.15584
-7.1543
-7.15269
-7.15399
-7.15826
-7.16534
-7.17253
-7.1808
-7.18551
-7.18854
-7.1923
-7.19202
-7.18371
-7.17479
-7.16242
-7.14796
-7.13398
-7.12398
-7.11509
-7.10715
-7.10226
-7.10051
-7.10058
-7.10342
-7.10755
-7.11243
-7.11658
-7.12497
-7.13253
-7.14388
-7.15519
-7.16875
-7.17862
-7.18518
-7.19203
-7.19356
-7.19576
-7.19743
-7.19368
-7.18857
-7.18325
-7.1768
-7.17067
-7.16555
-7.15876
-7.15244
-7.14427
-7.13809
-7.13178
-7.12135
-7.1109
-7.10327
-7.09539
-7.08834
-7.08175
-7.07402
-7.06662
-7.06057
-7.05804
-7.0577
-7.06062
-7.06487
-7.07479
-7.08784
-7.10513
-7.12472
-7.14553
-7.16566
-7.18768
-7.20336
-7.21638
-7.22369
-7.22402
-7.21741
-7.20757
-7.19365
-7.18114
-7.17074
-7.16392
-7.16481
-7.16842
-7.17208
-7.18137
-7.19099
-7.19609
-7.19948
-7.20096
-7.19684
-7.18869
-7.17738
-7.15867
-7.14002
-7.12029
-7.10081
-7.08691
-7.07808
-7.07809
-7.07997
-7.08949
-7.10277
-7.11778
-7.12883
-7.13719
-7.141
-7.14451
-7.14444
-7.14047
-7.13623
-7.13012
-7.12987
-7.13077
-7.13081
-7.13065
-7.13006
-7.13107
-7.12962
-7.12743
-7.12892
-7.12869
-7.12623
-7.13022
-7.13404
-7.13761
-7.14149
-7.14438
-7.14748
-7.15213
-7.1572
-7.16169
-7.16568
-7.16706
-7.16662
-7.16545
-7.16399
-7.16344
-7.16038
-7.15661
-7.15445
-7.15218
-7.15036
-7.15033
-7.14813
-7.14581
-7.14339
-7.14146
-7.13903
-7.13766
-7.13588
-7.13345
-7.13612
-7.13641
-7.1372
-7.14024
-7.14699
-7.15409
-7.16302
-7.16927
-7.17443
-7.17634
-7.17444
-7.16996
-7.16323
-7.15333
-7.14164
-7.12901
-7.11919
-7.11062
-7.1062
-7.10523
-7.10721
-7.11142
-7.11725
-7.12471
-7.13414
-7.14426
-7.15226
-7.15827
-7.16319
-7.16781
-7.16992
-7.17214
-7.17247
-7.1704
-7.17113
-7.17439
-7.179
-7.18217
-7.18464
-7.18385
-7.18209
-7.17583
-7.16618
-7.15379
-7.14216
-7.13202
-7.12258
-7.11619
-7.11099
-7.1102
-7.10871
-7.11035
-7.11233
-7.11664
-7.12397
-7.13023
-7.13587
-7.13789
-7.14145
-7.14286
-7.14264
-7.14245
-7.14259
-7.1405
-7.13966
-7.14013
-7.14255
-7.14419
-7.14615
-7.14803
-7.14935
-7.14771
-7.14356
-7.1378
-7.13069
-7.12478
-7.11983
-7.11503
-7.11211
-7.1128
-7.11311
-7.11273
-7.11417
-7.11538
-7.11902
-7.12192
-7.12546
-7.13446
-7.1436
-7.15046
-7.15921
-7.16534
-7.16837
-7.17129
-7.17683
-7.18017
-7.18273
-7.18656
-7.18831
-7.18989
-7.19027
-7.18505
-7.18081
-7.17258
-7.16524
-7.15359
-7.14429
-7.13574
-7.12862
-7.12416
-7.12194
-7.12135
-7.12348
-7.13015
-7.13467
-7.14315
-7.14915
-7.15675
-7.16458
-7.1679
-7.16908
-7.16954
-7.16652
-7.16211
-7.1612
-7.15662
-7.15098
-7.14125
-7.13025
-7.1193
-7.11126
-7.10401
-7.09838
-7.0927
-7.08844
-7.08778
-7.08651
-7.08545
-7.08645
-7.08999
-7.09524
-7.09964
-7.10866
-7.11828
-7.12805
-7.14283
-7.15632
-7.17102
-7.18241
-7.1907
-7.19649
-7.19796
-7.19607
-7.18991
-7.18
-7.16822
-7.15485
-7.13937
-7.12636
-7.1154
-7.10828
-7.10617
-7.10756
-7.11089
-7.11624
-7.12439
-7.13205
-7.14169
-7.15067
-7.15812
-7.163
-7.16603
-7.16996
-7.17362
-7.17878
-7.18324
-7.18438
-7.18596
-7.18835
-7.19073
-7.19494
-7.20095
-7.21098
-7.22348
-7.23755
-7.25458
-7.27252
-7.29049
-7.30533
-7.31786
-7.32501
-7.3263
-7.3215
-7.31133
-7.29844
-7.28016
-7.26451
-7.25166
-7.24065
-7.23212
-7.22724
-7.22311
-7.22239
-7.22001
-7.21851
-7.21632
-7.21488
-7.21482
-7.21239
-7.21178
-7.20974
-7.20761
-7.20688
-7.20856
-7.21276
-7.21546
-7.21769
-7.22148
-7.22351
-7.22259
-7.22266
-7.22332
-7.21825
-7.21672
-7.21544
-7.21328
-7.21319
-7.21428
-7.21851
-7.22421
-7.2297
-7.23711
-7.24422
-7.25414
-7.26428
-7.27485
-7.28065
-7.28203
-7.28333
-7.27876
-7.27465
-7.26461
-7.25467
-7.24302
-7.22904
-7.21262
-7.19741
-7.18419
-7.17206
-7.16316
-7.15858
-7.1581
-7.16118
-7.16795
-7.1794
-7.18837
-7.19967
-7.21099
-7.22385
-7.23205
-7.23843
-7.24243
-7.24665
-7.25112
-7.24969
-7.24561
-7.24365
-7.24063
-7.2369
-7.2374
-7.23923
-7.24282
-7.24782
-7.25291
-7.25735
-7.26313
-7.26275
-7.26025
-7.25703
-7.2489
-7.23769
-7.22465
-7.21166
-7.19843
-7.18484
-7.1736
-7.16891
-7.1661
-7.16722
-7.17395
-7.1815
-7.18864
-7.19675
-7.20768
-7.21732
-7.22785
-7.2383
-7.2483
-7.25429
-7.25966
-7.26216
-7.2647
-7.26558
-7.26048
-7.25574
-7.25292
-7.24756
-7.24603
-7.24178
-7.23917
-7.23316
-7.22677
-7.2207
-7.21186
-7.20085
-7.19067
-7.18617
-7.18282
-7.18249
-7.18439
-7.18785
-7.19296
-7.20162
-7.20851
-7.21351
-7.21756
-7.22327
-7.22489
-7.2256
-7.22538
-7.22746
-7.22983
-7.23621
-7.24198
-7.24845
-7.25518
-7.25628
-7.25754
-7.25748
-7.25538
-7.25244
-7.24977
-7.24744
-7.24322
-7.23775
-7.23402
-7.22827
-7.22126
-7.21567
-7.21011
-7.20657
-7.20274
-7.19944
-7.19981
-7.20257
-7.20988
-7.22004
-7.23248
-7.24466
-7.25717
-7.26992
-7.2764
-7.27976
-7.27928
-7.27373
-7.26364
-7.24978
-7.23367
-7.21493
-7.19569
-7.18072
-7.16745
-7.16032
-7.15866
-7.16463
-7.17194
-7.1864
-7.20016
-7.2163
-7.22933
-7.24133
-7.25107
-7.25265
-7.25383
-7.25459
-7.25239
-7.24811
-7.24548
-7.23903
-7.23356
-7.22895
-7.22445
-7.22094
-7.22019
-7.21869
-7.22063
-7.2217
-7.22042
-7.22184
-7.22454
-7.22546
-7.22595
-7.22742
-7.22935
-7.22939
-7.2298
-7.22675
-7.22549
-7.22199
-7.22231
-7.22065
-7.21993
-7.21952
-7.21975
-7.22309
-7.22826
-7.23249
-7.23968
-7.24757
-7.25478
-7.25965
-7.26799
-7.27359
-7.27926
-7.28257
-7.28365
-7.28232
-7.2773
-7.27066
-7.25832
-7.24488
-7.22744
-7.2124
-7.19519
-7.17746
-7.16282
-7.15059
-7.14219
-7.13658
-7.13512
-7.13892
-7.14787
-7.15964
-7.17595
-7.19497
-7.21316
-7.23131
-7.24635
-7.25654
-7.26047
-7.26356
-7.25665
-7.24534
-7.23003
-7.21247
-7.19367
-7.17747
-7.1661
-7.15677
-7.15814
-7.15886
-7.16525
-7.1756
-7.19086
-7.20873
-7.22725
-7.24494
-7.26041
-7.27495
-7.28959
-7.30124
-7.30841
-7.31483
-7.31817
-7.31629
-7.30825
-7.29763
-7.28438
-7.26999
-7.25247
-7.23512
-7.2212
-7.20637
-7.19448
-7.18817
-7.1808
-7.17498
-7.17607
-7.17698
-7.18277
-7.18808
-7.19168
-7.19847
-7.2033
-7.20824
-7.2122
-7.21458
-7.21274
-7.21439
-7.2139
-7.21466
-7.21462
-7.21563
-7.2183
-7.22313
-7.23234
-7.24119
-7.25098
-7.26004
-7.26689
-7.27014
-7.26612
-7.26079
-7.2547
-7.24801
-7.24013
-7.23434
-7.22796
-7.22316
-7.2209
-7.21794
-7.21404
-7.21237
-7.20559
-7.19934
-7.19796
-7.19416
-7.19298
-7.19272
-7.19271
-7.19417
-7.1982
-7.20276
-7.20958
-7.21411
-7.22183
-7.23086
-7.24078
-7.25023
-7.25854
-7.26647
-7.27463
-7.28311
-7.29116
-7.2926
-7.29338
-7.29175
-7.28529
-7.27674
-7.26484
-7.25203
-7.24036
-7.22971
-7.22146
-7.21486
-7.20653
-7.19984
-7.1939
-7.19272
-7.19051
-7.18949
-7.19116
-7.19339
-7.19724
-7.20147
-7.20508
-7.20855
-7.21035
-7.20961
-7.21099
-7.2075
-7.20395
-7.19978
-7.19711
-7.19672
-7.1963
-7.19976
-7.20928
-7.21947
-7.22931
-7.24093
-7.25117
-7.26146
-7.26779
-7.26981
-7.26873
-7.26634
-7.2626
-7.25684
-7.25096
-7.24702
-7.24069
-7.23878
-7.23623
-7.23465
-7.23211
-7.22797
-7.22698
-7.21813
-7.21285
-7.20644
-7.20148
-7.19817
-7.19232
-7.18899
-7.19066
-7.19202
-7.19845
-7.20999
-7.22202
-7.2354
-7.24549
-7.25639
-7.26654
-7.274
-7.27659
-7.2742
-7.26683
-7.25714
-7.24369
-7.23213
-7.21978
-7.20591
-7.20045
-7.19692
-7.1983
-7.20344
-7.21168
-7.22055
-7.23149
-7.24246
-7.2526
-7.26192
-7.26477
-7.26632
-7.26311
-7.25768
-7.24927
-7.2373
-7.22538
-7.21035
-7.19412
-7.17864
-7.16648
-7.15586
-7.14898
-7.14636
-7.14658
-7.14947
-7.15409
-7.16073
-7.16955
-7.17733
-7.18888
-7.19779
-7.20769
-7.21667
-7.2272
-7.23544
-7.24831
-7.25835
-7.26805
-7.27437
-7.27695
-7.27698
-7.27077
-7.26398
-7.2539
-7.2414
-7.22882
-7.21523
-7.20264
-7.19074
-7.1879
-7.18638
-7.18797
-7.19326
-7.20254
-7.21366
-7.22556
-7.2351
-7.24365
-7.25109
-7.25618
-7.25937
-7.25897
-7.25696
-7.25162
-7.2454
-7.23807
-7.23145
-7.22504
-7.22139
-7.21787
-7.21711
-7.21605
-7.21929
-7.22261
-7.22821
-7.23201
-7.23732
-7.24316
-7.24442
-7.24183
-7.23795
-7.23169
-7.22045
-7.20917
-7.19881
-7.18615
-7.17939
-7.17838
-7.18131
-7.1889
-7.19917
-7.20909
-7.22036
-7.23207
-7.23765
-7.2442
-7.2469
-7.24741
-7.24667
-7.24051
-7.23605
-7.23108
-7.22932
-7.22684
-7.22449
-7.22352
-7.22137
-7.22041
-7.21813
-7.21806
-7.21911
-7.21779
-7.21706
-7.21539
-7.21231
-7.21081
-7.20832
-7.20467
-7.20242
-7.20095
-7.20018
-7.20303
-7.20662
-7.21234
-7.22096
-7.22848
-7.24021
-7.25029
-7.25786
-7.26324
-7.26618
-7.26366
-7.25951
-7.25647
-7.25285
-7.24778
-7.24596
-7.24427
-7.24377
-7.24503
-7.2455
-7.24467
-7.2421
-7.23826
-7.22988
-7.22585
-7.21997
-7.21299
-7.20478
-7.19826
-7.19118
-7.18743
-7.18685
-7.18705
-7.19216
-7.20113
-7.20979
-7.21834
-7.22854
-7.23868
-7.24683
-7.25094
-7.25525
-7.2557
-7.25671
-7.25245
-7.24762
-7.23996
-7.23219
-7.2233
-7.21276
-7.2017
-7.19442
-7.18951
-7.18791
-7.18602
-7.18812
-7.18801
-7.19231
-7.19923
-7.20561
-7.21036
-7.2161
-7.22357
-7.23213
-7.24065
-7.24811
-7.25664
-7.26124
-7.26605
-7.2686
-7.26779
-7.26787
-7.26546
-7.26315
-7.26037
-7.25502
-7.25017
-7.24554
-7.24234
-7.24037
-7.23768
-7.23578
-7.2361
-7.23587
-7.23581
-7.23542
-7.23548
-7.23391
-7.23578
-7.23326
-7.23177
-7.23101
-7.22908
-7.22647
-7.22316
-7.22123
-7.21985
-7.21849
-7.22164
-7.22351
-7.22736
-7.23097
-7.23652
-7.24069
-7.24295
-7.24514
-7.24288
-7.23905
-7.23515
-7.2305
-7.22231
-7.21501
-7.2092
-7.20247
-7.19739
-7.19303
-7.18854
-7.18519
-7.18231
-7.17998
-7.17752
-7.17428
-7.17349
-7.1747
-7.17589
-7.18219
-7.19343
-7.20691
-7.22003
-7.23524
-7.2484
-7.25871
-7.26632
-7.2702
-7.26785
-7.2625
-7.25299
-7.2403
-7.22566
-7.21466
-7.20367
-7.19966
-7.19836
-7.20264
-7.20972
-7.21903
-7.2306
-7.24168
-7.25646
-7.26943
-7.27949
-7.28702
-7.28906
-7.29171
-7.29028
-7.28805
-7.28226
-7.2731
-7.26485
-7.25418
-7.24216
-7.23022
-7.21917
-7.20874
-7.19785
-7.18905
-7.18031
-7.17555
-7.16971
-7.16945
-7.16803
-7.16975
-7.17346
-7.17948
-7.18465
-7.19166
-7.20195
-7.21091
-7.22075
-7.22931
-7.23733
-7.24155
-7.24302
-7.2452
-7.24364
-7.24285
-7.24316
-7.24311
-7.24474
-7.24469
-7.24539
-7.2444
-7.24114
-7.23814
-7.2346
-7.23102
-7.2295
-7.23189
-7.23465
-7.23807
-7.24095
-7.24259
-7.2411
-7.23605
-7.22678
-7.21795
-7.20671
-7.19533
-7.18225
-7.17016
-7.16275
-7.1597
-7.16134
-7.16912
-7.18082
-7.19492
-7.21422
-7.23362
-7.25116
-7.26855
-7.28434
-7.29635
-7.30387
-7.30623
-7.30509
-7.29861
-7.28893
-7.27493
-7.26093
-7.24952
-7.23975
-7.23276
-7.22685
-7.22148
-7.21654
-7.21356
-7.20981
-7.20424
-7.19973
-7.1946
-7.19049
-7.18925
-7.18888
-7.19173
-7.19489
-7.19984
-7.20813
-7.2173
-7.22637
-7.23635
-7.24776
-7.26037
-7.26673
-7.27083
-7.27274
-7.27064
-7.26421
-7.25517
-7.24496
-7.23545
-7.22392
-7.21509
-7.20761
-7.20239
-7.20196
-7.20341
-7.20622
-7.21067
-7.21477
-7.21989
-7.22306
-7.22666
-7.23089
-7.23207
-7.23309
-7.23074
-7.22779
-7.22563
-7.22327
-7.22129
-7.22063
-7.22042
-7.21853
-7.22058
-7.22353
-7.22573
-7.22884
-7.23368
-7.2383
-7.24215
-7.24564
-7.24662
-7.24471
-7.24015
-7.23479
-7.22846
-7.22341
-7.21652
-7.21366
-7.20765
-7.205
-7.20359
-7.20551
-7.20517
-7.20915
-7.21267
-7.21525
-7.21729
-7.21845
-7.22059
-7.22384
-7.22673
-7.22999
-7.23378
-7.23829
-7.24307
-7.24939
-7.25356
-7.25897
-7.26116
-7.26103
-7.25563
-7.24962
-7.238
-7.23213
-7.22529
-7.21766
-7.21524
-7.21262
-7.21281
-7.21492
-7.21607
-7.21636
-7.21828
-7.21999
-7.22042
-7.21966
-7.21947
-7.219
-7.21774
-7.21519
-7.21566
-7.21636
-7.2163
-7.21455
-7.213
-7.21451
-7.2165
-7.21445
-7.21583
-7.21803
-7.21986
-7.22137
-7.22297
-7.22308
-7.22266
-7.21926
-7.2196
-7.21989
-7.22518
-7.22895
-7.2341
-7.23941
-7.24553
-7.25211
-7.25384
-7.2559
-7.25923
-7.2579
-7.25419
-7.25215
-7.24877
-7.24385
-7.2432
-7.24264
-7.2418
-7.24108
-7.23817
-7.2344
-7.22938
-7.22245
-7.21531
-7.20514
-7.19547
-7.1892
-7.1823
-7.17787
-7.17698
-7.17945
-7.18527
-7.1908
-7.19596
-7.20276
-7.20869
-7.21927
-7.22897
-7.23836
-7.24699
-7.25286
-7.25857
-7.25939
-7.2623
-7.26128
-7.25973
-7.2553
-7.24834
-7.24081
-7.23172
-7.22158
-7.21045
-7.20195
-7.19657
-7.19388
-7.19366
-7.19625
-7.20176
-7.20958
-7.21776
-7.22559
-7.23425
-7.24004
-7.24515
-7.24808
-7.24799
-7.24669
-7.24306
-7.23583
-7.22949
-7.22245
-7.21606
-7.21011
-7.2019
-7.19526
-7.18828
-7.18314
-7.17768
-7.17536
-7.17547
-7.17813
-7.18291
-7.19267
-7.2025
-7.21336
-7.22473
-7.23858
-7.25008
-7.26068
-7.26935
-7.27494
-7.27627
-7.27411
-7.26947
-7.26271
-7.25177
-7.24418
-7.23357
-7.22696
-7.22164
-7.22228
-7.2235
-7.2274
-7.23169
-7.2344
-7.23678
-7.23778
-7.23518
-7.23598
-7.23113
-7.22235
-7.21418
-7.20433
-7.19357
-7.18314
-7.17399
-7.16756
-7.16348
-7.16409
-7.16615
-7.17397
-7.1837
-7.19833
-7.21312
-7.23041
-7.24832
-7.26737
-7.28358
-7.2954
-7.30542
-7.30628
-7.30104
-7.29311
-7.28081
-7.26768
-7.24753
-7.22955
-7.21258
-7.1983
-7.18681
-7.17652
-7.17283
-7.17104
-7.171
-7.17757
-7.18377
-7.19433
-7.20062
-7.21001
-7.21825
-7.22256
-7.22657
-7.229
-7.22586
-7.2221
-7.21943
-7.21671
-7.2139
-7.21159
-7.209
-7.20857
-7.20655
-7.20671
-7.2085
-7.20869
-7.21494
-7.2166
-7.22339
-7.23042
-7.2345
-7.23571
-7.23703
-7.23541
-7.23499
-7.2317
-7.22901
-7.22785
-7.22581
-7.22367
-7.22084
-7.21673
-7.21161
-7.2082
-7.20713
-7.20992
-7.21395
-7.22002
-7.22683
-7.2363
-7.24284
-7.24859
-7.25106
-7.24913
-7.24983
-7.24186
-7.23335
-7.22175
-7.21132
-7.20003
-7.19275
-7.18501
-7.18113
-7.17946
-7.17822
-7.17921
-7.18393
-7.18901
-7.19374
-7.19765
-7.20476
-7.21521
-7.2226
-7.23065
-7.2427
-7.25279
-7.2607
-7.26784
-7.27608
-7.28084
-7.28332
-7.28549
-7.28411
-7.27796
-7.2722
-7.26038
-7.24587
-7.23563
-7.23027
-7.22328
-7.22293
-7.22146
-7.2208
-7.22203
-7.22105
-7.22102
-7.21958
-7.21606
-7.21265
-7.20729
-7.19999
-7.19429
-7.19267
-7.19121
-7.19055
-7.19208
-7.19381
-7.1959
-7.1976
-7.19863
-7.20116
-7.19902
-7.19696
-7.19683
-7.19668
-7.19932
-7.20139
-7.20354
-7.20838
-7.21353
-7.21847
-7.22154
-7.22271
-7.22256
-7.22315
-7.22295
-7.22441
-7.22436
-7.2254
-7.22758
-7.23139
-7.23317
-7.23501
-7.24073
-7.24896
-7.25403
-7.26035
-7.26753
-7.27222
-7.27665
-7.27789
-7.27847
-7.27853
-7.27551
-7.26905
-7.26233
-7.25744
-7.24606
-7.2331
-7.22146
-7.2071
-7.19475
-7.18353
-7.17366
-7.16474
-7.15774
-7.15384
-7.14965
-7.14965
-7.14843
-7.14908
-7.15345
-7.15815
-7.16667
-7.17702
-7.18691
-7.19769
-7.20934
-7.21963
-7.22684
-7.23255
-7.23422
-7.2329
-7.23057
-7.22648
-7.2221
-7.21952
-7.21864
-7.21784
-7.22034
-7.22592
-7.23184
-7.23784
-7.24385
-7.24919
-7.25069
-7.24923
-7.24629
-7.24007
-7.23432
-7.22778
-7.22298
-7.21925
-7.2148
-7.21413
-7.21626
-7.21951
-7.22568
-7.23433
-7.24284
-7.25328
-7.26101
-7.26697
-7.2682
-7.26565
-7.2568
-7.24735
-7.23687
-7.22266
-7.20923
-7.1975
-7.18585
-7.1781
-7.17511
-7.1713
-7.17373
-7.17701
-7.18308
-7.18912
-7.19653
-7.20323
-7.21041
-7.21739
-7.22171
-7.2256
-7.22798
-7.23151
-7.23297
-7.23587
-7.2396
-7.2421
-7.24577
-7.24888
-7.25064
-7.25259
-7.25166
-7.25128
-7.25093
-7.24942
-7.24521
-7.2402
-7.23446
-7.22691
-7.21743
-7.20665
-7.19522
-7.1855
-7.17522
-7.1652
-7.1615
-7.16015
-7.16243
-7.17038
-7.18094
-7.19303
-7.20836
-7.22134
-7.2314
-7.24058
-7.24414
-7.24378
-7.24184
-7.23626
-7.23008
-7.22205
-7.21835
-7.21669
-7.21546
-7.21977
-7.22341
-7.22558
-7.22907
-7.23432
-7.23655
-7.23899
-7.23893
-7.24126
-7.24041
-7.24119
-7.24135
-7.23944
-7.23908
-7.23381
-7.23092
-7.22875
-7.2243
-7.22052
-7.21459
-7.20977
-7.20829
-7.20483
-7.20436
-7.20519
-7.20521
-7.20761
-7.20838
-7.20869
-7.20883
-7.20752
-7.20482
-7.20632
-7.20581
-7.20928
-7.21426
-7.22161
-7.23169
-7.24057
-7.24906
-7.25741
-7.26264
-7.26526
-7.26538
-7.26233
-7.25684
-7.24723
-7.2375
-7.22541
-7.21392
-7.20422
-7.19463
-7.18945
-7.18557
-7.18823
-7.19324
-7.2003
-7.20867
-7.21596
-7.21722
-7.21647
-7.21294
-7.20679
-7.19907
-7.18632
-7.17586
-7.16908
-7.16451
-7.16286
-7.16564
-7.17488
-7.18731
-7.20127
-7.21492
-7.22734
-7.23978
-7.2511
-7.25828
-7.26325
-7.26775
-7.26982
-7.26772
-7.26581
-7.26291
-7.25681
-7.25072
-7.2417
-7.23319
-7.22616
-7.21958
-7.21785
-7.21607
-7.21926
-7.22207
-7.22781
-7.2315
-7.23349
-7.23538
-7.23554
-7.23341
-7.23021
-7.22581
-7.22208
-7.21822
-7.2164
-7.21204
-7.2075
-7.20295
-7.20241
-7.20108
-7.20291
-7.20537
-7.20947
-7.21521
-7.21839
-7.2206
-7.22441
-7.22803
-7.23176
-7.23271
-7.23694
-7.23897
-7.2447
-7.24822
-7.25155
-7.25278
-7.25336
-7.24706
-7.24017
-7.22986
-7.2185
-7.20744
-7.19407
-7.1814
-7.16976
-7.16247
-7.15872
-7.15672
-7.15953
-7.16353
-7.17072
-7.17792
-7.18547
-7.19411
-7.20182
-7.20836
-7.2139
-7.21976
-7.22832
-7.23078
-7.23577
-7.24019
-7.24981
-7.25601
-7.26124
-7.26364
-7.26262
-7.26322
-7.25939
-7.25516
-7.24803
-7.23741
-7.22618
-7.21673
-7.2107
-7.20812
-7.20723
-7.20937
-7.21247
-7.217
-7.22183
-7.2271
-7.23191
-7.23564
-7.24027
-7.24209
-7.24102
-7.23927
-7.23577
-7.23252
-7.22883
-7.22536
-7.22258
-7.2214
-7.22068
-7.21958
-7.21993
-7.2194
-7.22012
-7.22042
-7.21962
-7.21742
-7.21253
-7.21005
-7.20851
-7.20514
-7.20066
-7.19805
-7.19515
-7.19396
-7.19116
-7.1927
-7.1948
-7.19923
-7.20309
-7.21025
-7.21831
-7.2266
-7.22984
-7.23302
-7.23094
-7.2298
-7.22567
-7.22236
-7.21829
-7.21772
-7.22034
-7.22297
-7.22777
-7.2342
-7.23986
-7.24433
-7.24582
-7.25053
-7.25341
-7.25371
-7.25776
-7.25999
-7.26111
-7.26103
-7.26023
-7.25447
-7.24845
-7.24162
-7.2314
-7.22237
-7.2114
-7.20093
-7.18942
-7.18028
-7.17148
-7.16594
-7.16166
-7.16244
-7.16541
-7.17295
-7.18413
-7.19692
-7.21346
-7.22951
-7.24373
-7.2555
-7.26227
-7.26548
-7.2621
-7.25729
-7.24949
-7.23929
-7.2287
-7.21913
-7.20929
-7.20092
-7.19937
-7.1965
-7.19679
-7.19993
-7.20212
-7.20696
-7.21454
-7.21957
-7.22561
-7.23045
-7.23382
-7.23442
-7.23667
-7.23918
-7.23425
-7.22705
-7.21989
-7.21029
-7.19991
-7.19246
-7.18576
-7.18347
-7.18241
-7.18639
-7.19341
-7.2008
-7.20936
-7.21781
-7.22646
-7.23088
-7.23617
-7.23822
-7.23959
-7.23946
-7.23723
-7.23715
-7.23627
-7.23674
-7.23932
-7.24231
-7.24591
-7.24969
-7.25332
-7.25287
-7.25445
-7.25385
-7.25293
-7.24759
-7.24109
-7.23332
-7.22683
-7.2202
-7.2162
-7.21231
-7.20951
-7.20956
-7.21083
-7.21758
-7.22182
-7.22608
-7.23011
-7.23331
-7.23671
-7.2344
-7.22789
-7.2189
-7.20702
-7.19444
-7.18312
-7.17304
-7.17014
-7.16999
-7.17202
-7.17972
-7.19556
-7.2145
-7.23509
-7.25437
-7.26935
-7.28061
-7.2872
-7.29199
-7.29021
-7.28355
-7.27366
-7.26137
-7.24827
-7.23359
-7.21748
-7.20534
-7.19463
-7.18979
-7.18845
-7.19083
-7.1981
-7.20844
-7.22256
-7.23904
-7.25177
-7.26049
-7.26605
-7.2656
-7.2619
-7.25577
-7.24727
-7.23781
-7.22719
-7.21671
-7.20855
-7.19829
-7.18791
-7.18128
-7.17808
-7.17757
-7.18018
-7.18328
-7.18689
-7.19374
-7.20059
-7.20509
-7.21115
-7.21261
-7.21553
-7.21587
-7.21764
-7.22045
-7.22192
-7.22476
-7.23277
-7.24045
-7.24805
-7.25528
-7.25971
-7.26496
-7.26631
-7.26869
-7.26437
-7.25825
-7.24793
-7.23692
-7.22606
-7.21565
-7.20493
-7.19953
-7.19525
-7.19584
-7.1975
-7.20142
-7.20491
-7.20991
-7.21502
-7.2187
-7.22441
-7.22942
-7.23125
-7.2326
-7.23484
-7.23365
-7.23003
-7.2246
-7.2205
-7.21516
-7.21185
-7.20879
-7.20752
-7.21126
-7.21232
-7.21334
-7.21663
-7.22164
-7.22558
-7.22891
-7.23112
-7.23327
-7.23703
-7.23724
-7.23808
-7.23705
-7.23469
-7.22909
-7.22246
-7.21203
-7.20563
-7.19908
-7.19377
-7.19287
-7.19227
-7.19127
-7.1971
-7.2017
-7.21273
-7.22572
-7.23978
-7.25447
-7.26747
-7.2799
-7.2903
-7.29765
-7.30019
-7.29841
-7.29231
-7.27902
-7.2656
-7.24945
-7.23248
-7.21407
-7.19866
-7.19003
-7.18523
-7.18587
-7.18917
-7.19768
-7.20722
-7.21678
-7.22484
-7.23127
-7.23438
-7.23722
-7.23575
-7.2297
-7.21877
-7.20779
-7.19474
-7.18053
-7.16659
-7.15706
-7.15168
-7.14851
-7.15244
-7.16442
-7.17789
-7.19575
-7.21582
-7.23234
-7.24951
-7.25811
-7.26211
-7.26385
-7.26069
-7.25288
-7.24415
-7.2349
-7.22571
-7.21785
-7.21004
-7.20079
-7.19399
-7.19051
-7.18806
-7.18575
-7.18491
-7.18793
-7.1907
-7.19228
-7.19719
-7.20471
-7.21343
-7.22208
-7.23225
-7.24117
-7.24984
-7.25513
-7.25912
-7.26182
-7.26276
-7.26397
-7.2624
-7.25732
-7.25148
-7.24473
-7.23754
-7.22951
-7.21963
-7.20929
-7.19902
-7.1904
-7.1828
-7.17763
-7.1782
-7.18109
-7.18854
-7.19863
-7.20966
-7.22226
-7.23359
-7.24458
-7.25088
-7.2568
-7.25746
-7.25397
-7.24646
-7.23824
-7.23046
-7.21944
-7.20528
-7.19659
-7.18944
-7.1863
-7.18838
-7.19272
-7.19933
-7.21073
-7.21962
-7.22623
-7.23566
-7.23698
-7.2382
-7.23512
-7.23326
-7.22719
-7.21984
-7.21569
-7.20949
-7.20542
-7.20548
-7.20644
-7.20902
-7.21191
-7.22128
-7.23023
-7.23901
-7.24759
-7.25245
-7.25641
-7.25733
-7.25582
-7.25413
-7.2513
-7.24455
-7.24111
-7.2383
-7.23827
-7.23445
-7.23157
-7.2289
-7.22303
-7.21475
-7.20462
-7.19457
-7.17882
-7.16706
-7.15643
-7.151
-7.14801
-7.15168
-7.15687
-7.16647
-7.17893
-7.19233
-7.20641
-7.21974
-7.23365
-7.24828
-7.25928
-7.26751
-7.27475
-7.27929
-7.27727
-7.27447
-7.26829
-7.25817
-7.24879
-7.23758
-7.22967
-7.22313
-7.22005
-7.21843
-7.21934
-7.22163
-7.22393
-7.22339
-7.22777
-7.22763
-7.22563
-7.22086
-7.21752
-7.21682
-7.21435
-7.21031
-7.20731
-7.2059
-7.20587
-7.20377
-7.20394
-7.20302
-7.20284
-7.19989
-7.1973
-7.19734
-7.19719
-7.19783
-7.20205
-7.20559
-7.21142
-7.21615
-7.22144
-7.22673
-7.23255
-7.23396
