 2892 2587
 2892 2707
 2892 2801
 2892 2899
 2892 3031
 2892 3097
 2892 3229
 2892 3329
 2892 3455
 2892 3571
 2892 3659
 2892 3781
 2892 3925
 2892 4021
 2892 4075
 2893   63
 2893  195
 2893  303
 2893  399
 2893  531
 2893  651
 2893  801
 2893  973
 2893 1131
 2893 1219
 2893 1323
 2893 1429
 2893 1585
 2893 1695
 2893 1819
 2893 1879
 2893 2025
 2893 2139
 2893 2269
 2893 2419
 2893 2523
 2893 2583
 2893 2731
 2893 2851
 2893 2935
 2893 3079
 2893 3163
 2893 3273
 2893 3453
 2893 3595
 2893 3723
 2893 3901
 2893 4033
 2894   59
 2894  155
 2894  335
 2894  479
 2894  605
 2894  695
 2894  857
 2894 1023
 2894 1095
 2894 1205
 2894 1379
 2894 1497
 2894 1559
 2894 1697
 2894 1809
 2894 1913
 2894 2003
 2894 2165
 2894 2283
 2894 2399
 2894 2505
 2894 2645
 2894 2759
 2894 2903
 2894 3053
 2894 3209
 2894 3267
 2894 3393
 2894 3485
 2894 3575
 2894 3657
 2894 3765
 2894 3885
 2894 3969
 2894 4059
 2895   89
 2895  181
 2895  307
 2895  403
 2895  559
 2895  677
 2895  803
 2895  919
 2895 1051
 2895 1159
 2895 1243
 2895 1349
 2895 1463
 2895 1567
 2895 1651
 2895 1819
 2895 1957
 2895 2041
 2895 2161
 2895 2251
 2895 2407
 2895 2569
 2895 2707
 2895 2777
 2895 2869
 2895 3049
 2895 3173
 2895 3277
 2895 3379
 2895 3487
 2895 3623
 2895 3697
 2895 3773
 2895 3907
 2895 4003
 2896   33
 2896  207
 2896  277
 2896  423
 2896  565
 2896  697
 2896  865
 2896 1015
 2896 1105
 2896 1197
 2892 2605
 2892 2719
 2892 2819
 2892 2905
 2892 3041
 2892 3109
 2892 3235
 2892 3349
 2892 3461
 2892 3599
 2892 3665
 2892 3785
 2892 3935
 2892 4027
 2892 4081
 2893   73
 2893  205
 2893  321
 2893  405
 2893  541
 2893  661
 2893  813
 2893 1003
 2893 1149
 2893 1225
 2893 1333
 2893 1435
 2893 1591
 2893 1719
 2893 1821
 2893 1885
 2893 2031
 2893 2163
 2893 2289
 2893 2421
 2893 2535
 2893 2599
 2893 2745
 2893 2863
 2893 2989
 2893 3081
 2893 3189
 2893 3285
 2893 3475
 2893 3601
 2893 3735
 2893 3921
 2893 4045
 2894   63
 2894  167
 2894  339
 2894  503
 2894  609
 2894  699
 2894  867
 2894 1029
 2894 1113
 2894 1209
 2894 1389
 2894 1505
 2894 1563
 2894 1707
 2894 1829
 2894 1919
 2894 2015
 2894 2169
 2894 2289
 2894 2415
 2894 2519
 2894 2649
 2894 2805
 2894 2907
 2894 3059
 2894 3213
 2894 3269
 2894 3405
 2894 3503
 2894 3585
 2894 3669
 2894 3767
 2894 3887
 2894 3977
 2894 4065
 2895   97
 2895  191
 2895  323
 2895  439
 2895  613
 2895  679
 2895  809
 2895  931
 2895 1069
 2895 1163
 2895 1247
 2895 1373
 2895 1507
 2895 1573
 2895 1663
 2895 1831
 2895 1969
 2895 2059
 2895 2167
 2895 2287
 2895 2459
 2895 2573
 2895 2717
 2895 2779
 2895 2891
 2895 3053
 2895 3179
 2895 3287
 2895 3383
 2895 3491
 2895 3637
 2895 3707
 2895 3781
 2895 3929
 2895 4033
 2896   61
 2896  213
 2896  291
 2896  453
 2896  595
 2896  745
 2896  895
 2896 1021
 2896 1107
 2896 1221
 2892 2609
 2892 2725
 2892 2837
 2892 2921
 2892 3047
 2892 3119
 2892 3241
 2892 3389
 2892 3475
 2892 3605
 2892 3677
 2892 3805
 2892 3937
 2892 4039
 2892 4091
 2893   81
 2893  219
 2893  333
 2893  421
 2893  555
 2893  679
 2893  829
 2893 1011
 2893 1171
 2893 1233
 2893 1339
 2893 1453
 2893 1621
 2893 1723
 2893 1831
 2893 1893
 2893 2059
 2893 2181
 2893 2323
 2893 2433
 2893 2545
 2893 2611
 2893 2785
 2893 2881
 2893 2991
 2893 3103
 2893 3193
 2893 3291
 2893 3489
 2893 3639
 2893 3801
 2893 3931
 2893 4063
 2894   65
 2894  177
 2894  345
 2894  507
 2894  615
 2894  705
 2894  885
 2894 1049
 2894 1137
 2894 1287
 2894 1395
 2894 1515
 2894 1575
 2894 1725
 2894 1839
 2894 1923
 2894 2045
 2894 2175
 2894 2315
 2894 2439
 2894 2535
 2894 2655
 2894 2817
 2894 2939
 2894 3075
 2894 3215
 2894 3275
 2894 3419
 2894 3507
 2894 3597
 2894 3675
 2894 3789
 2894 3927
 2894 3993
 2894 4083
 2895  103
 2895  211
 2895  347
 2895  457
 2895  623
 2895  709
 2895  827
 2895  973
 2895 1097
 2895 1181
 2895 1259
 2895 1387
 2895 1513
 2895 1583
 2895 1679
 2895 1871
 2895 1973
 2895 2069
 2895 2177
 2895 2303
 2895 2477
 2895 2597
 2895 2723
 2895 2783
 2895 2917
 2895 3073
 2895 3187
 2895 3299
 2895 3407
 2895 3493
 2895 3649
 2895 3719
 2895 3791
 2895 3953
 2895 4039
 2896   67
 2896  217
 2896  297
 2896  477
 2896  607
 2896  775
 2896  903
 2896 1023
 2896 1117
 2896 1233
